,Date,RegionName,HomesSoldAsForeclosuresRatio_AllHomes,InventorySeasonallyAdjusted_AllHomes,InventoryRaw_AllHomes,MedianListingPricePerSqft_1Bedroom,MedianListingPricePerSqft_2Bedroom,MedianListingPricePerSqft_3Bedroom,MedianListingPricePerSqft_4Bedroom,MedianListingPricePerSqft_5BedroomOrMore,MedianListingPricePerSqft_AllHomes,MedianListingPricePerSqft_CondoCoop,MedianListingPricePerSqft_DuplexTriplex,MedianListingPricePerSqft_SingleFamilyResidence,MedianListingPrice_1Bedroom,MedianListingPrice_2Bedroom,MedianListingPrice_3Bedroom,MedianListingPrice_4Bedroom,MedianListingPrice_5BedroomOrMore,MedianListingPrice_AllHomes,MedianListingPrice_CondoCoop,MedianListingPrice_DuplexTriplex,MedianListingPrice_SingleFamilyResidence,MedianPctOfPriceReduction_AllHomes,MedianPctOfPriceReduction_CondoCoop,MedianPctOfPriceReduction_SingleFamilyResidence,MedianPriceCutDollar_AllHomes,MedianPriceCutDollar_CondoCoop,MedianPriceCutDollar_SingleFamilyResidence,MedianRentalPricePerSqft_1Bedroom,MedianRentalPricePerSqft_2Bedroom,MedianRentalPricePerSqft_3Bedroom,MedianRentalPricePerSqft_4Bedroom,MedianRentalPricePerSqft_5BedroomOrMore,MedianRentalPricePerSqft_AllHomes,MedianRentalPricePerSqft_CondoCoop,MedianRentalPricePerSqft_DuplexTriplex,MedianRentalPricePerSqft_MultiFamilyResidence5PlusUnits,MedianRentalPricePerSqft_SingleFamilyResidence,MedianRentalPricePerSqft_Studio,MedianRentalPrice_1Bedroom,MedianRentalPrice_2Bedroom,MedianRentalPrice_3Bedroom,MedianRentalPrice_4Bedroom,MedianRentalPrice_5BedroomOrMore,MedianRentalPrice_AllHomes,MedianRentalPrice_CondoCoop,MedianRentalPrice_DuplexTriplex,MedianRentalPrice_MultiFamilyResidence5PlusUnits,MedianRentalPrice_SingleFamilyResidence,MedianRentalPrice_Studio,MedianSoldPricePerSqft_AllHomes,MedianSoldPricePerSqft_CondoCoop,MedianSoldPricePerSqft_SingleFamilyResidence,MedianSoldPrice_AllHomes,ZHVIPerSqft_AllHomes,PctOfHomesDecreasingInValues_AllHomes,PctOfHomesIncreasingInValues_AllHomes,PctOfHomesSellingForGain_AllHomes,PctOfHomesSellingForLoss_AllHomes,PctOfListingsWithPriceReductionsSeasAdj_AllHomes,PctOfListingsWithPriceReductionsSeasAdj_CondoCoop,PctOfListingsWithPriceReductionsSeasAdj_SingleFamilyResidence,PctOfListingsWithPriceReductions_AllHomes,PctOfListingsWithPriceReductions_CondoCoop,PctOfListingsWithPriceReductions_SingleFamilyResidence,PctTransactionsThatArePreviouslyForeclosuredHomes_AllHomes,PriceToRentRatio_AllHomes,Turnover_AllHomes,ZHVI_1bedroom,ZHVI_2bedroom,ZHVI_3bedroom,ZHVI_4bedroom,ZHVI_5BedroomOrMore,ZHVI_AllHomes,ZHVI_BottomTier,ZHVI_CondoCoop,ZHVI_MiddleTier,ZHVI_SingleFamilyResidence,ZHVI_TopTier,ZRI_AllHomes,ZRI_AllHomesPlusMultifamily,ZriPerSqft_AllHomes,Zri_MultiFamilyResidenceRental,Zri_SingleFamilyResidenceRental,Unique_City_ID,City,County,State
79151,1996-04-30,atwatermercedca,,,,,,,,,,,,,,,,,,,,,,,,,,,,,,,,,,,,,,,,,,,,,,,,,,68.1558,,68.1558,85000.0,,,,,,,,,,,,,,,,,88900.0,111200.0,149300.0,92100.0,,,92100.0,92500.0,137000.0,,,,,,atwatermercedca,Atwater,Merced,CA
79152,1996-05-31,atwatermercedca,,,,,,,,,,,,,,,,,,,,,,,,,,,,,,,,,,,,,,,,,,,,,,,,,,67.2405,,67.2405,85750.0,,,,,,,,,,,,,,,,,88500.0,108700.0,142800.0,91300.0,,,91300.0,91900.0,133900.0,,,,,,atwatermercedca,Atwater,Merced,CA
79153,1996-06-30,atwatermercedca,,,,,,,,,,,,,,,,,,,,,,,,,,,,,,,,,,,,,,,,,,,,,,,,,,67.907,,67.907,91775.0,,,,,,,,,,,,,,,,,88700.0,107800.0,142300.0,91700.0,,,91700.0,92000.0,132900.0,,,,,,atwatermercedca,Atwater,Merced,CA
79154,1996-07-31,atwatermercedca,,,,,,,,,,,,,,,,,,,,,,,,,,,,,,,,,,,,,,,,,,,,,,,,,,64.3575,,64.3575,93850.0,,,,,,,,,,,,,,,,,89100.0,108100.0,141100.0,92400.0,,,92400.0,92600.0,132500.0,,,,,,atwatermercedca,Atwater,Merced,CA
79155,1996-08-31,atwatermercedca,,,,,,,,,,,,,,,,,,,,,,,,,,,,,,,,,,,,,,,,,,,,,,,,,,65.8573,,65.8573,100850.0,,,,,,,,,,,,,,,,,89300.0,108600.0,139700.0,92600.0,,,92600.0,92900.0,132400.0,,,,,,atwatermercedca,Atwater,Merced,CA
79156,1996-09-30,atwatermercedca,,,,,,,,,,,,,,,,,,,,,,,,,,,,,,,,,,,,,,,,,,,,,,,,,,68.9055,,68.9055,98475.0,,,,,,,,,,,,,,,,,89300.0,109100.0,143000.0,92600.0,,,92600.0,93000.0,134400.0,,,,,,atwatermercedca,Atwater,Merced,CA
79157,1996-10-31,atwatermercedca,,,,,,,,,,,,,,,,,,,,,,,,,,,,,,,,,,,,,,,,,,,,,,,,,,65.7646,,65.7646,93950.0,,,,,,,,,,,,,,,,,89600.0,109000.0,147400.0,92900.0,,,92900.0,93000.0,137000.0,,,,,,atwatermercedca,Atwater,Merced,CA
79158,1996-11-30,atwatermercedca,,,,,,,,,,,,,,,,,,,,,,,,,,,,,,,,,,,,,,,,,,,,,,,,,,66.3851,,66.3851,89350.0,,,,,,,,,,,,,,,,,90000.0,108800.0,149600.0,93100.0,,,93100.0,93300.0,138500.0,,,,,,atwatermercedca,Atwater,Merced,CA
79159,1996-12-31,atwatermercedca,,,,,,,,,,,,,,,,,,,,,,,,,,,,,,,,,,,,,,,,,,,,,,,,,,66.9889,,66.9889,91125.0,,,,,,,,,,,,,,,,,90400.0,109400.0,151300.0,93400.0,,,93400.0,93800.0,140100.0,,,,,,atwatermercedca,Atwater,Merced,CA
79160,1997-01-31,atwatermercedca,,,,,,,,,,,,,,,,,,,,,,,,,,,,,,,,,,,,,,,,,,,,,,,,,,65.5766,,65.5766,91525.0,,,,,,,,,,,,,,,,,90500.0,110200.0,150700.0,93800.0,,,93800.0,94100.0,141400.0,,,,,,atwatermercedca,Atwater,Merced,CA
79161,1997-02-28,atwatermercedca,,,,,,,,,,,,,,,,,,,,,,,,,,,,,,,,,,,,,,,,,,,,,,,,,,63.827,,63.827,91450.0,,42.06,47.77,,,,,,,,,,,,,,90300.0,110800.0,149200.0,93900.0,,,93900.0,94200.0,142200.0,,,,,,atwatermercedca,Atwater,Merced,CA
79162,1997-03-31,atwatermercedca,,,,,,,,,,,,,,,,,,,,,,,,,,,,,,,,,,,,,,,,,,,,,,,,,,60.5083,,60.5083,89750.0,,58.19,33.4,,,,,,,,,,,,,,90000.0,111700.0,151300.0,94100.0,,,94100.0,94400.0,144100.0,,,,,,atwatermercedca,Atwater,Merced,CA
79163,1997-04-30,atwatermercedca,,,,,,,,,,,,,,,,,,,,,,,,,,,,,,,,,,,,,,,,,,,,,,,,,,60.8493,,60.8493,86125.0,,20.78,69.16,,,,,,,,,,,,,,89600.0,112400.0,154500.0,94200.0,,,94200.0,94400.0,147200.0,,,,,,atwatermercedca,Atwater,Merced,CA
79164,1997-05-31,atwatermercedca,,,,,,,,,,,,,,,,,,,,,,,,,,,,,,,,,,,,,,,,,,,,,,,,,,63.0773,,63.1669,84075.0,,44.58,46.49,,,,,,,,,,,,,,89100.0,112500.0,155900.0,93800.0,,,93800.0,93900.0,149200.0,,,,,,atwatermercedca,Atwater,Merced,CA
79165,1997-06-30,atwatermercedca,,,,,,,,,,,,,,,,,,,,,,,,,,,,,,,,,,,,,,,,,,,,,,,,,,61.1519,,61.2146,82675.0,,53.4,38.7,,,,,,,,,,,,,,88900.0,112000.0,155700.0,93300.0,,,93300.0,93700.0,150000.0,,,,,,atwatermercedca,Atwater,Merced,CA
79166,1997-07-31,atwatermercedca,,,,,,,,,,,,,,,,,,,,,,,,,,,,,,,,,,,,,,,,,,,,,,,,,,62.6122,,62.6391,86225.0,,60.04,33.78,,,,,,,,,,,,,,88900.0,111800.0,156100.0,93200.0,,,93200.0,93700.0,151000.0,,,,,,atwatermercedca,Atwater,Merced,CA
79167,1997-08-31,atwatermercedca,,,,,,,,,,,,,,,,,,,,,,,,,,,,,,,,,,,,,,,,,,,,,,,,,,63.8982,,63.8982,86800.0,,43.79,48.06,,,,,,,,,,,,,,89000.0,112400.0,157700.0,93600.0,,,93600.0,94000.0,152400.0,,,,,,atwatermercedca,Atwater,Merced,CA
79168,1997-09-30,atwatermercedca,,,,,,,,,,,,,,,,,,,,,,,,,,,,,,,,,,,,,,,,,,,,,,,,,,65.406,,65.406,89350.0,,62.18,32.39,,,,,,,,,,,,,,89200.0,113600.0,158600.0,94500.0,,,94500.0,94800.0,153100.0,,,,,,atwatermercedca,Atwater,Merced,CA
79169,1997-10-31,atwatermercedca,,,,,,,,,,,,,,,,,,,,,,,,,,,,,,,,,,,,,,,,,,,,,,,,,,68.2657,,68.2657,97925.0,,34.79,54.37,,,,,,,,,,,,,,89600.0,114400.0,157900.0,95600.0,,,95600.0,95900.0,152400.0,,,,,,atwatermercedca,Atwater,Merced,CA
79170,1997-11-30,atwatermercedca,,,,,,,,,,,,,,,,,,,,,,,,,,,,,,,,,,,,,,,,,,,,,,,,,,64.6746,,64.6746,89325.0,,54.3,34.21,,,,,,,,,,,,,,89900.0,114800.0,156200.0,95900.0,,,95900.0,96200.0,151300.0,,,,,,atwatermercedca,Atwater,Merced,CA
79171,1997-12-31,atwatermercedca,,,,,,,,,,,,,,,,,,,,,,,,,,,,,,,,,,,,,,,,,,,,,,,,,,66.2284,,66.2284,90350.0,,42.58,47.44,,,,,,,,,,,,,,90200.0,115000.0,154400.0,96100.0,,,96100.0,96300.0,150100.0,,,,,,atwatermercedca,Atwater,Merced,CA
79172,1998-01-31,atwatermercedca,7.7299,,,,,,,,,,,,,,,,,,,,,,,,,,,,,,,,,,,,,,,,,,,,,,,,,71.3436,,71.3436,101800.0,,37.91,52.55,,,,,,,,,9.1331,,5.3649,,,91000.0,114900.0,150500.0,96600.0,,,96600.0,96800.0,148200.0,,,,,,atwatermercedca,Atwater,Merced,CA
79173,1998-02-28,atwatermercedca,7.5404,,,,,,,,,,,,,,,,,,,,,,,,,,,,,,,,,,,,,,,,,,,,,,,,,72.7599,,72.7599,105900.0,,35.72,55.22,,,,,,,,,4.4677,,5.4392,,,91900.0,115200.0,149400.0,97200.0,,,97200.0,97400.0,147700.0,,,,,,atwatermercedca,Atwater,Merced,CA
79174,1998-03-31,atwatermercedca,7.2808,,,,,,,,,,,,,,,,,,,,,,,,,,,,,,,,,,,,,,,,,,,,,,,,,68.9723,,68.9723,100575.0,,18.26,73.66,,,,,,,,,10.4285,,5.4392,,,92300.0,116200.0,152200.0,97500.0,,,97500.0,97600.0,148400.0,,,,,,atwatermercedca,Atwater,Merced,CA
79175,1998-04-30,atwatermercedca,5.3098,,,,,,,,,,,,,,,,,,,,,,,,,,,,,,,,,,,,,,,,,,,,,,,,,63.3444,,63.3444,97100.0,,39.21,49.09,,,,,,,,,13.3928,,5.4392,,,93300.0,117000.0,158400.0,98800.0,,,98800.0,98800.0,151600.0,,,,,,atwatermercedca,Atwater,Merced,CA
79176,1998-05-31,atwatermercedca,5.7387,,,,,,,,,,,,,,,,,,,,,,,,,,,,,,,,,,,,,,,,,,,,,,,,,65.2647,,65.2647,98125.0,,,,,,,,,,,,13.2341,,5.2658,,,,,,,,,,,,,,,,,atwatermercedca,Atwater,Merced,CA
79177,1998-06-30,atwatermercedca,6.2763,,,,,,,,,,,,,,,,,,,,,,,,,,,,,,,,,,,,,,,,,,,,,,,,,69.7883,,69.7883,97550.0,,,,,,,,,,,,14.3651,,5.178999999999999,,,,,,,,,,,,,,,,,atwatermercedca,Atwater,Merced,CA
79178,1998-07-31,atwatermercedca,3.3579,,,,,,,,,,,,,,,,,,,,,,,,,,,,,,,,,,,,,,,,,,,,,,,,,66.4908,,66.4908,93600.0,,22.57,72.21,,,,,,,,,13.9516,,5.0551,,,95000.0,117300.0,162800.0,100300.0,,,100300.0,100500.0,155200.0,,,,,,atwatermercedca,Atwater,Merced,CA
79179,1998-08-31,atwatermercedca,2.2977,,,,,,,,,,,,,,,,,,,,,,,,,,,,,,,,,,,,,,,,,,,,,,,,,67.3508,,67.3508,96900.0,,31.18,63.22,,,,,,,,,8.7403,,4.8197,,,95700.0,117400.0,164400.0,100800.0,,,100800.0,101200.0,156500.0,,,,,,atwatermercedca,Atwater,Merced,CA
79180,1998-09-30,atwatermercedca,2.8934,,,,,,,,,,,,,,,,,,,,,,,,,,,,,,,,,,,,,,,,,,,,,,,,,64.1116,,64.1116,96450.0,,27.93,65.32,,,,,,,,,9.8991,,4.7702,,,95300.0,116700.0,163400.0,100200.0,,,100200.0,100700.0,154700.0,,,,,,atwatermercedca,Atwater,Merced,CA
79181,1998-10-31,atwatermercedca,3.1883,,,,,,,,,,,,,,,,,,,,,,,,,,,,,,,,,,,,,,,,,,,,,,,,,65.2413,,65.2413,100875.0,,25.85,67.16,,,,,,,,,14.8624,,4.5843,,,95300.0,115700.0,162700.0,100200.0,,,100200.0,100500.0,153800.0,,,,,,atwatermercedca,Atwater,Merced,CA
79182,1998-11-30,atwatermercedca,9.3246,,,,,,,,,,,,,,,,,,,,,,,,,,,,,,,,,,,,,,,,,,,,,,,,,67.0257,,67.0257,105925.0,,24.9,67.83,,,,,,,,,23.0435,,4.5595,,,95300.0,115100.0,159800.0,100200.0,,,100200.0,100200.0,152200.0,,,,,,atwatermercedca,Atwater,Merced,CA
79183,1998-12-31,atwatermercedca,8.4224,,,,,,,,,,,,,,,,,,,,,,,,,,,,,,,,,,,,,,,,,,,,,,,,,71.8073,,71.8073,108750.0,,34.06,56.86,,,,,,,,,12.8846,,4.6587,,,95300.0,114700.0,157500.0,100100.0,,,100100.0,100100.0,151200.0,,,,,,atwatermercedca,Atwater,Merced,CA
79184,1999-01-31,atwatermercedca,6.1438,,,,,,,,,,,,,,,,,,,,,,,,,,,,,,,,,,,,,,,,,,,,,,,,,71.4085,,71.4085,98400.0,,36.6,53.51,,,,,,,,,8.9732,,4.7826,,,95400.0,114500.0,158000.0,100100.0,,,100100.0,100100.0,151600.0,,,,,,atwatermercedca,Atwater,Merced,CA
79185,1999-02-28,atwatermercedca,2.8457,,,,,,,,,,,,,,,,,,,,,,,,,,,,,,,,,,,,,,,,,,,,,,,,,70.0282,,70.0282,98975.0,,49.1,39.97,,,,,,,,,9.7328,,4.8321,,,95200.0,114300.0,160800.0,100200.0,,,100200.0,100300.0,153000.0,,,,,,atwatermercedca,Atwater,Merced,CA
79186,1999-03-31,atwatermercedca,4.2576,,,,,,,,,,,,,,,,,,,,,,,,,,,,,,,,,,,,,,,,,,,,,,,,,67.6664,,67.6664,97025.0,,40.55,48.66,,,,,,,,,10.9224,,5.0056,,,95000.0,113800.0,161300.0,100000.0,,,100000.0,100200.0,153500.0,,,,,,atwatermercedca,Atwater,Merced,CA
79187,1999-04-30,atwatermercedca,7.0594,,,,,,,,,,,,,,,,,,,,,,,,,,,,,,,,,,,,,,,,,,,,,,,,,68.53,,68.53,97350.0,,28.72,62.49,,,,,,,,,8.2926,,5.0799,,,95100.0,113600.0,161000.0,99900.0,,,99900.0,100200.0,154000.0,,,,,,atwatermercedca,Atwater,Merced,CA
79188,1999-05-31,atwatermercedca,7.5545,,,,,,,,,,,,,,,,,,,,,,,,,,,,,,,,,,,,,,,,,,,,,,,,,68.2772,,68.2772,99700.0,,39.9,50.41,,,,,,,,,7.9118,,5.1914,,,95300.0,113700.0,161000.0,99900.0,,,99900.0,100200.0,154200.0,,,,,,atwatermercedca,Atwater,Merced,CA
79189,1999-06-30,atwatermercedca,4.3968,,,,,,,,,,,,,,,,,,,,,,,,,,,,,,,,,,,,,,,,,,,,,,,,,69.2197,,69.2197,107850.0,,38.95,51.97,,,,,,,,,6.4454,,5.3277,,,95600.0,114000.0,162300.0,100100.0,,,100100.0,100300.0,155300.0,,,,,,atwatermercedca,Atwater,Merced,CA
79190,1999-07-31,atwatermercedca,1.4679,,,,,,,,,,,,,,,,,,,,,,,,,,,,,,,,,,,,,,,,,,,,,,,,,69.9916,,69.9916,113779.5,,33.95,55.35,,,,,,,,,3.0735,,5.4516,,,96000.0,114900.0,163900.0,100700.0,,,100700.0,100700.0,155900.0,,,,,,atwatermercedca,Atwater,Merced,CA
79191,1999-08-31,atwatermercedca,6.6799,,,,,,,,,,,,,,,,,,,,,,,,,,,,,,,,,,,,,,,,,,,,,,,,,70.5379,,70.5379,111453.15,,33.86,56.78,,,,,,,,,2.9239,,5.7242,,,96600.0,116400.0,166300.0,101700.0,,,101700.0,101600.0,156500.0,,,,,,atwatermercedca,Atwater,Merced,CA
79192,1999-09-30,atwatermercedca,9.0336,,,,,,,,,,,,,,,,,,,,,,,,,,,,,,,,,,,,,,,,,,,,,,,,,67.9237,,67.9237,108926.35,,14.38,78.46,,,,,,,,,9.8551,,5.687,,,97500.0,117700.0,167200.0,103000.0,,,103000.0,102800.0,157100.0,,,,,,atwatermercedca,Atwater,Merced,CA
79193,1999-10-31,atwatermercedca,7.7675,,,,,,,,,,,,,,,,,,,,,,,,,,,,,,,,,,,,,,,,,,,,,,,,,70.3312,,70.3172,103850.0,,15.79,75.49,,,,,,,,,14.5936,,5.7861,,,98500.0,118600.0,167200.0,104000.0,,,104000.0,104000.0,158200.0,,,,,,atwatermercedca,Atwater,Merced,CA
79194,1999-11-30,atwatermercedca,4.507,,,,,,,,,,,,,,,,,,,,,,,,,,,,,,,,,,,,,,,,,,,,,,,,,72.0014,,71.9916,98450.0,,40.55,48.06,,,,,,,,,21.3336,,5.749,,,99400.0,119300.0,168000.0,104800.0,,,104800.0,105100.0,159500.0,,,,,,atwatermercedca,Atwater,Merced,CA
79195,1999-12-31,atwatermercedca,4.2954,,,,,,,,,,,,,,,,,,,,,,,,,,,,,,,,,,,,,,,,,,,,,,,,,71.5838,,71.5796,95575.0,,29.69,59.22,,,,,,,,,17.1985,,5.6251,,,100400.0,120200.0,169600.0,105700.0,,,105700.0,106100.0,160900.0,,,,,,atwatermercedca,Atwater,Merced,CA
79196,2000-01-31,atwatermercedca,7.5735,,,,,,,,,,,,,,,,,,,,,,,,,,,,,,,,,,,,,,,,,,,,,,,,,68.9839,,68.9839,94925.0,,22.4,67.1,,,,,,,,,14.9791,,5.5507,,,101600.0,121300.0,170600.0,107500.0,,,107500.0,107600.0,162100.0,,,,,,atwatermercedca,Atwater,Merced,CA
79197,2000-02-29,atwatermercedca,5.1773,,,,,,,,,,,,,,,,,,,,,,,,,,,,,,,,,,,,,,,,,,,,,,,,,72.3236,,72.3236,100750.0,,12.37,79.7,,,,,,,,,11.5054,,5.526,,,103300.0,123100.0,173000.0,109500.0,,,109500.0,109600.0,164000.0,,,,,,atwatermercedca,Atwater,Merced,CA
79198,2000-03-31,atwatermercedca,5.4167,,,,,,,,,,,,,,,,,,,,,,,,,,,,,,,,,,,,,,,,,,,,,,,,,74.7737,,74.7737,105775.0,,18.43,72.4,,,,,,,,,16.9585,,5.4639999999999995,,,105300.0,125100.0,179000.0,111400.0,,,111400.0,111600.0,167400.0,,,,,,atwatermercedca,Atwater,Merced,CA
79199,2000-04-30,atwatermercedca,3.1904,,,,,,,,,,,,,,,,,,,,,,,,,,,,,,,,,,,,,,,,,,,,,,,,,76.197,,76.197,103450.0,,23.71,65.99,,,,,,,,,12.7849,,5.3773,,,106500.0,126000.0,185600.0,112700.0,,,112700.0,112900.0,171600.0,,,,,,atwatermercedca,Atwater,Merced,CA
79200,2000-05-31,atwatermercedca,4.0931,,,,,,,,,,,,,,,,,,,,,,,,,,,,,,,,,,,,,,,,,,,,,,,,,74.3685,,74.2573,103425.0,,14.16,77.56,,,,,,,,,9.6081,,5.4392,,,107100.0,126900.0,190800.0,113700.0,,,113700.0,113800.0,175900.0,,,,,,atwatermercedca,Atwater,Merced,CA
79201,2000-06-30,atwatermercedca,3.3283,,,,,,,,,,,,,,,,,,,,,,,,,,,,,,,,,,,,,,,,,,,,,,,,,74.9539,,74.876,106600.0,,6.6,89.1,,,,,,,,,6.0733,,5.4764,,,107700.0,128700.0,199000.0,114300.0,,,114300.0,114400.0,179700.0,,,,,,atwatermercedca,Atwater,Merced,CA
79202,2000-07-31,atwatermercedca,2.3569999999999998,,,,,,,,,,,,,,,,,,,,,,,,,,,,,,,,,,,,,,,,,,,,,,,,,76.4232,,76.3898,112000.0,,8.9,85.17,,,,,,,,,6.2296,,5.4888,,,108100.0,129800.0,204300.0,114400.0,,,114400.0,114400.0,182100.0,,,,,,atwatermercedca,Atwater,Merced,CA
79203,2000-08-31,atwatermercedca,3.5331,,,,,,,,,,,,,,,,,,,,,,,,,,,,,,,,,,,,,,,,,,,,,,,,,73.9093,,73.9093,108925.0,,13.07,78.52,,,,,,,,,5.184,,5.1914,,,108400.0,130900.0,205300.0,114300.0,,,114300.0,114400.0,183600.0,,,,,,atwatermercedca,Atwater,Merced,CA
79204,2000-09-30,atwatermercedca,5.3684,,,,,,,,,,,,,,,,,,,,,,,,,,,,,,,,,,,,,,,,,,,,,,,,,77.1776,,77.2103,116225.0,,9.95,83.96,,,,,,,,,2.4811,,5.3773,,,109100.0,133400.0,210000.0,115000.0,,,115000.0,115300.0,187700.0,,,,,,atwatermercedca,Atwater,Merced,CA
79205,2000-10-31,atwatermercedca,5.7955,,,,,,,,,,,,,,,,,,,,,,,,,,,,,,,,,,,,,,,,,,,,,,,,,79.7955,,79.8184,120850.0,,18.02,72.71,,,,,,,,,9.5994,,5.3773,,,110400.0,136500.0,218500.0,116500.0,,,116500.0,116900.0,193300.0,,,,,,atwatermercedca,Atwater,Merced,CA
79206,2000-11-30,atwatermercedca,4.1647,,,,,,,,,,,,,,,,,,,,,,,,,,,,,,,,,,,,,,,,,,,,,,,,,81.1083,,81.1181,118800.0,,3.99,94.18,,,,,,,,,8.8461,,5.4021,,,111600.0,138400.0,223900.0,117800.0,,,117800.0,118300.0,196900.0,,,,,,atwatermercedca,Atwater,Merced,CA
79207,2000-12-31,atwatermercedca,3.6582,,,,,,,,,,,,,,,,,,,,,,,,,,,,,,,,,,,,,,,,,,,,,,,,,80.866,,80.866,115850.0,,5.91,91.27,,,,,,,,,7.265,,5.6499,,,112900.0,139900.0,227700.0,119000.0,,,119000.0,119500.0,199900.0,,,,,,atwatermercedca,Atwater,Merced,CA
79208,2001-01-31,atwatermercedca,6.9363,,,,,,,,,,,,,,,,,,,,,,,,,,,,,,,,,,,,,,,,,,,,,,,,,79.3508,,79.3508,111350.0,,4.6,92.53,,,,,,,,,7.1254,,5.8481,,,114700.0,141400.0,231500.0,120600.0,,,120600.0,120800.0,204100.0,,,,,,atwatermercedca,Atwater,Merced,CA
79209,2001-02-28,atwatermercedca,6.1584,,,,,,,,,,,,,,,,,,,,,,,,,,,,,,,,,,,,,,,,,,,,,,,,,82.70200000000001,,82.70200000000001,117550.0,,4.54,93.18,,,,,,,,,11.2745,,5.8605,,,116600.0,143600.0,236000.0,122500.0,,,122500.0,122600.0,208500.0,,,,,,atwatermercedca,Atwater,Merced,CA
79210,2001-03-31,atwatermercedca,6.2751,,,,,,,,,,,,,,,,,,,,,,,,,,,,,,,,,,,,,,,,,,,,,,,,,84.2756,,84.2756,119950.0,,4.29,93.58,,,,,,,,,11.5726,,6.0092,,,118400.0,147100.0,238900.0,124000.0,,,124000.0,124300.0,211900.0,,,,,,atwatermercedca,Atwater,Merced,CA
79211,2001-04-30,atwatermercedca,5.6203,,,,,,,,,,,,,,,,,,,,,,,,,,,,,,,,,,,,,,,,,,,,,,,,,85.1554,,85.1554,122500.0,,3.67,94.56,,,,,,,,,6.9678,,6.195,,,120300.0,150700.0,239400.0,126100.0,,,126100.0,126200.0,214300.0,,,,,,atwatermercedca,Atwater,Merced,CA
79212,2001-05-31,atwatermercedca,4.8023,,,,,,,,,,,,,,,,,,,,,,,,,,,,,,,,,,,,,,,,,,,,,,,,,91.1068,,91.3495,131225.0,,3.76,94.25,,,,,,,,,7.0151,,6.2446,,,122500.0,153200.0,240300.0,129100.0,,,129100.0,129100.0,216100.0,,,,,,atwatermercedca,Atwater,Merced,CA
79213,2001-06-30,atwatermercedca,3.4224,,,,,,,,,,,,,,,,,,,,,,,,,,,,,,,,,,,,,,,,,,,,,,,,,94.1782,,94.6415,143025.0,,4.63,93.7,,,,,,,,,3.613,,6.257000000000001,,,124500.0,154900.0,237900.0,131800.0,,,131800.0,131900.0,216500.0,,,,,,atwatermercedca,Atwater,Merced,CA
79214,2001-07-31,atwatermercedca,3.4196,,,,,,,,,,,,,,,,,,,,,,,,,,,,,,,,,,,,,,,,,,,,,,,,,96.1161,,96.4331,143850.0,,3.04,95.44,,,,,,,,,3.2472,,6.3561,,,127200.0,157800.0,236700.0,134600.0,,,134600.0,134700.0,218500.0,,,,,,atwatermercedca,Atwater,Merced,CA
79215,2001-08-31,atwatermercedca,2.3949,,,,,,,,,,,,,,,,,,,,,,,,,,,,,,,,,,,,,,,,,,,,,,,,,95.0327,,95.2598,144150.0,,1.72,97.26,,,,,,,,,2.7669,,6.8393,,,129900.0,161600.0,242800.0,137800.0,,,137800.0,137900.0,223900.0,,,,,,atwatermercedca,Atwater,Merced,CA
79216,2001-09-30,atwatermercedca,1.6987,,,,,,,,,,,,,,,,,,,,,,,,,,,,,,,,,,,,,,,,,,,,,,,,,95.0348,,95.1248,144250.0,,6.7,91.24,,,,,,,,,4.2635,,6.9136,,,131600.0,164100.0,251800.0,139900.0,,,139900.0,140100.0,229600.0,,,,,,atwatermercedca,Atwater,Merced,CA
79217,2001-10-31,atwatermercedca,2.562,,,,,,,,,,,,,,,,,,,,,,,,,,,,,,,,,,,,,,,,,,,,,,,,,94.5906,,94.6242,145750.0,,4.81,93.66,,,,,,,,,6.8616,,7.0375,,,132300.0,165600.0,255300.0,140700.0,,,140700.0,140700.0,232100.0,,,,,,atwatermercedca,Atwater,Merced,CA
79218,2001-11-30,atwatermercedca,2.8092,,,,,,,,,,,,,,,,,,,,,,,,,,,,,,,,,,,,,,,,,,,,,,,,,96.6218,,96.6218,144275.0,,4.73,94.04,,,,,,,,,6.2242,,7.3473,,,133700.0,167400.0,260400.0,141800.0,,,141800.0,141700.0,234300.0,,,,,,atwatermercedca,Atwater,Merced,CA
79219,2001-12-31,atwatermercedca,3.4382,,,,,,,,,,,,,,,,,,,,,,,,,,,,,,,,,,,,,,,,,,,,,,,,,99.4071,,99.4071,137850.0,,4.39,94.6,,,,,,,,,4.0419,,7.2358,,,135300.0,169300.0,268200.0,143300.0,,,143300.0,143300.0,237300.0,,,,,,atwatermercedca,Atwater,Merced,CA
79220,2002-01-31,atwatermercedca,1.764,,,,,,,,,,,,,,,,,,,,,,,,,,,,,,,,,,,,,,,,,,,,,,,,,98.9281,,98.9281,143075.0,,5.17,93.58,,,,,,,,,1.4494,,7.3721,,,136600.0,170700.0,274600.0,144500.0,,,144500.0,144700.0,240600.0,,,,,,atwatermercedca,Atwater,Merced,CA
79221,2002-02-28,atwatermercedca,2.5136,,,,,,,,,,,,,,,,,,,,,,,,,,,,,,,,,,,,,,,,,,,,,,,,,101.4089,,101.4089,147650.0,,4.02,94.91,,,,,,,,,2.6061,,7.496,,,137600.0,171500.0,275900.0,145500.0,,,145500.0,145700.0,243000.0,,,,,,atwatermercedca,Atwater,Merced,CA
79222,2002-03-31,atwatermercedca,1.9984,,,,,,,,,,,,,,,,,,,,,,,,,,,,,,,,,,,,,,,,,,,,,,,,,101.6293,,101.6293,147650.0,,3.02,96.05,,,,,,,,,2.7814,,7.3721,,,138800.0,172100.0,275900.0,146900.0,,,146900.0,147000.0,243800.0,,,,,,atwatermercedca,Atwater,Merced,CA
79223,2002-04-30,atwatermercedca,2.948,,,,,,,,,,,,,,,,,,,,,,,,,,,,,,,,,,,,,,,,,,,,,,,,,102.5644,,102.5644,148250.0,,3.27,95.88,,,,,,,,,3.2696,,7.5455,,,141000.0,173900.0,274800.0,148900.0,,,148900.0,148900.0,243000.0,,,,,,atwatermercedca,Atwater,Merced,CA
79224,2002-05-31,atwatermercedca,2.1765,,,,,,,,,,,,,,,,,,,,,,,,,,,,,,,,,,,,,,,,,,,,,,,,,103.8895,,104.0787,155250.0,,2.37,96.59,,,,,,,,,4.6155,,7.7809,,,143500.0,176400.0,274800.0,151100.0,,,151100.0,151400.0,240700.0,,,,,,atwatermercedca,Atwater,Merced,CA
79225,2002-06-30,atwatermercedca,2.9372,,,,,,,,,,,,,,,,,,,,,,,,,,,,,,,,,,,,,,,,,,,,,,,,,104.0191,,104.1515,159200.0,,2.35,96.62,,,,,,,,,3.7114,,7.8925,,,145000.0,179200.0,273900.0,152900.0,,,152900.0,153300.0,237700.0,,,,,,atwatermercedca,Atwater,Merced,CA
79226,2002-07-31,atwatermercedca,1.5323,,,,,,,,,,,,,,,,,,,,,,,,,,,,,,,,,,,,,,,,,,,,,,,,,106.5315,,106.5882,165300.0,,2.14,96.93,,,,,,,,,3.9975,,7.9296,,,146300.0,183200.0,272200.0,154800.0,,,154800.0,155300.0,237300.0,,,,,,atwatermercedca,Atwater,Merced,CA
79227,2002-08-31,atwatermercedca,1.9175,,,,,,,,,,,,,,,,,,,,,,,,,,,,,,,,,,,,,,,,,,,,,,,,,112.4903,,112.4903,166000.0,,2.11,96.89,,,,,,,,,2.8857,,7.7562,,,148400.0,187300.0,268300.0,157200.0,,,157200.0,157300.0,238500.0,,,,,,atwatermercedca,Atwater,Merced,CA
79228,2002-09-30,atwatermercedca,1.5934,,,,,,,,,,,,,,,,,,,,,,,,,,,,,,,,,,,,,,,,,,,,,,,,,117.4055,,117.7839,172750.0,,2.53,96.28,,,,,,,,,2.3513,,7.718999999999999,,,151500.0,190500.0,265700.0,160000.0,,,160000.0,160000.0,239600.0,,,,,,atwatermercedca,Atwater,Merced,CA
79229,2002-10-31,atwatermercedca,2.1505,,,,,,,,,,,,,,,,,,,,,,,,,,,,,,,,,,,,,,,,,,,,,,,,,116.9651,,117.23,173400.0,,2.11,97.12,,,,,,,,,3.5201,,7.6818,,,154400.0,192100.0,264200.0,162600.0,,,162600.0,162700.0,240100.0,,,,,,atwatermercedca,Atwater,Merced,CA
79230,2002-11-30,atwatermercedca,1.7397,,,,,,,,,,,,,,,,,,,,,,,,,,,,,,,,,,,,,,,,,,,,,,,,,114.2185,,114.33200000000001,177050.0,,2.94,95.84,,,,,,,,,4.4052,,7.3349,,,157000.0,194200.0,263600.0,165400.0,,,165400.0,165500.0,241400.0,,,,,,atwatermercedca,Atwater,Merced,CA
79231,2002-12-31,atwatermercedca,0.8355,,,,,,,,,,,,,,,,,,,,,,,,,,,,,,,,,,,,,,,,,,,,,,,,,116.8209,,117.4111,179300.0,,2.37,96.62,,,,,,,,,4.1148,,7.4836,,,159800.0,198600.0,263900.0,168300.0,,,168300.0,168400.0,243100.0,,,,,,atwatermercedca,Atwater,Merced,CA
79232,2003-01-31,atwatermercedca,0.8328,,,,,,,,,,,,,,,,,,,,,,,,,,,,,,,,,,,,,,,,,,,,,,,,,116.3472,,116.7603,193100.0,,0.91,98.81,,,,,,,,,2.9046,,7.5579,,,162500.0,204200.0,265600.0,171400.0,,,171400.0,171800.0,245600.0,,,,,,atwatermercedca,Atwater,Merced,CA
79233,2003-02-28,atwatermercedca,1.089,,,,,,,,,,,,,,,,,,,,,,,,,,,,,,,,,,,,,,,,,,,,,,,,,116.7211,,116.8982,191575.0,,1.27,98.35,,,,,,,,,1.2172,,7.4712,,,165100.0,209100.0,266100.0,174500.0,,,174500.0,175000.0,248100.0,,,,,,atwatermercedca,Atwater,Merced,CA
79234,2003-03-31,atwatermercedca,0.6406,,,,,,,,,,,,,,,,,,,,,,,,,,,,,,,,,,,,,,,,,,,,,,,,,115.7781,,115.7781,185575.0,,1.47,97.95,,,,,,,,,1.4111,,7.6075,,,167500.0,213200.0,268300.0,177200.0,,,177200.0,177600.0,251600.0,,,,,,atwatermercedca,Atwater,Merced,CA
79235,2003-04-30,atwatermercedca,,,,,,,,,,,,,,,,,,,,,,,,,,,,,,,,,,,,,,,,,,,,,,,,,,123.3516,,123.3516,180750.0,,1.5,97.88,,,,,,,,,3.2778,,7.3969,,,169300.0,216600.0,274400.0,179800.0,,,179800.0,179900.0,257000.0,,,,,,atwatermercedca,Atwater,Merced,CA
79236,2003-05-31,atwatermercedca,1.9902,,,,,,,,,,,,,,,,,,,,,,,,,,,,,,,,,,,,,,,,,,,,,,,,,123.4143,,123.4143,182500.0,,1.43,98.16,,,,,,,,,2.0833,,7.2977,,,170900.0,219600.0,280600.0,182400.0,,,182400.0,182600.0,264100.0,,,,,,atwatermercedca,Atwater,Merced,CA
79237,2003-06-30,atwatermercedca,2.6635,,,,,,,,,,,,,,,,,,,,,,,,,,,,,,,,,,,,,,,,,,,,,,,,,126.8178,,126.8971,185750.0,,0.72,99.03,,,,,,,,,2.7908,,7.3225,,,173000.0,223500.0,289000.0,185200.0,,,185200.0,185500.0,273700.0,,,,,,atwatermercedca,Atwater,Merced,CA
79238,2003-07-31,atwatermercedca,2.1269,,,,,,,,,,,,,,,,,,,,,,,,,,,,,,,,,,,,,,,,,,,,,,,,,127.5073,,127.5628,192800.0,,0.85,98.79,,,,,,,,,3.1527,,7.2606,,,175200.0,225700.0,299100.0,187800.0,,,187800.0,188000.0,282800.0,,,,,,atwatermercedca,Atwater,Merced,CA
79239,2003-08-31,atwatermercedca,0.8295,,,,,,,,,,,,,,,,,,,,,,,,,,,,,,,,,,,,,,,,,,,,,,,,,127.2952,,126.7323,191175.0,,1.0,98.51,,,,,,,,,2.9555,,7.0623,,,177600.0,225300.0,306500.0,190100.0,,,190100.0,190200.0,289800.0,,,,,,atwatermercedca,Atwater,Merced,CA
79240,2003-09-30,atwatermercedca,,,,,,,,,,,,,,,,,,,,,,,,,,,,,,,,,,,,,,,,,,,,,,,,,,126.9517,,126.541,192225.0,,0.93,98.84,,,,,,,,,1.3127,,7.0004,,,180200.0,225800.0,308300.0,192400.0,,,192400.0,192800.0,293300.0,,,,,,atwatermercedca,Atwater,Merced,CA
79241,2003-10-31,atwatermercedca,0.6404,,,,,,,,,,,,,,,,,,,,,,,,,,,,,,,,,,,,,,,,,,,,,,,,,128.5576,,128.3524,200950.0,,1.12,98.45,,,,,,,,,1.1743,,6.9756,,,183100.0,228300.0,307300.0,195200.0,,,195200.0,195600.0,293600.0,,,,,,atwatermercedca,Atwater,Merced,CA
79242,2003-11-30,atwatermercedca,,,,,,,,,,,,,,,,,,,,,,,,,,,,,,,,,,,,,,,,,,,,,,,,,,134.2795,,134.2591,200100.0,,0.59,99.18,,,,,,,,,1.8028,,6.9756,,,185800.0,231300.0,308000.0,197700.0,,,197700.0,198200.0,294900.0,,,,,,atwatermercedca,Atwater,Merced,CA
79243,2003-12-31,atwatermercedca,,,,,,,,,,,,,,,,,,,,,,,,,,,,,,,,,,,,,,,,,,,,,,,,,,135.6833,,135.6784,197250.0,,0.41,99.23,,,,,,,,,3.4474,,7.0128,,,188400.0,234100.0,314300.0,199900.0,,,199900.0,200400.0,300900.0,,,,,,atwatermercedca,Atwater,Merced,CA
79244,2004-01-31,atwatermercedca,0.6406,,,,,,,,,,,,,,,,,,,,,,,,,,,,,,,,,,,,,,,,,,,,,,,,,134.2031,,134.5504,199500.0,,0.85,98.56,,,,,,,,,3.435,,6.8517,,,190700.0,237700.0,322800.0,201800.0,,,201800.0,202300.0,306500.0,,,,,,atwatermercedca,Atwater,Merced,CA
79245,2004-02-29,atwatermercedca,,,,,,,,,,,,,,,,,,,,,,,,,,,,,,,,,,,,,,,,,,,,,,,,,,136.4274,,140.2328,200650.0,,0.75,98.72,,,,,,,,,4.0287,,6.9384,,,193100.0,240600.0,328300.0,204000.0,,,204000.0,204500.0,309100.0,,,,,,atwatermercedca,Atwater,Merced,CA
79246,2004-03-31,atwatermercedca,1.5352,,,,,,,,,,,,,,,,,,,,,,,,,,,,,,,,,,,,,,,,,,,,,,,,,137.8921,,140.4896,195100.0,,0.39,99.34,,,,,,,,,4.6881,,6.926,,,195900.0,243000.0,330600.0,207500.0,,,207500.0,208000.0,311400.0,,,,,,atwatermercedca,Atwater,Merced,CA
79247,2004-04-30,atwatermercedca,0.9401,,,,,,,,,,,,,,,,,,,,,,,,,,,,,,,,,,,,,,,,,,,,,,,,,143.2183,,144.2872,195150.0,,0.44,99.37,,,,,,,,,2.5398,,7.0747,,,199800.0,247300.0,335600.0,211600.0,,,211600.0,212100.0,316800.0,,,,,,atwatermercedca,Atwater,Merced,CA
79248,2004-05-31,atwatermercedca,,,,,,,,,,,,,,,,,,,,,,,,,,,,,,,,,,,,,,,,,,,,,,,,,,146.9598,,146.9598,215650.0,,0.33,99.54,,,,,,,,,1.4937,,7.3473,,,204800.0,253000.0,344400.0,215900.0,,,215900.0,216200.0,325400.0,,,,,,atwatermercedca,Atwater,Merced,CA
79249,2004-06-30,atwatermercedca,,,,,,,,,,,,,,,,,,,,,,,,,,,,,,,,,,,,,,,,,,,,,,,,,,150.6692,,150.672,224800.0,,0.24,99.53,,,,,,,,,1.9855,,7.5208,,,210700.0,257800.0,352300.0,221600.0,,,221600.0,222000.0,332900.0,,,,,,atwatermercedca,Atwater,Merced,CA
79250,2004-07-31,atwatermercedca,,,,,,,,,,,,,,,,,,,,,,,,,,,,,,,,,,,,,,,,,,,,,,,,,,151.8672,,151.1969,233900.0,,0.19,99.66,,,,,,,,,1.8375,,7.8305,,,216800.0,262300.0,357600.0,227700.0,,,227700.0,228500.0,337500.0,,,,,,atwatermercedca,Atwater,Merced,CA
79251,2004-08-31,atwatermercedca,,,,,,,,,,,,,,,,,,,,,,,,,,,,,,,,,,,,,,,,,,,,,,,,,,155.9467,,155.477,237075.0,,0.2,99.68,,,,,,,,,1.472,,8.3013,,,222800.0,267800.0,362400.0,233000.0,,,233000.0,234000.0,341800.0,,,,,,atwatermercedca,Atwater,Merced,CA
79252,2004-09-30,atwatermercedca,,,,,,,,,,,,,,,,,,,,,,,,,,,,,,,,,,,,,,,,,,,,,,,,,,156.8021,,156.6004,247075.0,,0.14,99.74,,,,,,,,,1.0967,,8.9332,,,229000.0,273600.0,372100.0,238700.0,,,238700.0,239500.0,351600.0,,,,,,atwatermercedca,Atwater,Merced,CA
79253,2004-10-31,atwatermercedca,,,,,,,,,,,,,,,,,,,,,,,,,,,,,,,,,,,,,,,,,,,,,,,,,,157.991,,157.991,261100.0,,0.07,99.87,,,,,,,,,1.1097,,9.2554,,,234700.0,280800.0,387600.0,245500.0,,,245500.0,246000.0,367200.0,,,,,,atwatermercedca,Atwater,Merced,CA
79254,2004-11-30,atwatermercedca,0.6406,,,,,,,,,,,,,,,,,,,,,,,,,,,,,,,,,,,,,,,,,,,,,,,,,160.2129,,160.2129,275450.0,,0.07,99.89,,,,,,,,,1.4974,,9.4164,,,239500.0,288200.0,397300.0,251600.0,,,251600.0,252000.0,380400.0,,,,,,atwatermercedca,Atwater,Merced,CA
79255,2004-12-31,atwatermercedca,,,,,,,,,,,,,,,,,,,,,,,,,,,,,,,,,,,,,,,,,,,,,,,,,,163.7053,,163.0068,283700.0,,0.06,99.9,,,,,,,,,0.8348,,9.5032,,,244500.0,294800.0,396200.0,257500.0,,,257500.0,258000.0,385200.0,,,,,,atwatermercedca,Atwater,Merced,CA
79256,2005-01-31,atwatermercedca,,,,,,,,,,,,,,,,,,,,,,,,,,,,,,,,,,,,,,,,,,,,,,,,,,168.451,,166.81400000000002,285550.0,,0.06,99.92,,,,,,,,,1.1305,,9.7634,,,250100.0,300800.0,398100.0,263600.0,,,263600.0,264100.0,389600.0,,,,,,atwatermercedca,Atwater,Merced,CA
79257,2005-02-28,atwatermercedca,,,,,,,,,,,,,,,,,,,,,,,,,,,,,,,,,,,,,,,,,,,,,,,,,,173.797,,172.7838,284050.0,,0.06,99.92,,,,,,,,,,,9.8129,,,256000.0,307300.0,409000.0,269600.0,,,269600.0,270000.0,398900.0,,,,,,atwatermercedca,Atwater,Merced,CA
79258,2005-03-31,atwatermercedca,,,,,,,,,,,,,,,,,,,,,,,,,,,,,,,,,,,,,,,,,,,,,,,,,,178.7605,,178.7448,297625.0,,0.08,99.92,,,,,,,,,,,10.5439,,,262200.0,314300.0,418200.0,275300.0,,,275300.0,275800.0,408500.0,,,,,,atwatermercedca,Atwater,Merced,CA
79259,2005-04-30,atwatermercedca,,,,,,,,,,,,,,,,,,,,,,,,,,,,,,,,,,,,,,,,,,,,,,,,,,182.8066,,183.0367,309075.0,,0.1,99.9,,,,,,,,,,,11.0767,,,269800.0,322100.0,423900.0,283500.0,,,283500.0,284300.0,416500.0,,,,,,atwatermercedca,Atwater,Merced,CA
79260,2005-05-31,atwatermercedca,,,,,,,,,,,,,,,,,,,,,,,,,,,,,,,,,,,,,,,,,,,,,,,,,,189.2491,,189.3477,319050.0,,0.07,99.92,,,,,,,,,,,11.2254,,,279500.0,332600.0,431500.0,293900.0,,,293900.0,294800.0,426600.0,,,,,,atwatermercedca,Atwater,Merced,CA
79261,2005-06-30,atwatermercedca,,,,,,,,,,,,,,,,,,,,,,,,,,,,,,,,,,,,,,,,,,,,,,,,,,197.4642,,198.4126,327400.0,,0.07,99.92,,,,,,,,,,,11.3369,,,289200.0,344300.0,440500.0,304400.0,,,304400.0,305100.0,438600.0,,,,,,atwatermercedca,Atwater,Merced,CA
79262,2005-07-31,atwatermercedca,0.6501,,,,,,,,,,,,,,,,,,,,,,,,,,,,,,,,,,,,,,,,,,,,,,,,,204.9549,,205.67,332325.0,,0.06,99.94,,,,,,,,,,,11.2873,,,297100.0,353400.0,445500.0,313100.0,,,313100.0,313600.0,447400.0,,,,,,atwatermercedca,Atwater,Merced,CA
79263,2005-08-31,atwatermercedca,,,,,,,,,,,,,,,,,,,,,,,,,,,,,,,,,,,,,,,,,,,,,,,,,,212.1586,,212.8332,332925.0,,0.06,99.92,,,,,,,,,,,11.3369,,,303700.0,360200.0,450000.0,320900.0,,,320900.0,321500.0,453500.0,,,,,,atwatermercedca,Atwater,Merced,CA
79264,2005-09-30,atwatermercedca,,,,,,,,,,,,,,,,,,,,,,,,,,,,,,,,,,,,,,,,,,,,,,,,,,214.0109,,214.2743,341300.0,,0.07,99.92,,,,,,,,,0.5155,,11.3245,,,310300.0,367100.0,455100.0,327700.0,,,327700.0,328100.0,457500.0,,,,,,atwatermercedca,Atwater,Merced,CA
79265,2005-10-31,atwatermercedca,,,,,,,,,,,,,,,,,,,,,,,,,,,,,,,,,,,,,,,,,,,,,,,,,,214.4478,,214.3839,351050.0,,0.1,99.87,,,,,,,,,,,11.213,,,315800.0,373200.0,459000.0,332500.0,,,332500.0,332800.0,460800.0,,,,,,atwatermercedca,Atwater,Merced,CA
79266,2005-11-30,atwatermercedca,,,,,,,,,,,,,,,,,,,,,,,,,,,,,,,,,,,,,,,,,,,,,,,,,,216.1103,,215.9912,352625.0,,0.13,99.85,,,,,,,,,1.0806,,11.2502,,,320800.0,376600.0,462300.0,336000.0,,,336000.0,336600.0,465300.0,,,,,,atwatermercedca,Atwater,Merced,CA
79267,2005-12-31,atwatermercedca,,,,,,,,,,,,,,,,,,,,,,,,,,,,,,,,,,,,,,,,,,,,,,,,,,218.2565,,218.2054,386125.0,,0.24,99.75,,,,,,,,,,,11.0891,,,324500.0,379400.0,467800.0,338700.0,,,338700.0,339700.0,469600.0,,,,,,atwatermercedca,Atwater,Merced,CA
79268,2006-01-31,atwatermercedca,,,,,,,,,,,,,,,,,,,,,,,,,,,,,,,,,,,,,,,,,,,,,,,,,,215.2978,,215.0456,422000.0,,0.24,99.66,,,,,,,,,1.155,,11.0519,,,326200.0,383200.0,470500.0,341000.0,,,341000.0,342100.0,469400.0,,,,,,atwatermercedca,Atwater,Merced,CA
79269,2006-02-28,atwatermercedca,,,,,,,,,,,,,,,,,,,,,,,,,,,,,,,,,,,,,,,,,,,,,,,,,,205.1864,,205.0098,439750.0,,0.29,99.6,,,,,,,,,,,11.0271,,,325700.0,385200.0,471700.0,341900.0,,,341900.0,342900.0,468300.0,,,,,,atwatermercedca,Atwater,Merced,CA
79270,2006-03-31,atwatermercedca,,,,,,,,,,,,,,,,,,,,,,,,,,,,,,,,,,,,,,,,,,,,,,,,,,191.9769,,191.6203,452950.0,,0.57,99.15,,,,,,,,,,,10.6554,,,324300.0,383300.0,472800.0,340600.0,,,340600.0,341500.0,468000.0,,,,,,atwatermercedca,Atwater,Merced,CA
79271,2006-04-30,atwatermercedca,,,,,,,,,,,,,,,,,,,,,,,,,,,,,,,,,,,,,,,,,,,,,,,,,,194.1105,,193.9138,422600.0,,0.97,98.23,,,,,,,,,,,10.259,,,323600.0,382400.0,475600.0,339500.0,,,339500.0,340400.0,468900.0,,,,,,atwatermercedca,Atwater,Merced,CA
79272,2006-05-31,atwatermercedca,,,,,,,,,,,,,,,,,,,,,,,,,,,,,,,,,,,,,,,,,,,,,,,,,,194.1223,,193.6237,382925.0,,3.43,93.88,,,,,,,,,,,9.8625,,,325000.0,383900.0,478600.0,340300.0,,,340300.0,341400.0,471100.0,,,,,,atwatermercedca,Atwater,Merced,CA
79273,2006-06-30,atwatermercedca,,,,,,,,,,,,,,,,,,,,,,,,,,,,,,,,,,,,,,,,,,,,,,,,,,201.5163,,200.3047,363525.0,,6.83,89.39,,,,,,,,,,,9.3669,,,327500.0,387600.0,482400.0,341900.0,,,341900.0,342800.0,475000.0,,,,,,atwatermercedca,Atwater,Merced,CA
79274,2006-07-31,atwatermercedca,0.6483,,,,,,,,,,,,,,,,,,,,,,,,,,,,,,,,,,,,,,,,,,,,,,,,,214.0333,,213.264,347450.0,,8.98,84.12,,,,,,,,,,,8.7102,,,326800.0,391400.0,486500.0,342000.0,,,342000.0,342600.0,477900.0,,,,,,atwatermercedca,Atwater,Merced,CA
79275,2006-08-31,atwatermercedca,1.1546,,,,,,,,,,,,,,,,,,,,,,,,,,,,,,,,,,,,,,,,,,,,,,,,,215.5561,,215.2797,321550.0,,22.34,64.14,,,,,,,,,,,8.2518,,,321900.0,392200.0,488700.0,339100.0,,,339100.0,339500.0,479000.0,,,,,,atwatermercedca,Atwater,Merced,CA
79276,2006-09-30,atwatermercedca,2.0229,,,,,,,,,,,,,,,,,,,,,,,,,,,,,,,,,,,,,,,,,,,,,,,,,216.5411,,216.5411,318250.0,,46.12,36.35,,,,,,,,,,,7.4092,,,314200.0,386600.0,484500.0,332200.0,,,332200.0,332700.0,475700.0,,,,,,atwatermercedca,Atwater,Merced,CA
79277,2006-10-31,atwatermercedca,3.0915,,,,,,,,,,,,,,,,,,,,,,,,,,,,,,,,,,,,,,,,,,,,,,,,,211.3549,,211.3549,319100.0,,70.84,19.06,,,,,,,,,,,6.8641,,,306700.0,379200.0,477800.0,324800.0,,,324800.0,325500.0,468600.0,,,,,,atwatermercedca,Atwater,Merced,CA
79278,2006-11-30,atwatermercedca,2.4109,,,,,,,,,,,,,,,,,,,,,,,,,,,,,,,,,,,,,,,,,,,,,,,,,205.4758,,205.4758,310400.0,,81.32,11.24,,,,,,,,,2.8571,,6.6287,,,299600.0,369700.0,474700.0,318100.0,,,318100.0,318600.0,460300.0,,,,,,atwatermercedca,Atwater,Merced,CA
79279,2006-12-31,atwatermercedca,2.9739,,,,,,,,,,,,,,,,,,,,,,,,,,,,,,,,,,,,,,,,,,,,,,,,,194.3129,,194.3129,291150.0,,91.2,5.74,,,,,,,,,2.0,,6.2941,,,293400.0,359700.0,472600.0,311600.0,,,311600.0,312100.0,452400.0,,,,,,atwatermercedca,Atwater,Merced,CA
79280,2007-01-31,atwatermercedca,6.5988,,,,,,,,,,,,,,,,,,,,,,,,,,,,,,,,,,,,,,,,,,,,,,,,,183.7542,,183.7542,315300.0,,94.12,3.77,,,,,,,,,,,5.9844,,,287600.0,352300.0,470100.0,305600.0,,,305600.0,306200.0,446400.0,,,,,,atwatermercedca,Atwater,Merced,CA
79281,2007-02-28,atwatermercedca,7.9587,,,,,,,,,,,,,,,,,,,,,,,,,,,,,,,,,,,,,,,,,,,,,,,,,182.3771,,182.3771,341500.0,,95.54,2.92,,,,,,,,,2.7778,,5.7118,,,282200.0,347000.0,468700.0,300200.0,,,300200.0,300600.0,440900.0,,,,,,atwatermercedca,Atwater,Merced,CA
79282,2007-03-31,atwatermercedca,8.743,,,,,,,,,,,,,,,,,,,,,,,,,,,,,,,,,,,,,,,,,,,,,,,,,176.975,,176.975,314500.0,,96.87,2.11,,,,,,,,,,,5.2410000000000005,,,276700.0,340100.0,469200.0,294000.0,,,294000.0,294400.0,436600.0,,,,,,atwatermercedca,Atwater,Merced,CA
79283,2007-04-30,atwatermercedca,10.344000000000001,,,,,,,,,,,,,,,,,,,,,,,,,,,,,,,,,,,,,,,,,,,,,,,,,180.1164,,180.1164,304800.0,,97.18,1.96,,,,,,,,,2.8333,,4.8321,,,272500.0,333500.0,468600.0,288500.0,,,288500.0,289000.0,433800.0,,,,,,atwatermercedca,Atwater,Merced,CA
79284,2007-05-31,atwatermercedca,13.1444,,,,,,,,,,,,,,,,,,,,,,,,,,,,,,,,,,,,,,,,,,,,,,,,,177.863,,177.863,319750.0,,97.96,1.35,,,,,,,,,6.7571,,4.6587,,,269000.0,329300.0,469200.0,283800.0,,,283800.0,284200.0,432700.0,,,,,,atwatermercedca,Atwater,Merced,CA
79285,2007-06-30,atwatermercedca,15.5966,,,,,,,,,,,,,,,,,,,,,,,,,,,,,,,,,,,,,,,,,,,,,,,,,180.7205,,180.7205,340500.0,,98.59,0.91,,,,,,,,,7.9215,,4.6834,,,264800.0,325800.0,470200.0,278200.0,,,278200.0,278500.0,430100.0,,,,,,atwatermercedca,Atwater,Merced,CA
79286,2007-07-31,atwatermercedca,19.8843,,,,,,,,,,,,,,,,,,,,,,,,,,,,,,,,,,,,,,,,,,,,,,,,,171.7055,,171.7055,348000.0,,99.28,0.38,,,,,,,,,7.8109,,4.8569,,,259200.0,321700.0,469400.0,271600.0,,,271600.0,272000.0,425100.0,,,,,,atwatermercedca,Atwater,Merced,CA
79287,2007-08-31,atwatermercedca,23.4851,,,,,,,,,,,,,,,,,,,,,,,,,,,,,,,,,,,,,,,,,,,,,,,,,166.4585,,166.4585,297150.0,,99.47,0.29,,,,,,,,,7.8307,,4.8693,,,253900.0,317100.0,465300.0,265900.0,,,265900.0,266400.0,417100.0,,,,,,atwatermercedca,Atwater,Merced,CA
79288,2007-09-30,atwatermercedca,22.6137,,,,,,,,,,,,,,,,,,,,,,,,,,,,,,,,,,,,,,,,,,,,,,,,,,,,,,99.57,0.16,,,,,,,,,24.616,,4.9312,,,248900.0,312400.0,460400.0,260400.0,,,260400.0,260800.0,408600.0,,,,,,atwatermercedca,Atwater,Merced,CA
79289,2007-10-31,atwatermercedca,22.024,,,,,,,,,,,,,,,,,,,,,,,,,,,,,,,,,,,,,,,,,,,,,,,,,150.1362,,150.1362,241153.8462,,99.56,0.15,,,,,,,,,30.2451,,4.9684,,,244200.0,308100.0,454400.0,254400.0,,,254400.0,254800.0,400900.0,,,,,,atwatermercedca,Atwater,Merced,CA
79290,2007-11-30,atwatermercedca,26.0634,,,,,,,,,,,,,,,,,,,,,,,,,,,,,,,,,,,,,,,,,,,,,,,,,141.6039,,141.6039,287058.8235,,99.75,0.09,,,,,,,,,26.8015,,5.0427,,,239700.0,305500.0,445400.0,249000.0,,,249000.0,249500.0,394000.0,,,,,,atwatermercedca,Atwater,Merced,CA
79291,2007-12-31,atwatermercedca,34.6499,,,,,,,,,,,,,,,,,,,,,,,,,,,,,,,,,,,,,,,,,,,,,,,,,135.2627,,135.2627,315500.0,,99.79,0.13,,,,,,,,,27.0513,,5.3277,,,236800.0,304600.0,436800.0,246500.0,,,246500.0,246800.0,387800.0,,,,,,atwatermercedca,Atwater,Merced,CA
79292,2008-01-31,atwatermercedca,43.6423,,,,,,,,,,,,,,,,,,,,,,,,,,,,,,,,,,,,,,,,,,,,,,,,,,,,,,99.76,0.14,,,,,,,,,43.0609,,5.6127,,,235400.0,302100.0,428900.0,245500.0,,,245500.0,245700.0,383100.0,,,,,,atwatermercedca,Atwater,Merced,CA
79293,2008-02-29,atwatermercedca,45.3354,,,,,,,,,,,,,,,,,,,,,,,,,,,,,,,,,,,,,,,,,,,,,,,,,127.7385,,,285000.0,,99.79,0.14,,,,,,,,,50.032,,5.9844,,,233900.0,298000.0,420700.0,244100.0,,,244100.0,244300.0,380700.0,,,,,,atwatermercedca,Atwater,Merced,CA
79294,2008-03-31,atwatermercedca,49.6316,,,,,,,,,,,,,,,,,,,,,,,,,,,,,,,,,,,,,,,,,,,,,,,,,,,,,,99.66,0.19,,,,,,,,,62.6136,,6.3685,,,232500.0,296000.0,415200.0,243300.0,,,243300.0,243600.0,381400.0,,,,,,atwatermercedca,Atwater,Merced,CA
79295,2008-04-30,atwatermercedca,57.3345,,,,,,,,,,,,,,,,,,,,,,,,,,,,,,,,,,,,,,,,,,,,,,,,,,,,,,99.55,0.25,,,,,,,,,76.2879,,6.6906,,,223600.0,286000.0,400100.0,234600.0,,,234600.0,234900.0,370100.0,,,,,,atwatermercedca,Atwater,Merced,CA
79296,2008-05-31,atwatermercedca,58.3846,,,,,,,,,,,,,,,,,,,,,,,,,,,,,,,,,,,,,,,,,,,,,,,,,119.940029985007,,116.129032258065,199000.0,,99.9,0.08,,,,,,,,,71.4311,,7.1738,,,206200.0,264300.0,368400.0,215800.0,,,215800.0,216000.0,343700.0,,,,,,atwatermercedca,Atwater,Merced,CA
79297,2008-06-30,atwatermercedca,57.5475,,,,,,,,,,,,,,,,,,,,,,,,,,,,,,,,,,,,,,,,,,,,,,,,,,,,,,99.95,0.04,,,,,,,,,71.9099,,7.4712,,,189900.0,243800.0,340000.0,198200.0,,,198200.0,198300.0,317800.0,,,,,,atwatermercedca,Atwater,Merced,CA
79298,2008-07-31,atwatermercedca,68.492,,,,,,,,,,,,,,,,,,,,,,,,,,,,,,,,,,,,,,,,,,,,,,,,,,,,,,99.95,0.05,,,,,,,,,72.4576,,8.0287,,,180800.0,233300.0,327100.0,188800.0,,,188800.0,188800.0,303500.0,,,,,,atwatermercedca,Atwater,Merced,CA
79299,2008-08-31,atwatermercedca,90.4604,,,,,,,,,,,,,,,,,,,,,,,,,,,,,,,,,,,,,,,,,,,,,,,,,,,,,,99.99,0.01,,,,,,,,,79.2029,,8.8713,,,175000.0,227500.0,320700.0,183200.0,,,183200.0,183400.0,296500.0,,,,,,atwatermercedca,Atwater,Merced,CA
79300,2008-09-30,atwatermercedca,86.0345,,,,,,,,,,,,,,,,,,,,,,,,,,,,,,,,,,,,,,,,,,,,,,,,,,,,,,99.97,0.03,,,,,,,,,80.1695,,9.5403,,,172700.0,225200.0,317700.0,181500.0,,,181500.0,181700.0,294300.0,,,,,,atwatermercedca,Atwater,Merced,CA
79301,2008-10-31,atwatermercedca,69.2133,,,,,,,,,,,,,,,,,,,,,,,,,,,,,,,,,,,,,,,,,,,,,,,,,,,,,,99.97,0.03,,,,,,,,,84.5638,,9.7881,,,173100.0,223800.0,317600.0,181700.0,,,181700.0,181700.0,296000.0,,,,,,atwatermercedca,Atwater,Merced,CA
79302,2008-11-30,atwatermercedca,57.2881,,,,,,,,,,,,,,,,,,,,,,,,,,,,,,,,,,,,,,,,,,,,,,,,,,,,,,99.95,0.03,,,,,,,,,84.3243,,10.1103,,,173100.0,224100.0,320200.0,182200.0,,,182200.0,182200.0,300400.0,,,,,,atwatermercedca,Atwater,Merced,CA
79303,2008-12-31,atwatermercedca,60.6673,,,,,,,,,,,,,,,,,,,,,,,,,,,,,,,,,,,,,,,,,,,,,,,,,105.32089961601801,,105.32089961601801,242500.0,,99.97,0.01,,,,,,,,,82.1421,,10.482000000000001,,,170100.0,225300.0,317400.0,181100.0,,,181100.0,181400.0,300000.0,,,,,,atwatermercedca,Atwater,Merced,CA
79304,2009-01-31,atwatermercedca,53.5218,,,,,,,,,,,,,,,,,,,,,,,,,,,,,,,,,,,,,,,,,,,,,,,,,,,,,,99.81,0.14,,,,,,,,,81.8008,,10.705,,,164700.0,223000.0,305900.0,177400.0,,,177400.0,177700.0,291100.0,,,,,,atwatermercedca,Atwater,Merced,CA
79305,2009-02-28,atwatermercedca,51.8317,,,,,,,,,,,,,,,,,,,,,,,,,,,,,,,,,,,,,,,,,,,,,,,,,,,,,,99.6,0.28,,,,,,,,,89.6955,,10.927999999999999,,,158300.0,215900.0,292100.0,171400.0,,,171400.0,171800.0,279900.0,,,,,,atwatermercedca,Atwater,Merced,CA
79306,2009-03-31,atwatermercedca,46.3685,,,,,,,,,,,,,,,,,,,,,,,,,,,,,,,,,,,,,,,,,,,,,,,,,,,,,,99.55,0.4,,,,,,,,,89.5103,,10.8785,,,151600.0,207500.0,280400.0,164200.0,,,164200.0,164700.0,270000.0,,,,,,atwatermercedca,Atwater,Merced,CA
79307,2009-04-30,atwatermercedca,39.9111,,,,,,,,,,,,,,,,,,,,,,,,,,,,,,,,,,,,,,,,,,,,,,,,,98.69739478957909,,98.69739478957909,202000.0,,99.65,0.33,,,,,,,,,82.6935,,11.0395,,,146100.0,200400.0,271700.0,158200.0,,,158200.0,158700.0,261700.0,,,,,,atwatermercedca,Atwater,Merced,CA
79308,2009-05-31,atwatermercedca,34.6909,,,,,,,,,,,,,,,,,,,,,,,,,,,,,,,,,,,,,,,,,,,,,,,,,,,,,,99.17,0.74,,,,,,,,,80.6671,,10.7656,,,143000.0,196300.0,268700.0,155100.0,,,155100.0,155600.0,257100.0,,,,,,atwatermercedca,Atwater,Merced,CA
79309,2009-06-30,atwatermercedca,47.8629,,,,,,,,,,,,,,,,,,,,,,,,,,,,,,,,,,,,,,,,,,,,,,,,,76.1561,,80.0501,150461.5385,,98.13,1.42,,,,,,,,,80.6647,,10.9886,,,140000.0,191200.0,266000.0,151800.0,,,151800.0,152300.0,253000.0,,,,,,atwatermercedca,Atwater,Merced,CA
79310,2009-07-31,atwatermercedca,53.8375,,,,,,,,,,,,,,,,,,,,,,,,,,,,,,,,,,,,,,,,,,,,,,,,,73.4631,,73.4631,131470.5882,,98.03,1.67,,,,,,,,,78.8743,,11.0094,,,136100.0,182600.0,259500.0,146000.0,,,146000.0,146600.0,247100.0,,,,,,atwatermercedca,Atwater,Merced,CA
79311,2009-08-31,atwatermercedca,49.2817,,,,,,,,,,,,,,,,,,,,,,,,,,,,,,,,,,,,,,,,,,,,,,,,,75.2101,,75.2101,139900.0,,97.88,1.68,,,,,,,,,72.0854,,10.9599,,,132300.0,175500.0,253600.0,140800.0,,,140800.0,141300.0,242200.0,,,,,,atwatermercedca,Atwater,Merced,CA
79312,2009-09-30,atwatermercedca,39.3229,,,,,,,,,,,,,,,,,,,,,,,,,,,,,,,,,,,,,,,,,,,,,,,,,74.6803,,76.158,126500.0,,97.88,1.7,,,,,,,,,69.8523,,10.5661,,,129100.0,172100.0,250200.0,137600.0,,,137600.0,138100.0,240500.0,,,,,,atwatermercedca,Atwater,Merced,CA
79313,2009-10-31,atwatermercedca,42.7664,,,,,,,,,,,,,,,,,,,,,,,,,,,,,,,,,,,,,,,,,,,,,,,,,73.7127,,73.7127,130850.0,,97.42,2.04,,,,,,,,,69.0797,,10.6081,,,125400.0,168300.0,246600.0,134300.0,,,134300.0,134700.0,238500.0,,,,,,atwatermercedca,Atwater,Merced,CA
79314,2009-11-30,atwatermercedca,48.0638,,,,,,,,,,,,,,,,,,,,,,,,,,,,,,,,,,,,,,,,,,,,,,,,,75.9871,,75.9871,130500.0,,97.3,2.12,,,,,,,,,59.6389,,10.7068,,,121500.0,163500.0,241600.0,130500.0,,,130500.0,131000.0,233400.0,,,,,,atwatermercedca,Atwater,Merced,CA
79315,2009-12-31,atwatermercedca,58.1254,,,,,,,,,,,,,,,,,,,,,,,,,,,,,,,,,,,,,,,,,,,,,,,,,75.5931,,77.1014,126500.0,,97.25,2.3,,,,,,,,,63.4402,,10.6575,,,117700.0,154700.0,237100.0,125200.0,,,125200.0,125500.0,233600.0,,,,,,atwatermercedca,Atwater,Merced,CA
79316,2010-01-31,atwatermercedca,46.9225,116.0,115.0,,,,,,,,,,,,,,,,,,,,,,,,,,,,,,,,,,,,,,,,,,,,,,,84.6122,,85.66799999999999,131000.0,,97.68,1.87,,,,,,,,,56.5824,,10.5834,,,115600.0,146800.0,237200.0,120700.0,,,120700.0,120900.0,242400.0,,,,,,atwatermercedca,Atwater,Merced,CA
79317,2010-02-28,atwatermercedca,38.2085,114.0,104.0,,,,,,,,,,,,,,,,,,,,,,,,,,,,,,,,,,,,,,,,,,,,,,,78.7626,,79.2151,115700.0,,97.06,2.27,,,,,,,,,61.8614,,10.573,,,114600.0,143400.0,237500.0,118300.0,,,118300.0,118600.0,247100.0,,,,,,atwatermercedca,Atwater,Merced,CA
79318,2010-03-31,atwatermercedca,34.5575,112.0,109.0,,,,,,,,,,,,,,,,,,,,,,,,,,,,,,,,,,,,,,,,,,,,,,,75.7937,,77.4035,115185.0,,94.25,3.96,,,,,,,,,59.3097,,10.4005,,,114600.0,144700.0,238100.0,118300.0,,,118300.0,118700.0,244600.0,,,,,,atwatermercedca,Atwater,Merced,CA
79319,2010-04-30,atwatermercedca,45.4081,111.0,104.0,,,,,,,,,,,,,,,,,,,,,,,,,,,,,,,,,,,,,,,,,,,,,,,72.0086,,74.0802,110215.0,,87.88,8.69,,,,,,,,,61.5596,,10.1664,,,115000.0,146500.0,240800.0,118900.0,,,118900.0,119200.0,244400.0,,,,,,atwatermercedca,Atwater,Merced,CA
79320,2010-05-31,atwatermercedca,51.872,110.0,111.0,,,,,,,,,,,,,,,,,,,,,,,,,,,,,,,,,,,,,,,,,,,,,,,73.07,,76.7003,120450.0,,85.14,11.7,,,,,,,,,57.7378,,10.0926,,,116200.0,149700.0,245600.0,120800.0,,,120800.0,121000.0,247200.0,,,,,,atwatermercedca,Atwater,Merced,CA
79321,2010-06-30,atwatermercedca,48.7373,104.0,105.0,,,,,,,,,,,,,,,,,,,,,,,,,,,,,,,,,,,,,,,,,,,,,,,75.7241,,77.7477,124050.0,,82.24,13.79,,,,,,,,,57.083,,9.8703,,,115700.0,149400.0,245700.0,121500.0,,,121500.0,121800.0,246600.0,,,,,,atwatermercedca,Atwater,Merced,CA
79322,2010-07-31,atwatermercedca,40.6605,95.0,96.0,,,,,,,,,,,,,,,,,,,,,,,,,,,,,,,,,,,,,,,,,,,,,,,75.1249,,75.8707,118250.0,,75.98,18.54,,,,,,,,,53.6067,,9.5256,,,114700.0,147200.0,244200.0,121500.0,,,121500.0,121800.0,244300.0,,,,,,atwatermercedca,Atwater,Merced,CA
79323,2010-08-31,atwatermercedca,37.6421,89.0,95.0,,,,,,,,,,,,,,,,,,,,,,,,,,,,,,,,,,,,,,,,,,,,,,,76.0353,,76.0353,119750.0,,70.59,22.4,,,,,,,,,55.336999999999996,,9.3155,,,114300.0,145800.0,243200.0,121100.0,,,121100.0,121600.0,242500.0,,,,,,atwatermercedca,Atwater,Merced,CA
79324,2010-09-30,atwatermercedca,34.844,88.0,97.0,,,,,,,,,,,,,,,,,,,,,,,,,,,,,,,,,,,,,,,,,,,,,,,73.015,,73.8906,117750.0,,66.87,25.34,,,15.917499934520901,,16.3366432527854,14.960629921259802,,15.4471544715447,52.8995,,9.3032,,,113800.0,144300.0,241100.0,119900.0,,,119900.0,120300.0,238700.0,,,,,,atwatermercedca,Atwater,Merced,CA
79325,2010-10-31,atwatermercedca,37.533,87.0,87.0,,,,,,,,,,,,,,,,,,,,,,,,,,,,,,,,,,,,,,,,,,,,,,,71.4923,,72.1053,111500.0,,67.78,24.74,,,14.867948910009902,,15.3071083448564,15.5172413793103,,16.071428571428598,57.2653,8.47,9.2043,,,112200.0,141600.0,236100.0,117700.0,,,117700.0,118200.0,230500.0,,,,,,atwatermercedca,Atwater,Merced,CA
79326,2010-11-30,atwatermercedca,31.1847,88.0,93.0,,,,,,,,,,,,,,,,,,,,,,,,,,,,,,,,,,,,,,,,,,,,,,,73.23100000000001,,73.7181,119450.0,,65.33,27.26,,,9.61135459243217,,9.70460883434173,10.7438016528926,,11.1111111111111,52.5126,8.36,9.1224,,,110400.0,138500.0,231000.0,115400.0,,,115400.0,115700.0,221800.0,1174.0,1172.0,0.7559999999999999,1126.0,1176.0,atwatermercedca,Atwater,Merced,CA
79327,2010-12-31,atwatermercedca,34.5447,89.0,87.0,,,,,,,,,,,,,,,,,,,,,,,,,,,,,,,,,,,,,,,,,,,,,,,72.2437,,74.4202,121250.0,,66.83,25.68,,,17.6456940786042,,18.2299899800042,17.0542635658915,,17.741935483871,58.9367,8.44,9.056000000000001,,,109400.0,137000.0,227200.0,113800.0,,,113800.0,114100.0,215500.0,1161.0,1159.0,0.752,1112.0,1163.0,atwatermercedca,Atwater,Merced,CA
79328,2011-01-31,atwatermercedca,30.8139,92.0,86.0,,,,,,,,,,,,,,,,,,,,,,,,,,,,,,,,,,,,,,,,,,,,,,,,,,,,65.01,26.66,,,14.183674664103197,,13.401401801138501,16.6666666666667,,15.702479338843,63.6434,8.82,9.0437,,,108600.0,135900.0,224200.0,112800.0,,,112800.0,113100.0,210200.0,1142.0,1140.0,0.74,1088.0,1144.0,atwatermercedca,Atwater,Merced,CA
79329,2011-02-28,atwatermercedca,36.7118,98.0,92.0,,,,,,,,,,,,,,,,,,,,,,,,,,,,,,,,,,,,,,,,,,,,,,,74.6752,,75.5834,143076.9231,,65.6,25.93,,,20.6875895392418,,20.0574248727325,20.0,,19.1666666666667,63.3334,9.18,8.92,,,109400.0,136800.0,225800.0,113600.0,,,113600.0,113800.0,209900.0,1104.0,1103.0,0.718,1046.0,1105.0,atwatermercedca,Atwater,Merced,CA
79330,2011-03-31,atwatermercedca,39.6489,102.0,98.0,,,,,,,,,,,,,,,,,,,,,,,,,,,,,,,,,,,,,,,,,,,,,,,74.1918,,74.1918,150000.0,,58.88,31.38,,,13.206839165446901,,13.671321957702,12.7659574468085,,13.333333333333302,57.8293,9.43,8.821,,,110900.0,139000.0,229200.0,115200.0,,,115200.0,115200.0,213600.0,1070.0,1068.0,0.696,996.0,1071.0,atwatermercedca,Atwater,Merced,CA
79331,2011-04-30,atwatermercedca,29.2966,100.0,98.0,,,,,,,,,,,,,,,,,,,,,,,,,,,,,,,,,,,,,,,,,,,,,,,75.3813,,75.3813,138500.0,,56.39,33.25,,,13.8536628922572,,14.0160761933399,12.6984126984127,,13.0081300813008,61.1138,9.68,8.4622,,,112400.0,141000.0,230700.0,117300.0,,,117300.0,117300.0,216800.0,1040.0,1038.0,0.68,953.0,1041.0,atwatermercedca,Atwater,Merced,CA
79332,2011-05-31,atwatermercedca,27.2197,93.0,88.0,,,,,,,,,,,,,,,,,,,,,,,,,,,,,,,,,,,,,,,,,,,,,,,73.4593,,73.4593,146950.0,,59.37,28.43,,,10.5009273892104,,10.7569578245804,9.09090909090909,,9.2436974789916,62.0639,9.7,8.289,,,112400.0,141000.0,230700.0,118700.0,,,118700.0,118800.0,217500.0,1022.0,1017.0,0.67,921.0,1022.0,atwatermercedca,Atwater,Merced,CA
79333,2011-06-30,atwatermercedca,29.8422,91.0,90.0,,,,,,,,,,,,,,,,,,,,,,,,,,,,,,,,,,,,,,,,,,,,,,,85.7179,,85.7179,163550.0,,62.76,26.02,,,9.24512410253855,,8.58494924499126,7.58620689655172,,6.99300699300699,62.7273,9.73,8.0099,,,113100.0,142600.0,232500.0,120200.0,,,120200.0,120600.0,219600.0,1008.0,1002.0,0.662,906.0,1008.0,atwatermercedca,Atwater,Merced,CA
79334,2011-07-31,atwatermercedca,25.8586,94.0,96.0,,,,,,,,,,,,,,,,,,,,,,,,,,,,,,,,,,,,,,,,,,,,,,,86.8844,,86.8844,170450.0,,68.13,21.38,,,10.6622003034257,,9.527545129737051,12.1794871794872,,11.1111111111111,61.9619,9.68,7.6761,,,113400.0,143900.0,232100.0,120600.0,,,120600.0,121000.0,220500.0,997.0,990.0,0.6579999999999999,897.0,998.0,atwatermercedca,Atwater,Merced,CA
79335,2011-08-31,atwatermercedca,27.7054,98.0,108.0,,,,,,,,,,,,,,,,,,,,,,,,,,,,,,,,,,,,,,,,,,,,,,,78.3238,,78.3238,138450.0,,71.88,18.28,,,12.2831216518644,,11.901471156094901,13.4020618556701,,12.565445026178,64.8636,9.66,7.602,,,111800.0,142900.0,228200.0,119300.0,,,119300.0,119300.0,218800.0,986.0,979.0,0.654,891.0,987.0,atwatermercedca,Atwater,Merced,CA
79336,2011-09-30,atwatermercedca,28.570999999999998,100.0,104.0,,,,,,,,,,,,,,,,,,,,,,,,,,,,,,,,,,,,,,,,,,,,,,,73.2707,,73.2707,122275.0,,76.24,15.48,,,13.4568700132611,,13.6554462280492,12.5,,12.7659574468085,57.2168,9.58,7.444,,,108700.0,140600.0,224100.0,117300.0,,,117300.0,117400.0,216900.0,979.0,971.0,0.65,892.0,980.0,atwatermercedca,Atwater,Merced,CA
79337,2011-10-31,atwatermercedca,22.1035,100.0,110.0,,,,,,,,,,,,,,,,,,,,,,,,,,,,,,,,,,,,,,,,,,,,,,,71.0556,,68.6827,122825.0,,72.42,17.37,,,11.669548110409698,,11.1759782808905,12.3188405797101,,11.9402985074627,52.8067,9.58,7.2957,,,106800.0,140000.0,223400.0,116500.0,,,116500.0,116900.0,217400.0,975.0,967.0,0.6459999999999999,892.0,975.0,atwatermercedca,Atwater,Merced,CA
79338,2011-11-30,atwatermercedca,16.997,93.0,92.0,,,,,,,,,,,,,,,,,,,,,,,,,,,,,,,,,,,,,,,,,,,,,,,72.4278,,70.7669,126000.0,,69.9,18.71,,,11.081293397554902,,11.191922920081,12.213740458015302,,12.5984251968504,43.5384,9.62,7.209,,,106300.0,139600.0,222400.0,116000.0,,,116000.0,116400.0,217300.0,967.0,959.0,0.64,882.0,967.0,atwatermercedca,Atwater,Merced,CA
79339,2011-12-31,atwatermercedca,20.0485,88.0,88.0,,,,,,,,,,,,,,,,,,,,,,,,,,,,,,,,,,,,,,,,,,,,,,,71.9102,,73.3269,122750.0,,59.38,25.64,,,13.5224649954714,,12.6619675396115,12.931034482758601,,12.1739130434783,39.2576,9.7,7.0609,,,106500.0,139100.0,220400.0,115600.0,,,115600.0,115700.0,214900.0,967.0,959.0,0.638,880.0,967.0,atwatermercedca,Atwater,Merced,CA
79340,2012-01-31,atwatermercedca,28.1582,86.0,84.0,,,,,,,,,,,,,,,,,,,,,,,,,,,,,,,,,,,,,,,,,,,,,,,,,,,,54.71,30.3,,,9.12415085457935,,9.30606531943837,11.607142857142902,,11.607142857142902,42.6869,9.76,7.0732,,,107500.0,140000.0,220400.0,115600.0,,,115600.0,115500.0,213200.0,969.0,959.0,0.638,877.0,968.0,atwatermercedca,Atwater,Merced,CA
79341,2012-02-29,atwatermercedca,23.3331,82.0,70.0,,,,,,,,,,,,,,,,,,,,,,,,,,,,,,,,,,,,,,,,,,,,,,,,,,,,54.79,29.8,,,5.63808458874673,,5.841253255570769,4.9504950495049505,,4.9504950495049505,41.4423,9.75,6.8987,,,108200.0,140600.0,221100.0,115600.0,,,115600.0,115800.0,211800.0,975.0,965.0,0.642,882.0,975.0,atwatermercedca,Atwater,Merced,CA
79342,2012-03-31,atwatermercedca,18.0738,85.0,79.0,,,,,,,,,,,,,,,,,,,,,,,,,,,,,,,,,,,,,,,,,,,,,,,70.56056448451591,,70.56056448451591,130000.0,,54.32,31.12,,,8.29802457578122,,8.25165768911684,7.857142857142861,,7.9136690647482,34.5606,9.73,6.6642,,,107200.0,137700.0,217900.0,114100.0,,,114100.0,114400.0,207800.0,984.0,975.0,0.648,889.0,984.0,atwatermercedca,Atwater,Merced,CA
79343,2012-04-30,atwatermercedca,13.9178,94.0,91.0,,,,,,,,,,,,,,,,,,,,,,,,,,,,,,,,,,,,,,,,,,,,,,,66.7617,,70.4487,119411.7647,,48.25,36.53,,,8.59326672277007,,8.57097132212314,7.43801652892562,,7.563025210084031,35.8036,9.78,6.5284,,,106900.0,135600.0,216900.0,113100.0,,,113100.0,113400.0,206000.0,993.0,984.0,0.654,894.0,993.0,atwatermercedca,Atwater,Merced,CA
79344,2012-05-31,atwatermercedca,11.7339,99.0,98.0,,,,,,,,,,,,,,,,,,,,,,,,,,,,,,,,,,,,,,,,,,,,,,,70.7033,,72.89699999999999,134700.0,,32.06,53.59,,,8.403025291308321,,8.6054589271491,6.99300699300699,,7.092198581560281,38.6207,9.87,6.367999999999999,,,107600.0,134300.0,217500.0,112800.0,,,112800.0,113100.0,206500.0,1001.0,993.0,0.6559999999999999,896.0,1000.0,atwatermercedca,Atwater,Merced,CA
79345,2012-06-30,atwatermercedca,12.3457,99.0,98.0,,,,,,,,,,,,,,,,,,,,,,,,,,,,,,,,,,,,,,,,,,,,,,,73.3908,,74.331,135000.0,,25.13,61.98,,,6.62345621307902,,5.93976833894079,4.9645390070922,,4.34782608695652,33.7435,9.98,6.367999999999999,,,108600.0,134500.0,218900.0,113400.0,,,113400.0,113500.0,208700.0,1003.0,995.0,0.6579999999999999,892.0,1003.0,atwatermercedca,Atwater,Merced,CA
79346,2012-07-31,atwatermercedca,10.7682,100.0,102.0,,,,,,,,,,,,,,,,,,,,,,,,,,,,,,,,,,,,,,,,,,,,,,,75.7327,,75.7327,136300.0,,16.51,73.68,,,3.18069970111973,,2.6122382144301404,4.69798657718121,,4.1958041958042,30.8011,10.08,6.3186,,,109900.0,136300.0,221200.0,114600.0,,,114600.0,114600.0,211900.0,1002.0,994.0,0.6579999999999999,889.0,1002.0,atwatermercedca,Atwater,Merced,CA
79347,2012-08-31,atwatermercedca,9.9172,94.0,110.0,,,,,,,,,,,,,,,,,,,,,,,,,,,,,,,,,,,,,,,,,,,,,,,78.3932,,78.3932,140100.0,,11.95,80.64,,,4.63645547964751,,4.6390564329471795,5.755395683453241,,5.303030303030299,31.936,10.14,6.2816,,,111800.0,138800.0,224600.0,117100.0,,,117100.0,117000.0,215800.0,997.0,990.0,0.6559999999999999,887.0,998.0,atwatermercedca,Atwater,Merced,CA
79348,2012-09-30,atwatermercedca,12.548,79.0,81.0,,,,,,,,,,,,,,,,,,,,,,,,,,,,,,,,,,,,,,,,,,,,,,,75.7143,,77.3205,136200.0,,8.24,87.78,,,4.13147318786425,,3.36882762421592,3.17460317460317,,2.47933884297521,23.9567,10.22,6.2453,,,112400.0,138700.0,223900.0,118200.0,,,118200.0,118300.0,215100.0,995.0,987.0,0.6579999999999999,891.0,995.0,atwatermercedca,Atwater,Merced,CA
79349,2012-10-31,atwatermercedca,12.0815,65.0,70.0,,,,,,,,,,,,,,,,,,,,,,,,,,,,,,,,,,,,,,,,,,,,,,,73.7065,,,138900.0,,6.78,90.6,,,3.58799566629278,,3.62164468570853,4.23728813559322,,4.3859649122807,26.4795,10.32,6.1947,,,112500.0,138700.0,223000.0,119100.0,,,119100.0,119300.0,214700.0,991.0,985.0,0.66,896.0,992.0,atwatermercedca,Atwater,Merced,CA
79350,2012-11-30,atwatermercedca,12.945,57.0,56.0,,,,,,,,,,,,,,,,,,,,,,,,,,,,,,,,,,,,,,,,,,,,,,,,,,,,4.5,93.81,,,1.67129125729662,,1.50611908245392,2.8037383177570097,,2.9126213592232997,25.1347,10.5,5.9953,,,113500.0,140200.0,225700.0,121100.0,,,121100.0,121300.0,218600.0,983.0,977.0,0.66,892.0,983.0,atwatermercedca,Atwater,Merced,CA
79351,2012-12-31,atwatermercedca,13.5392,57.0,57.0,,,,,,,,,,,,,,,,,,,,,,,,,,,,,,,,,,,,,,,,,,,,,,,,,,,,4.37,94.42,,,6.20940804080266,,6.5856154717429805,5.617977528089889,,6.097560975609761,22.3048,10.57,5.6961,,,115700.0,143700.0,232700.0,124600.0,,,124600.0,125100.0,225800.0,984.0,978.0,0.662,896.0,985.0,atwatermercedca,Atwater,Merced,CA
79352,2013-01-31,atwatermercedca,11.5335,61.0,56.0,,,,,,,,,,,,,,,,,,,,,,,,,,,,,,,,,,,,,,,,,,,,,,,,,,,,3.91,95.21,,,8.75296305361627,,10.0446014746412,11.2359550561798,,12.3456790123457,27.4153,10.71,5.5715,,,117700.0,147600.0,240400.0,128400.0,,,128400.0,129200.0,231300.0,982.0,975.0,0.664,900.0,983.0,atwatermercedca,Atwater,Merced,CA
79353,2013-02-28,atwatermercedca,10.3598,61.0,58.0,,,,,,,,,,,,,,,,,,,,,,,,,,,,,,,,,,,,,,,,,,,,,,,,,,,,3.14,96.09,,,9.19822783711412,,9.879522251009641,8.51063829787234,,8.98876404494382,22.9864,10.89,5.5466,,,119300.0,150200.0,245700.0,130900.0,,,130900.0,131800.0,233900.0,984.0,977.0,0.6659999999999999,905.0,985.0,atwatermercedca,Atwater,Merced,CA
79354,2013-03-31,atwatermercedca,7.5033,50.0,45.0,,,,,,,,,,,,,,,,,,,,,,,,,,,,,,,,,,,,,,,,,,,,,,,83.6501901140685,,83.6501901140685,150000.0,,2.16,97.17,,,9.42964576358218,,10.0940861853442,8.98876404494382,,9.75609756097561,21.6282,11.15,5.4344,,,120800.0,151500.0,249000.0,132100.0,,,132100.0,132800.0,235500.0,984.0,977.0,0.6679999999999999,913.0,985.0,atwatermercedca,Atwater,Merced,CA
79355,2013-04-30,atwatermercedca,6.5215,41.0,31.0,,,,,,,,,,,,,,,,,,,,,,,,,,,,,,,,,,,,,,,,,,,,,,,85.3348,,86.4878,142941.1765,,1.58,97.89,,,7.037603135020929,,7.2579461120391,5.882352941176469,,6.25,20.9051,11.52,5.3596,,,122700.0,153100.0,251400.0,133000.0,,,133000.0,133700.0,237400.0,990.0,985.0,0.67,920.0,991.0,atwatermercedca,Atwater,Merced,CA
79356,2013-05-31,atwatermercedca,4.938,40.0,39.0,,,,,,,,,,,,,,,,,,,,,,,,,,,,,,,,,,,,,,,,,,,,,,,85.5298,,86.2158,145800.0,,1.17,98.24,,,4.9394300630072,,5.3107287000192,3.5294117647058796,,3.79746835443038,19.8995,11.81,5.2848,,,125900.0,156700.0,255000.0,135400.0,,,135400.0,135900.0,241000.0,997.0,993.0,0.67,923.0,998.0,atwatermercedca,Atwater,Merced,CA
79357,2013-06-30,atwatermercedca,4.3094,37.0,39.0,,,,,,,,,,,,,,,,,,,,,,,,,,,,,,,,,,,,,,,,,,,,,,,97.9029,,98.1969,170700.0,,0.8,99.03,,,8.80177434884397,,9.09194225198427,7.142857142857139,,7.5,20.6924,12.13,5.1477,,,130600.0,161500.0,258900.0,139600.0,,,139600.0,140100.0,246400.0,1004.0,1001.0,0.672,919.0,1004.0,atwatermercedca,Atwater,Merced,CA
79358,2013-07-31,atwatermercedca,3.2658,30.0,31.0,,,,,,,,,,,,,,,,,,,,,,,,,,,,,,,,,,,,,,,,,,,,,,,99.7029,,100.5649,169750.0,,0.6,99.06,,,4.19699883822423,,4.213535467901299,5.71428571428571,,5.7971014492753605,19.7801,12.33,5.1627,,,135500.0,165500.0,262700.0,144600.0,,,144600.0,145100.0,251700.0,1007.0,1004.0,0.67,908.0,1008.0,atwatermercedca,Atwater,Merced,CA
79359,2013-08-31,atwatermercedca,6.035,28.0,32.0,,,,,,,,,,,,,,,,,,,,,,,,,,,,,,,,,,,,,,,,,,,,,,,99.743,,100.3464,162050.0,,0.5,99.13,,,5.92331331732103,,6.478883272774019,7.04225352112676,,7.142857142857139,16.2966,12.33,5.212000000000001,,,140000.0,168700.0,267700.0,148100.0,,,148100.0,148600.0,253900.0,1010.0,1005.0,0.672,893.0,1011.0,atwatermercedca,Atwater,Merced,CA
79360,2013-09-30,atwatermercedca,3.5604,34.0,42.0,,,,,,,,,,,,,,,,,,,,,,,,,,,,,,,,,,,,,,,,,,,,,,,,,,169950.0,,0.54,99.21,,,3.22959728598835,,3.1883393559533597,2.2727272727272703,,2.29885057471264,14.4497,12.61,5.0118,,,144200.0,172800.0,275000.0,150900.0,,,150900.0,151300.0,256100.0,1013.0,1005.0,0.674,883.0,1014.0,atwatermercedca,Atwater,Merced,CA
79361,2013-10-31,atwatermercedca,5.8953,41.0,46.0,,,106.01228752405399,,,106.01228752405399,,,106.01228752405399,,,,,,,,,,,,,,,,,,,,,,,,,,,,,,,,,,,,,,97.1865,,97.1865,185150.0,,0.58,98.96,,,9.87702332017324,,9.76199556290151,10.5263157894737,,10.5263157894737,10.1613,12.82,4.947,,,148500.0,177900.0,282600.0,154200.0,,,154200.0,154600.0,261100.0,1017.0,1006.0,0.6759999999999999,878.0,1018.0,atwatermercedca,Atwater,Merced,CA
79362,2013-11-30,atwatermercedca,5.7464,47.0,51.0,,,107.73137697516898,,,105.865557391604,,,106.07000763316499,,,,,,,,,,,,,,,,,,,,,,,,,,,,,,,,,,,,,,104.4231,,104.4231,183350.0,,0.7,98.64,,,10.6955099287869,,10.6814098111427,11.827956989247301,,12.0879120879121,9.0884,13.16,4.956,,,152100.0,182600.0,291000.0,157800.0,,,157800.0,158300.0,267000.0,1009.0,999.0,0.672,866.0,1010.0,atwatermercedca,Atwater,Merced,CA
79363,2013-12-31,atwatermercedca,5.7842,49.0,52.0,,,108.238943933087,,,107.87469749659401,,,108.167708817804,,,,,,,,,,,,,,,,,,,,,,,,,,,,,,,,,,,,,,101.5922,,101.5922,157750.0,,0.98,98.37,,,14.0745765801285,,14.281157944409099,13.4831460674157,,13.7931034482759,8.4156,13.31,5.2286,,,154700.0,186300.0,298100.0,161200.0,,,161200.0,161800.0,269400.0,1007.0,998.0,0.67,863.0,1008.0,atwatermercedca,Atwater,Merced,CA
79364,2014-01-31,atwatermercedca,5.8606,47.0,40.0,,,105.67307692307699,,,106.350620834698,,,106.455266138165,,,,,,,,,,,,,,,,,,,,,,,,,,,,,,,,,,,,,,100.1544,,100.1544,150325.0,,0.94,98.56,,,16.183674664103197,,16.6178413812144,18.6666666666667,,18.918918918918898,12.0152,13.51,5.2782,,,155100.0,187700.0,299700.0,162600.0,,,162600.0,163000.0,269200.0,1009.0,1002.0,0.67,865.0,1009.0,atwatermercedca,Atwater,Merced,CA
79365,2014-02-28,atwatermercedca,5.0008,42.0,36.0,,,105.67307692307699,,,107.043903656053,,,107.62124349080901,,,,,,,,,,,,,,,,,,,,,,,,,,,,,,,,,,,,,,97.0684,,97.0684,156575.0,,1.13,98.45,,,5.95074743397862,,6.29616361147122,5.26315789473684,,5.405405405405411,13.7775,13.62,5.2905,,,154500.0,188300.0,298100.0,162300.0,,,162300.0,162400.0,270900.0,1018.0,1012.0,0.672,871.0,1018.0,atwatermercedca,Atwater,Merced,CA
79366,2014-03-31,atwatermercedca,3.6177,39.0,31.0,,,112.602535421327,,,110.119047619048,,,110.52489177489201,,,,,,,,,,,,,,,,,,,,,,,,,,,,,,,,,,,,,,,,,,,1.41,98.14,,,8.89158594399047,,8.90941719579721,8.45070422535211,,8.571428571428571,15.3077,13.61,5.1047,,,155000.0,190000.0,298400.0,162500.0,,,162500.0,162600.0,275600.0,1027.0,1021.0,0.674,880.0,1028.0,atwatermercedca,Atwater,Merced,CA
79367,2014-04-30,atwatermercedca,2.7425,36.0,33.0,,,112.119013062409,,,112.126245847176,,,112.94142980189501,,,,,,,,,,,,,,,,,,,,,,,,,,,,,,,,,,,,,,105.0593,,105.0593,153461.5385,,1.37,98.09,,,11.966061004655302,,11.966850221628098,10.8108108108108,,10.958904109589,10.1819,13.9,5.0929,,,156500.0,192800.0,300900.0,164000.0,,,164000.0,164400.0,280300.0,1028.0,1021.0,0.674,886.0,1028.0,atwatermercedca,Atwater,Merced,CA
79368,2014-05-31,atwatermercedca,3.3228,35.0,29.0,,,113.038906414301,,,112.58257613073799,,,112.126245847176,,,,,,,,,,,,,,,,,,,,,,,,,,,,,,,,,,,,,,114.9565,,114.9565,182352.9412,,2.17,97.03,,,13.910018298301301,,11.6581878818207,12.5,,10.1449275362319,12.4406,14.1,4.8947,,,158500.0,195200.0,301500.0,165900.0,,,165900.0,166300.0,284600.0,1023.0,1014.0,0.672,889.0,1023.0,atwatermercedca,Atwater,Merced,CA
79369,2014-06-30,atwatermercedca,3.977,36.0,36.0,,,111.70731707317101,,,111.612587108014,,,111.396910767274,,,,,,,,,,,,,,,,,,,,,,,,,,,,,,,,,,,,,,112.556,,112.556,187550.0,,3.33,95.54,,,13.4236230883398,,13.6401350230686,11.764705882352901,,12.0481927710843,9.2436,14.2,5.1549,,,159600.0,198000.0,301100.0,167600.0,,,167600.0,167800.0,287200.0,1016.0,1006.0,0.672,885.0,1016.0,atwatermercedca,Atwater,Merced,CA
79370,2014-07-31,atwatermercedca,3.3948,43.0,43.0,,,118.374143673103,,,116.94920282988501,,,115.789776811475,,,,,,,,,,,,,,,,,,,,,,,,,,,,,,,,,,,,,,113.8775,,,177060.0,,4.23,94.38,,,14.168987633742399,,15.0831006852926,15.686274509803901,,16.6666666666667,7.5,14.18,5.0186,,,159900.0,202500.0,302900.0,169400.0,,,169400.0,169700.0,288600.0,1012.0,1002.0,0.672,886.0,1012.0,atwatermercedca,Atwater,Merced,CA
79371,2014-08-31,atwatermercedca,2.9338,55.0,67.0,,,126.009726502311,122.24235907207199,,121.929824561404,,,121.606334841629,,,,,,,,,,,,,,,,,,,,,,,,,,,,,,,,,,,,,,112.3454,,110.5828,174690.0,,4.56,94.06,,,11.479484993044698,,11.7327203447929,12.5984251968504,,12.396694214876002,5.6938,14.16,5.0682,,,161300.0,207800.0,306700.0,171700.0,,,171700.0,172200.0,291600.0,1015.0,1005.0,0.672,890.0,1015.0,atwatermercedca,Atwater,Merced,CA
79372,2014-09-30,atwatermercedca,3.8913,63.0,70.0,,,132.203389830508,119.49183713070101,,125.563425627817,,,124.584487534626,,,,,,,,,,,,,,,,,,,,,,,,,,,,,,,,,,,,,,109.1346,,107.9903,186300.0,,6.53,91.67,,,10.4056889108989,,10.645586342216301,9.44881889763779,,9.75609756097561,9.051,14.04,5.4027,,,164500.0,211600.0,310000.0,174600.0,,,174600.0,175100.0,295600.0,1028.0,1018.0,0.68,902.0,1028.0,atwatermercedca,Atwater,Merced,CA
79373,2014-10-31,atwatermercedca,5.4377,67.0,71.0,,,129.770270996763,120.160213618158,,126.24684457266501,,,124.36552007713999,,,,,,,,,,,,,,,,,,,,,,,,,,,,,,,,,,,,,,114.1875,,109.105,196050.0,,8.95,88.14,,,11.850707530699598,,12.1389055798794,12.5,,12.9032258064516,8.1858,14.0,5.5514,,,166900.0,213600.0,312100.0,177000.0,,,177000.0,177400.0,298000.0,1041.0,1031.0,0.684,903.0,1041.0,atwatermercedca,Atwater,Merced,CA
79374,2014-11-30,atwatermercedca,6.1964,68.0,75.0,,,128.363228699552,125.428793828935,,122.239839937176,,,122.184954480115,,,,,,,,,,,,,,,,,,,,,,,,,,,,,,,,,,,,,,120.8414,,117.2836,177025.0,,11.06,85.37,,,10.5342196062063,,10.3582036055836,11.666666666666698,,11.764705882352901,11.3279,14.11,5.5886,,,168500.0,216100.0,313500.0,179200.0,,,179200.0,179600.0,300200.0,1052.0,1041.0,0.6859999999999999,901.0,1052.0,atwatermercedca,Atwater,Merced,CA
79375,2014-12-31,atwatermercedca,5.7516,66.0,66.0,,,127.097114597115,123.954642097803,,120.189873417722,,,120.189873417722,,,,249990.0,,,,,,,,,,,,,,,,,,,,,,,,,,,,,,,,,,114.1192,,112.5944,179175.0,,13.78,81.77,,,9.0026454659838,,8.899269449404251,8.41121495327103,,8.41121495327103,8.8249,14.21,5.4771,,,170200.0,219600.0,315400.0,181500.0,,,181500.0,181900.0,301700.0,1062.0,1050.0,0.69,903.0,1062.0,atwatermercedca,Atwater,Merced,CA
79376,2015-01-31,atwatermercedca,3.4171,65.0,58.0,,,124.460159467693,120.160213618158,,120.48819513582701,,,120.48819513582701,,,,223000.0,,,,,,,,,,,,,,,,,,,,,,,,,,,,,,,,,,110.3778,,110.3778,169750.0,,18.06,77.2,,,4.993643511455179,,4.36558912896218,7.476635514018691,,6.66666666666667,16.1503,14.49,5.3903,,,170800.0,222700.0,317100.0,183400.0,,,183400.0,183900.0,301100.0,1064.0,1052.0,0.6920000000000001,904.0,1065.0,atwatermercedca,Atwater,Merced,CA
79377,2015-02-28,atwatermercedca,2.5715,65.0,58.0,,,127.004246439946,120.72753520436599,,125.81585081585101,,,125.81585081585101,,,,252803.5,,,,,,,,,,,,,,,,,,,,,,,,,,,,,,,,,,117.7177,,117.7177,172250.0,,18.1,77.4,,,14.600633017502599,,15.050050241464099,13.913043478260901,,14.159292035398199,15.7551,14.73,5.316,,,171000.0,224100.0,318100.0,185200.0,,,185200.0,185700.0,301000.0,1062.0,1051.0,0.6920000000000001,901.0,1062.0,atwatermercedca,Atwater,Merced,CA
79378,2015-03-31,atwatermercedca,3.2406,65.0,58.0,,,120.189873417722,120.160213618158,,118.32555047640899,,,118.32555047640899,,,185000.0,259000.0,,224950.0,,,224950.0,,,,,,,,,,,,,,,,,,,,,,,,,,,,,123.0491,,123.0491,202925.0,,17.07,78.99,,,14.0002037525367,,13.8973106582669,13.559322033898301,,13.559322033898301,14.7442,14.74,5.3408,,,171300.0,224500.0,319400.0,186800.0,,,186800.0,187500.0,302700.0,1059.0,1048.0,0.6920000000000001,899.0,1060.0,atwatermercedca,Atwater,Merced,CA
79379,2015-04-30,atwatermercedca,3.1692,63.0,60.0,,,123.783783783784,120.90791738382099,,119.08591037171999,,,118.910457107076,,,189900.0,260000.0,,219900.0,,,223875.0,,,,,,,,,,,,,,,,,,,,,,,,,,,,,121.109,,121.109,196075.0,,16.02,79.77,,,15.9439825882107,,16.1158597811039,14.7887323943662,,15.107913669064699,12.8118,14.72,5.3408,,,171900.0,225000.0,321100.0,187900.0,,,187900.0,188700.0,304300.0,1062.0,1050.0,0.6940000000000001,902.0,1064.0,atwatermercedca,Atwater,Merced,CA
79380,2015-05-31,atwatermercedca,3.4905,64.0,56.0,,,127.634402169578,123.391812865497,,120.84380610412902,,,120.875861743975,,,202500.0,259000.0,,219900.0,,,224850.0,,,,,,,,,,,,,,,,,,,,,,,,,,,,,121.3445,,121.3445,207000.0,,15.23,80.79,,,12.521129409412401,,12.8768967092252,11.1111111111111,,11.3636363636364,12.7589,14.79,5.3532,,,172700.0,226500.0,323100.0,189300.0,,,189300.0,190100.0,305700.0,1066.0,1052.0,0.698,916.0,1067.0,atwatermercedca,Atwater,Merced,CA
79381,2015-06-30,atwatermercedca,3.6986,68.0,70.0,,,128.813559322034,122.149865124659,,123.391812865497,,,123.393316195373,,,206000.0,259950.0,,229900.0,,,231000.0,,,,,,,,,,,,,,,,,,,,,,,,,,,,,120.3572,,120.3572,214600.0,,15.82,80.05,,,11.314089619779901,,11.5210202661687,9.6551724137931,,9.9290780141844,11.4469,14.42,5.6382,,,173900.0,228400.0,324900.0,190800.0,,,190800.0,191800.0,306900.0,1078.0,1063.0,0.7040000000000001,937.0,1079.0,atwatermercedca,Atwater,Merced,CA
79382,2015-07-31,atwatermercedca,3.898,70.0,74.0,,,128.62991050213802,126.210881852856,,124.426981008513,,,124.426981008513,,,205000.0,268500.0,,230000.0,,,232000.0,,,,,,,,,,,,,,,,,,,,,,,,,,,,,124.0648,,124.0648,219850.0,,14.66,81.17,,,13.376330145215098,,12.804923227259,14.8936170212766,,14.388489208633098,11.543,14.33,5.6629,,,175300.0,229100.0,325500.0,192300.0,,,192300.0,193600.0,308500.0,1088.0,1077.0,0.71,959.0,1089.0,atwatermercedca,Atwater,Merced,CA
79383,2015-08-31,atwatermercedca,2.59,70.0,77.0,,,129.052631578947,124.602597963652,,126.24561403508801,,,126.24561403508801,,,214000.0,262450.0,,228500.0,,,229000.0,,,,,,,,,,,,,,,,,,,,,,,,,,,,,124.5906,,124.5906,206600.0,,15.42,79.94,,,11.619913299379,,11.5155133094041,12.7388535031847,,12.1794871794872,10.6065,14.4,5.5762,,,177800.0,229100.0,326800.0,194200.0,,,194200.0,195400.0,312100.0,1096.0,1088.0,0.716,976.0,1097.0,atwatermercedca,Atwater,Merced,CA
79384,2015-09-30,atwatermercedca,1.6792,71.0,78.0,,,133.397017045455,123.65010799136101,,128.813559322034,,,128.82563931014,,,219000.0,268000.0,,234900.0,,,234950.0,,,,,,,,,,,,,,,,,,,,,,,,,,,,,132.6335,,132.6335,210600.0,,16.02,78.51,,,15.7456024076273,,15.7831058025173,14.7887323943662,,14.8936170212766,13.825999999999999,14.68,5.3656,,,181500.0,230100.0,330900.0,196500.0,,,196500.0,197300.0,317400.0,1095.0,1088.0,0.72,988.0,1096.0,atwatermercedca,Atwater,Merced,CA
79385,2015-10-31,atwatermercedca,1.9813,73.0,77.0,,,134.776154028249,124.285714285714,,128.83771929824601,,,128.82563931014,,,215000.0,264900.0,,232000.0,,,232000.0,,,,,,,,,,,,,,,,,,,,,,,,,,,,,130.5198,,130.5198,211100.0,,12.11,83.35,,,12.275877598726803,,12.249378403564801,12.925170068027198,,13.013698630137,11.0575,15.01,5.2788,,,184500.0,231200.0,333300.0,197500.0,,,197500.0,198200.0,320300.0,1090.0,1084.0,0.72,994.0,1090.0,atwatermercedca,Atwater,Merced,CA
79386,2015-11-30,atwatermercedca,2.511,74.0,79.0,,,134.69473684210502,123.110151187905,,128.295668549906,,,127.777777777778,,,214000.0,255000.0,,227200.0,,,228000.0,,,,,,,,,,,,,,,,,,,,,,,,,,,,,,,,,,11.96,83.65,,,10.7194047913915,,10.7147098444427,11.8518518518519,,12.121212121212098,7.359,15.22,5.1797,,,186200.0,231400.0,333100.0,197200.0,,,197200.0,197900.0,321600.0,1086.0,1082.0,0.718,990.0,1086.0,atwatermercedca,Atwater,Merced,CA
79387,2015-12-31,atwatermercedca,2.639,71.0,75.0,,,134.69473684210502,124.136069114471,,129.96130542093002,,,129.956663055255,,,209900.0,245000.0,,224900.0,,,225000.0,,,,,,,,,,,,,,,,,,,,,,,,,,,,,129.6275,,129.6275,198461.5385,,11.34,84.04,,,6.5173564386387,,6.54866055673929,5.925925925925929,,6.06060606060606,9.8052,15.13,5.1301,,,187300.0,231300.0,332800.0,196100.0,,,196100.0,196800.0,321800.0,1091.0,1087.0,0.722,994.0,1091.0,atwatermercedca,Atwater,Merced,CA
79388,2016-01-31,atwatermercedca,1.304,64.0,56.0,,,131.64703639330298,126.817157757528,,126.95836273817899,,,127.10323337342301,,,215000.0,239950.0,,226000.0,,,226450.0,,,,,,,,,,,,,,,,,,,,,,,,,,,,,121.5811,,121.5811,197941.1765,,10.95,83.39,,,14.7583873077813,,15.090226810121601,17.2413793103448,,17.3913043478261,10.6818,14.83,5.1053,,,188300.0,232000.0,333800.0,195600.0,,,195600.0,196100.0,321400.0,1103.0,1098.0,0.73,1004.0,1103.0,atwatermercedca,Atwater,Merced,CA
79389,2016-02-29,atwatermercedca,2.5153,60.0,49.0,,,139.296187683284,127.101638687087,,129.459390331304,,,129.594391587381,,,226450.0,251900.0,,232400.0,,,234900.0,,,,,,,,,,,,,,,,,,,,,,,,,,,,,117.9606,,117.9606,206750.0,,11.02,83.3,,,7.68758953924178,,7.96146527677289,7.0,,7.070707070707071,7.7262,14.71,5.1177,,,189600.0,233100.0,335400.0,196500.0,,,196500.0,197000.0,321600.0,1115.0,1109.0,0.74,1020.0,1115.0,atwatermercedca,Atwater,Merced,CA
79390,2016-03-31,atwatermercedca,3.4156,64.0,59.0,,,139.695839343671,127.367424242424,,136.031175059952,,,136.031175059952,,,224900.0,235000.0,,230000.0,,,230500.0,,,,,,,,,,,,,,,,,,,,,,,,,,,,,123.691,,123.691,217750.0,,10.5,83.91,,,11.7312042992835,,10.9937263292867,11.2903225806452,,10.655737704918,12.1689,14.76,5.1301,,,191600.0,234400.0,337200.0,198900.0,,,198900.0,199500.0,324400.0,1125.0,1120.0,0.748,1042.0,1125.0,atwatermercedca,Atwater,Merced,CA
79391,2016-04-30,atwatermercedca,3.9532,68.0,64.0,,,143.557312252964,128.64296444667,,139.06649616368298,,,138.97769252628598,,,219000.0,256900.0,,226000.0,,,228400.0,,,,,,,,,,,,,,,,,,,,,,,,,,,,,126.3005,,126.3005,211000.0,,11.41,82.51,,,10.0441390827333,,10.098855202948199,8.888888888888891,,9.09090909090909,10.7309,14.78,5.1549,,,193400.0,236100.0,338800.0,201700.0,,,201700.0,202100.0,327300.0,1128.0,1124.0,0.7559999999999999,1061.0,1129.0,atwatermercedca,Atwater,Merced,CA
79392,2016-05-31,atwatermercedca,3.888,68.0,67.0,,,144.589552238806,128.64296444667,,137.760258439191,,,137.468030690537,,,210000.0,239000.0,,226000.0,,,228400.0,,,,,,,,,,,,,,,,,,,,,,,,,,,,,130.0925,,130.0925,205250.0,,7.13,87.59,,,14.5679130351434,,14.9360791375351,13.1578947368421,,13.422818791946302,5.3241,14.99,5.1053,,,195100.0,238600.0,341900.0,204000.0,,,204000.0,204300.0,329800.0,1133.0,1127.0,0.762,1073.0,1132.0,atwatermercedca,Atwater,Merced,CA
79393,2016-06-30,atwatermercedca,2.6045,65.0,61.0,,,145.509708737864,131.170662905501,,137.568784392196,,,137.568784392196,,,212450.0,255000.0,,229900.0,,,233000.0,,,,,,,,,,,,,,,,,,,,,,,,,,,,,133.9311,,133.9311,211050.0,,7.38,87.88,,,11.0339172059868,,11.2073268673689,9.375,,9.61538461538461,3.5976,15.02,4.8947,,,196800.0,239700.0,346400.0,205200.0,,,205200.0,205700.0,332400.0,1138.0,1131.0,0.7659999999999999,1080.0,1137.0,atwatermercedca,Atwater,Merced,CA
79394,2016-07-31,atwatermercedca,1.7356,62.0,70.0,,,144.58798392034402,132.72921108742,,136.031175059952,,,136.96537678207702,,,215000.0,254900.0,,229950.0,,,233450.0,,,,,,,,,,,,,,,,,,,,,,,,,,,,,137.5193,,137.5193,,,6.78,88.6,,,9.17453702330959,,9.38417595410981,10.6918238993711,,10.967741935483902,7.1554,14.85,4.9318,,,198200.0,239500.0,349400.0,205900.0,,,205900.0,206300.0,335400.0,1147.0,1139.0,0.768,1083.0,1145.0,atwatermercedca,Atwater,Merced,CA
79395,2016-08-31,atwatermercedca,1.3492,55.0,63.0,,,139.46331801191099,135.097747792344,,135.682631697586,,,136.498275921015,,,220000.0,253900.0,,239900.0,,,240000.0,,,,,,,,,,,,,,,,,,,,,,,,,,,,,,,,,,6.47,89.65,,,14.2143931295276,,14.404519280601802,15.333333333333302,,15.068493150684901,9.662,14.77,5.0062,,,199900.0,240500.0,351400.0,207800.0,,,207800.0,208100.0,339800.0,1159.0,1152.0,0.77,1084.0,1158.0,atwatermercedca,Atwater,Merced,CA
79396,2016-09-30,atwatermercedca,1.3345,47.0,51.0,,,150.792023125903,131.40887548470502,,143.12813171080901,,,143.76996805111798,,,229900.0,250000.0,,243460.0,,,249000.0,,,,,,,,,,,,,,,,,,,,,,,,,,,,,,,,,,5.58,91.41,,,9.353816578146569,,9.619647511399439,8.3969465648855,,8.730158730158731,11.4614,14.79,4.9814,,,203100.0,243900.0,354200.0,211500.0,,,211500.0,212000.0,346300.0,1173.0,1166.0,0.7759999999999999,1090.0,1172.0,atwatermercedca,Atwater,Merced,CA
79397,2016-10-31,atwatermercedca,0.6621,45.0,49.0,,,151.729559748428,143.71980676328502,,145.76748065351,,,146.75767918088698,,,235450.0,250000.0,,249000.0,,,249950.0,,,,,,,,,,,,,,,,,,,,,,,,,,,,,,,,,,5.04,92.52,,,8.581476761468789,,8.83567977342783,9.23076923076923,,9.6,10.3579,14.87,5.0062,,,205800.0,246500.0,355600.0,214700.0,,,214700.0,215300.0,351300.0,1181.0,1175.0,0.782,1098.0,1180.0,atwatermercedca,Atwater,Merced,CA
79398,2016-11-30,atwatermercedca,,47.0,53.0,,,148.976982097187,145.131938125569,,145.573263558516,,,146.75767918088698,,,225000.0,269900.0,,248000.0,,,249450.0,,,,,,,,,,,,,,,,,,,,,,,,,,,,,,,,,,4.47,93.06,,,18.867552939539603,,19.426831056563998,20.0,,20.8333333333333,9.9861,15.02,5.1177,,,207300.0,247300.0,354400.0,216700.0,,,216700.0,217100.0,353900.0,1184.0,1177.0,0.7879999999999999,1106.0,1182.0,atwatermercedca,Atwater,Merced,CA
79399,2016-12-31,atwatermercedca,1.3101,48.0,48.0,,,152.342896867411,145.550782146896,,150.867052023121,,,151.950190196423,,,229250.0,271750.0,,249450.0,,,250000.0,,,,,,,,,,,,,,,,,,,,,,,,,,,,,,,,,,3.88,93.81,,,6.65203657331883,,6.80384396981744,6.06060606060606,,6.31578947368421,7.0072,15.23,4.9442,,,208700.0,248200.0,354800.0,218900.0,,,218900.0,219400.0,355400.0,1186.0,1179.0,0.792,1118.0,1185.0,atwatermercedca,Atwater,Merced,CA
79400,2017-01-31,atwatermercedca,0.9171,50.0,44.0,,,154.503922267784,143.743433863899,,151.057285019217,,,152.251655629139,,,238900.0,268400.0,,250000.0,,,252000.0,,,,,,,,,,,,,,,,,,,,,,,,,,,,,,,,,,2.57,95.81,,,4.856457538720901,,5.3912301546032,7.3394495412844005,,7.692307692307691,10.1646,15.22,4.8451,,,211000.0,250000.0,357800.0,221600.0,,,221600.0,222200.0,357300.0,1193.0,1186.0,0.7979999999999999,1127.0,1192.0,atwatermercedca,Atwater,Merced,CA
79401,2017-02-28,atwatermercedca,1.0617,55.0,46.0,,,154.577464788732,144.093686354379,,152.251655629139,,,152.376828805648,,,240000.0,283000.0,,254950.0,,,255000.0,,,,,,,,,,,,,,,,,,,,,,,,,,,,,,,,,,1.96,96.64,,,8.869407721059961,,8.50980582511344,8.18181818181818,,7.61904761904762,12.795,15.24,4.8079,,,212900.0,251200.0,359700.0,223600.0,,,223600.0,224400.0,358100.0,1205.0,1196.0,0.804,1136.0,1203.0,atwatermercedca,Atwater,Merced,CA
79402,2017-03-31,atwatermercedca,1.1613,57.0,54.0,,,151.859157649869,143.767060964513,,149.94829369183,,,150.12972488524798,,,238950.0,275000.0,,249250.0,,,254911.0,,,,,,,,,,,,,,,,,,,,,,,,,,,,,,,,,,2.11,96.29,,,12.8375759335144,,12.618690378754598,12.396694214876002,,12.280701754386001,7.1429,15.23,4.6716,,,214400.0,252200.0,360100.0,225700.0,,,225700.0,226300.0,359100.0,1222.0,1211.0,0.81,1142.0,1219.0,atwatermercedca,Atwater,Merced,CA
79403,2017-04-30,atwatermercedca,0.6859,57.0,51.0,,,152.251655629139,149.37916270218798,,149.965605677483,,,150.423330197554,,,242000.0,287600.0,,249500.0,,,254911.0,,,,,,,,,,,,,,,,,,,,,,,,,,,,,,,,,,1.24,97.23,,,9.35197150531986,,8.7002538043468,8.196721311475411,,7.692307692307691,5.7143,15.44,4.4981,,,216600.0,254500.0,361800.0,229300.0,,,229300.0,229800.0,361300.0,1237.0,1226.0,0.816,1146.0,1234.0,atwatermercedca,Atwater,Merced,CA
79404,2017-05-31,atwatermercedca,,55.0,51.0,,,160.93357849357798,148.660917458353,,151.006711409396,,,151.12160566706,,,242500.0,304997.5,,255000.0,,,259000.0,,,,,,,,,,,,,,,,,,,,,,,,,,,,,,,,,,1.01,98.04,,,11.1115108356148,,11.513260345588801,9.70149253731343,,10.0,8.3824,15.56,4.3247,,,219800.0,258000.0,365800.0,233200.0,,,233200.0,233700.0,366700.0,1248.0,1242.0,0.8220000000000001,1146.0,1246.0,atwatermercedca,Atwater,Merced,CA
79405,2017-06-30,atwatermercedca,,55.0,54.0,,,163.846662856425,149.976926626673,,154.588264059122,,,154.588264059122,,,243950.0,304995.0,,250000.0,,,251000.0,,,,,,,,,,,,,,,,,,,,,,,,,,,,,,,,,,1.24,97.72,,,10.3255838726535,,10.4960518410254,8.66666666666667,,8.9041095890411,,15.44,3.8289999999999997,,,223100.0,262500.0,371600.0,236400.0,,,236400.0,236600.0,373100.0,1257.0,1253.0,0.8320000000000001,1153.0,1256.0,atwatermercedca,Atwater,Merced,CA
79406,2017-07-31,atwatermercedca,,54.0,60.0,,,165.447380821865,149.976926626673,,158.76148412499398,,,159.05752753978,,,244900.0,295000.0,,250000.0,,,250000.0,,,,,,,,,,,,,,,,,,,,,,,,,,,,,,,,,,1.1,98.13,,,15.748900174298198,,16.326881779820003,17.2661870503597,,17.910447761194,,15.61,3.3829,,,226300.0,266700.0,377500.0,239500.0,,,239500.0,239900.0,379500.0,1264.0,1258.0,0.84,1162.0,1263.0,atwatermercedca,Atwater,Merced,CA
79407,2017-08-31,atwatermercedca,,52.0,59.0,,,164.690382081686,149.263721552878,,158.892362890825,,,158.892362890825,,,239900.0,309000.0,,253000.0,,,257000.0,,,,,,,,,,,,,,,,,,,,,,,,,,,,,,,,,,1.26,98.1,,,16.2038944418636,,15.864951749751599,17.3228346456693,,16.5289256198347,,15.79,2.9244,,,228900.0,269600.0,381900.0,242500.0,,,242500.0,243400.0,384500.0,1266.0,1257.0,0.846,1174.0,1265.0,atwatermercedca,Atwater,Merced,CA
532196,1996-04-30,delhimercedca,,,,,,,,,,,,,,,,,,,,,,,,,,,,,,,,,,,,,,,,,,,,,,,,,,78.0669144981413,,78.0669144981413,105000.0,,,,,,,,,,,,,,,,,,,122900.0,,,,,,108300.0,,,,,,delhimercedca,Delhi,Merced,CA
532197,1996-05-31,delhimercedca,,,,,,,,,,,,,,,,,,,,,,,,,,,,,,,,,,,,,,,,,,,,,,,,,,75.1677,,75.1677,97647.0588,,,,,,,,,,,,,,,,,,,116500.0,,,,,,105100.0,,,,,,delhimercedca,Delhi,Merced,CA
532198,1996-06-30,delhimercedca,,,,,,,,,,,,,,,,,,,,,,,,,,,,,,,,,,,,,,,,,,,,,,,,,,74.7416,,74.7416,100875.0,,,,,,,,,,,,,,,,,,,114600.0,,,,,,104100.0,,,,,,delhimercedca,Delhi,Merced,CA
532199,1996-07-31,delhimercedca,,,,,,,,,,,,,,,,,,,,,,,,,,,,,,,,,,,,,,,,,,,,,,,,,,,,,,,,,,,,,,,,,,,,,,,,114700.0,,,,,,104400.0,,,,,,delhimercedca,Delhi,Merced,CA
532200,1996-08-31,delhimercedca,,,,,,,,,,,,,,,,,,,,,,,,,,,,,,,,,,,,,,,,,,,,,,,,,,,,,,,,,,,,,,,,,,,,,,,,114400.0,,,,,,104300.0,,,,,,delhimercedca,Delhi,Merced,CA
532201,1996-09-30,delhimercedca,,,,,,,,,,,,,,,,,,,,,,,,,,,,,,,,,,,,,,,,,,,,,,,,,,,,,,,,,,,,,,,,,,,,,,,,114100.0,,,,,,104000.0,,,,,,delhimercedca,Delhi,Merced,CA
532202,1996-10-31,delhimercedca,,,,,,,,,,,,,,,,,,,,,,,,,,,,,,,,,,,,,,,,,,,,,,,,,,,,,,,,,,,,,,,,,,,,,,,,114700.0,,,,,,104000.0,,,,,,delhimercedca,Delhi,Merced,CA
532203,1996-11-30,delhimercedca,,,,,,,,,,,,,,,,,,,,,,,,,,,,,,,,,,,,,,,,,,,,,,,,,,,,,,,,,,,,,,,,,,,,,,,,116200.0,,,,,,104600.0,,,,,,delhimercedca,Delhi,Merced,CA
532204,1996-12-31,delhimercedca,,,,,,,,,,,,,,,,,,,,,,,,,,,,,,,,,,,,,,,,,,,,,,,,,,73.61963190184049,,73.61963190184049,99000.0,,,,,,,,,,,,,,,,,,,119200.0,,,,,,105900.0,,,,,,delhimercedca,Delhi,Merced,CA
532205,1997-01-31,delhimercedca,,,,,,,,,,,,,,,,,,,,,,,,,,,,,,,,,,,,,,,,,,,,,,,,,,74.3256,,74.3256,100176.4706,,,,,,,,,,,,,,,,,,,122300.0,,,,,,107300.0,,,,,,delhimercedca,Delhi,Merced,CA
532206,1997-02-28,delhimercedca,,,,,,,,,,,,,,,,,,,,,,,,,,,,,,,,,,,,,,,,,,,,,,,,,,77.0068,,77.0068,103200.0,,,,,,,,,,,,,,,,,,,124300.0,,,,,,108000.0,,,,,,delhimercedca,Delhi,Merced,CA
532207,1997-03-31,delhimercedca,,,,,,,,,,,,,,,,,,,,,,,,,,,,,,,,,,,,,,,,,,,,,,,,,,,,,,,,,,,,,,,,,,,,,,,,126200.0,,,,,,109100.0,,,,,,delhimercedca,Delhi,Merced,CA
532208,1997-04-30,delhimercedca,,,,,,,,,,,,,,,,,,,,,,,,,,,,,,,,,,,,,,,,,,,,,,,,,,,,,,,,,,,,,,,,,,,,,,,,129400.0,,,,,,111600.0,,,,,,delhimercedca,Delhi,Merced,CA
532209,1997-05-31,delhimercedca,,,,,,,,,,,,,,,,,,,,,,,,,,,,,,,,,,,,,,,,,,,,,,,,,,73.1244064577398,,73.1244064577398,100000.0,,,,,,,,,,,,,,,,,,,132800.0,,,,,,113600.0,,,,,,delhimercedca,Delhi,Merced,CA
532210,1997-06-30,delhimercedca,,,,,,,,,,,,,,,,,,,,,,,,,,,,,,,,,,,,,,,,,,,,,,,,,,74.96300000000001,,74.96300000000001,105588.2353,,,,,,,,,,,,,,,,,,,133800.0,,,,,,114300.0,,,,,,delhimercedca,Delhi,Merced,CA
532211,1997-07-31,delhimercedca,,,,,,,,,,,,,,,,,,,,,,,,,,,,,,,,,,,,,,,,,,,,,,,,,,76.3179,,76.3179,101575.0,,,,,,,,,,,,,,,,,,,132100.0,,,,,,114600.0,,,,,,delhimercedca,Delhi,Merced,CA
532212,1997-08-31,delhimercedca,,,,,,,,,,,,,,,,,,,,,,,,,,,,,,,,,,,,,,,,,,,,,,,,,,75.4048,,75.4048,100200.0,,,,,,,,,,,,,,,,,,,131700.0,,,,,,115600.0,,,,,,delhimercedca,Delhi,Merced,CA
532213,1997-09-30,delhimercedca,,,,,,,,,,,,,,,,,,,,,,,,,,,,,,,,,,,,,,,,,,,,,,,,,,73.9856,,73.9856,90475.0,,,,,,,,,,,,,,,,,,,133300.0,,,,,,117200.0,,,,,,delhimercedca,Delhi,Merced,CA
532214,1997-10-31,delhimercedca,,,,,,,,,,,,,,,,,,,,,,,,,,,,,,,,,,,,,,,,,,,,,,,,,,72.2147,,72.2147,92950.0,,,,,,,,,,,,,,,,,,,134600.0,,,,,,118200.0,,,,,,delhimercedca,Delhi,Merced,CA
532215,1997-11-30,delhimercedca,,,,,,,,,,,,,,,,,,,,,,,,,,,,,,,,,,,,,,,,,,,,,,,,,,,,,,,,,,,,,,,,,,,,,,,,135200.0,,,,,,119000.0,,,,,,delhimercedca,Delhi,Merced,CA
532216,1997-12-31,delhimercedca,,,,,,,,,,,,,,,,,,,,,,,,,,,,,,,,,,,,,,,,,,,,,,,,,,73.3903,,73.3903,108500.0,,,,,,,,,,,,,,,,,,,136100.0,,,,,,119900.0,,,,,,delhimercedca,Delhi,Merced,CA
532217,1998-01-31,delhimercedca,4.5746,,,,,,,,,,,,,,,,,,,,,,,,,,,,,,,,,,,,,,,,,,,,,,,,,,,,,,,,,,,,,,,,,,6.5784,,,,,135600.0,,,,,,120700.0,,,,,,delhimercedca,Delhi,Merced,CA
532218,1998-02-28,delhimercedca,3.8539999999999996,,,,,,,,,,,,,,,,,,,,,,,,,,,,,,,,,,,,,,,,,,,,,,,,,,,,,,,,,,,,,,,,,,6.3138,,,,,134600.0,,,,,,120800.0,,,,,,delhimercedca,Delhi,Merced,CA
532219,1998-03-31,delhimercedca,2.298,,,,,,,,,,,,,,,,,,,,,,,,,,,,,,,,,,,,,,,,,,,,,,,,,,,,,,,,,,,,,,,,16.6667,,6.3894,,,,,133900.0,,,,,,120800.0,,,,,,delhimercedca,Delhi,Merced,CA
532220,1998-04-30,delhimercedca,4.9337,,,,,,,,,,,,,,,,,,,,,,,,,,,,,,,,,,,,,,,,,,,,,,,,,,,,,,,,,,,,,,,,,,6.1626,,,,,136500.0,,,,,,120100.0,,,,,,delhimercedca,Delhi,Merced,CA
532221,1998-05-31,delhimercedca,7.7155,,,,,,,,,,,,,,,,,,,,,,,,,,,,,,,,,,,,,,,,,,,,,,,,,77.8388278388278,,77.8388278388278,96000.0,,,,,,,,,,,,19.2308,,5.9735,,,,,,,,,,,,,,,,,delhimercedca,Delhi,Merced,CA
532222,1998-06-30,delhimercedca,4.5991,,,,,,,,,,,,,,,,,,,,,,,,,,,,,,,,,,,,,,,,,,,,,,,,,,,,,,,,,,,,,,,,,,5.6711,,,,,,,,,,,,,,,,,delhimercedca,Delhi,Merced,CA
532223,1998-07-31,delhimercedca,13.7793,,,,,,,,,,,,,,,,,,,,,,,,,,,,,,,,,,,,,,,,,,,,,,,,,,,,,,,,,,,,,,,,,,5.5198,,,,,141200.0,,,,,,118600.0,,,,,,delhimercedca,Delhi,Merced,CA
532224,1998-08-31,delhimercedca,10.7552,,,,,,,,,,,,,,,,,,,,,,,,,,,,,,,,,,,,,,,,,,,,,,,,,69.7350069735007,,69.7350069735007,100000.0,,,,,,,,,,,,5.5556,,5.6711,,,,,142600.0,,,,,,117300.0,,,,,,delhimercedca,Delhi,Merced,CA
532225,1998-09-30,delhimercedca,11.3574,,,,,,,,,,,,,,,,,,,,,,,,,,,,,,,,,,,,,,,,,,,,,,,,,75.7332,,75.7332,97647.0588,,,,,,,,,,,,19.0943,,5.6333,,,,,140600.0,,,,,,116700.0,,,,,,delhimercedca,Delhi,Merced,CA
532226,1998-10-31,delhimercedca,7.3457,,,,,,,,,,,,,,,,,,,,,,,,,,,,,,,,,,,,,,,,,,,,,,,,,,,,,,,,,,,,,,,,15.0,,5.5955,,,,,142300.0,,,,,,116700.0,,,,,,delhimercedca,Delhi,Merced,CA
532227,1998-11-30,delhimercedca,10.7027,,,,,,,,,,,,,,,,,,,,,,,,,,,,,,,,,,,,,,,,,,,,,,,,,78.1919,,78.1919,95230.7692,,,,,,,,,,,,14.7024,,5.9735,,,,,143200.0,,,,,,116800.0,,,,,,delhimercedca,Delhi,Merced,CA
532228,1998-12-31,delhimercedca,9.7683,,,,,,,,,,,,,,,,,,,,,,,,,,,,,,,,,,,,,,,,,,,,,,,,,78.7781,,78.7781,100294.1176,,,,,,,,,,,,9.625,,5.9357,,,,,142600.0,,,,,,116200.0,,,,,,delhimercedca,Delhi,Merced,CA
532229,1999-01-31,delhimercedca,7.3646,,,,,,,,,,,,,,,,,,,,,,,,,,,,,,,,,,,,,,,,,,,,,,,,,,,,,,,,,,,,,,,,,,5.8223,,,,,142200.0,,,,,,115500.0,,,,,,delhimercedca,Delhi,Merced,CA
532230,1999-02-28,delhimercedca,4.8498,,,,,,,,,,,,,,,,,,,,,,,,,,,,,,,,,,,,,,,,,,,,,,,,,77.26100000000001,,77.26100000000001,109384.6154,,,,,,,,,,,,19.1938,,6.0491,,,,,144900.0,,,,,,116100.0,,,,,,delhimercedca,Delhi,Merced,CA
532231,1999-03-31,delhimercedca,2.0946,,,,,,,,,,,,,,,,,,,,,,,,,,,,,,,,,,,,,,,,,,,,,,,,,77.9284,,77.9284,109235.2941,,,,,,,,,,,,9.5023,,6.087000000000001,,,,,147300.0,,,,,,116800.0,,,,,,delhimercedca,Delhi,Merced,CA
532232,1999-04-30,delhimercedca,4.7918,,,,,,,,,,,,,,,,,,,,,,,,,,,,,,,,,,,,,,,,,,,,,,,,,78.182,,78.182,100950.0,,,,,,,,,,,,10.9615,,6.5028,,,,,149300.0,,,,,,117500.0,,,,,,delhimercedca,Delhi,Merced,CA
532233,1999-05-31,delhimercedca,2.9412,,,,,,,,,,,,,,,,,,,,,,,,,,,,,,,,,,,,,,,,,,,,,,,,,,,,,,,,,,,,,,,,14.3409,,6.276,,,,,151200.0,,,,,,118100.0,,,,,,delhimercedca,Delhi,Merced,CA
532234,1999-06-30,delhimercedca,,,,,,,,,,,,,,,,,,,,,,,,,,,,,,,,,,,,,,,,,,,,,,,,,,84.6696,,84.6696,101461.5385,,,,,,,,,,,,11.947000000000001,,6.5028,,,,,154500.0,,,,,,118700.0,,,,,,delhimercedca,Delhi,Merced,CA
532235,1999-07-31,delhimercedca,2.0137,,,,,,,,,,,,,,,,,,,,,,,,,,,,,,,,,,,,,,,,,,,,,,,,,,,,,,,,,,,,,,,,,,6.5784,,,,,156700.0,,,,,,121100.0,,,,,,delhimercedca,Delhi,Merced,CA
532236,1999-08-31,delhimercedca,3.4233,,,,,,,,,,,,,,,,,,,,,,,,,,,,,,,,,,,,,,,,,,,,,,,,,,,,,,,,,,,,,,,,,,6.1626,,,,,157400.0,,,,,,125200.0,,,,,,delhimercedca,Delhi,Merced,CA
532237,1999-09-30,delhimercedca,4.2241,,,,,,,,,,,,,,,,,,,,,,,,,,,,,,,,,,,,,,,,,,,,,,,,,78.9775990809879,,78.9775990809879,110000.0,,,,,,,,,,,,18.1818,,5.9735,,,,,158200.0,,,,,,127700.0,,,,,,delhimercedca,Delhi,Merced,CA
532238,1999-10-31,delhimercedca,4.1651,,,,,,,,,,,,,,,,,,,,,,,,,,,,,,,,,,,,,,,,,,,,,,,,,78.2187,,78.2187,110588.2353,,,,,,,,,,,,10.9469,,6.1248,,,,,157900.0,,,,,,128300.0,,,,,,delhimercedca,Delhi,Merced,CA
532239,1999-11-30,delhimercedca,2.0727,,,,,,,,,,,,,,,,,,,,,,,,,,,,,,,,,,,,,,,,,,,,,,,,,,,,,,,,,,,,,,,,,,5.6711,,,,,155300.0,,,,,,129100.0,,,,,,delhimercedca,Delhi,Merced,CA
532240,1999-12-31,delhimercedca,2.5634,,,,,,,,,,,,,,,,,,,,,,,,,,,,,,,,,,,,,,,,,,,,,,,,,77.6934,,77.6934,107153.8462,,,,,,,,,,,,17.840999999999998,,5.5198,,,,,151000.0,,,,,,130200.0,,,,,,delhimercedca,Delhi,Merced,CA
532241,2000-01-31,delhimercedca,8.1804,,,,,,,,,,,,,,,,,,,,,,,,,,,,,,,,,,,,,,,,,,,,,,,,,,,,,,,,,,,,,,,,,,5.6711,,,,,151000.0,,,,,,132000.0,,,,,,delhimercedca,Delhi,Merced,CA
532242,2000-02-29,delhimercedca,9.4709,,,,,,,,,,,,,,,,,,,,,,,,,,,,,,,,,,,,,,,,,,,,,,,,,,,,,,,,,,,,,,,,,,5.5955,,,,,154500.0,,,,,,134400.0,,,,,,delhimercedca,Delhi,Merced,CA
532243,2000-03-31,delhimercedca,9.1439,,,,,,,,,,,,,,,,,,,,,,,,,,,,,,,,,,,,,,,,,,,,,,,,,74.9651324965132,,74.9651324965132,100500.0,,,,,,,,,,,,14.2857,,5.6711,,,,,155700.0,,,,,,135300.0,,,,,,delhimercedca,Delhi,Merced,CA
532244,2000-04-30,delhimercedca,6.2024,,,,,,,,,,,,,,,,,,,,,,,,,,,,,,,,,,,,,,,,,,,,,,,,,76.4292,,76.4292,94323.5294,,,,,,,,,,,,5.8823,,5.4442,,,,,154200.0,,,,,,133800.0,,,,,,delhimercedca,Delhi,Merced,CA
532245,2000-05-31,delhimercedca,6.8948,,,,,,,,,,,,,,,,,,,,,,,,,,,,,,,,,,,,,,,,,,,,,,,,,79.2459,,79.2459,96575.0,,,,,,,,,,,,,,5.6333,,,,,153800.0,,,,,,132000.0,,,,,,delhimercedca,Delhi,Merced,CA
532246,2000-06-30,delhimercedca,7.7771,,,,,,,,,,,,,,,,,,,,,,,,,,,,,,,,,,,,,,,,,,,,,,,,,84.1526,,84.1526,103500.0,,,,,,,,,,,,3.125,,5.7089,,,,,155500.0,,,,,,132400.0,,,,,,delhimercedca,Delhi,Merced,CA
532247,2000-07-31,delhimercedca,12.4533,,,,,,,,,,,,,,,,,,,,,,,,,,,,,,,,,,,,,,,,,,,,,,,,,85.9494,,85.9494,111000.0,,,,,,,,,,,,5.5208,,6.0113,,,,,157400.0,,,,,,132800.0,,,,,,delhimercedca,Delhi,Merced,CA
532248,2000-08-31,delhimercedca,16.5852,,,,,,,,,,,,,,,,,,,,,,,,,,,,,,,,,,,,,,,,,,,,,,,,,,,,,,,,,,,,,,,,,,6.1248,,,,,160100.0,,,,,,132000.0,,,,,,delhimercedca,Delhi,Merced,CA
532249,2000-09-30,delhimercedca,15.1376,,,,,,,,,,,,,,,,,,,,,,,,,,,,,,,,,,,,,,,,,,,,,,,,,83.2541,,83.2541,113461.5385,,,,,,,,,,,,11.1539,,6.3516,,,,,164000.0,,,,,,131800.0,,,,,,delhimercedca,Delhi,Merced,CA
532250,2000-10-31,delhimercedca,12.9525,,,,,,,,,,,,,,,,,,,,,,,,,,,,,,,,,,,,,,,,,,,,,,,,,83.5829,,83.5829,128882.3529,,,,,,,,,,,,11.683,,6.3894,,,,,169800.0,,,,,,132800.0,,,,,,delhimercedca,Delhi,Merced,CA
532251,2000-11-30,delhimercedca,10.1435,,,,,,,,,,,,,,,,,,,,,,,,,,,,,,,,,,,,,,,,,,,,,,,,,85.1433,,85.1433,133200.0,,,,,,,,,,,,11.120999999999999,,7.0699,,,,,174900.0,,,,,,133700.0,,,,,,delhimercedca,Delhi,Merced,CA
532252,2000-12-31,delhimercedca,8.7512,,,,,,,,,,,,,,,,,,,,,,,,,,,,,,,,,,,,,,,,,,,,,,,,,88.9391,,88.9391,135575.0,,,,,,,,,,,,7.2024,,7.6371,,,,,181400.0,,,,,,135100.0,,,,,,delhimercedca,Delhi,Merced,CA
532253,2001-01-31,delhimercedca,4.085,,,,,,,,,,,,,,,,,,,,,,,,,,,,,,,,,,,,,,,,,,,,,,,,,86.414,,86.414,133925.0,,,,,,,,,,,,12.2321,,7.8261,,,,,187000.0,,,,,,136400.0,,,,,,delhimercedca,Delhi,Merced,CA
532254,2001-02-28,delhimercedca,5.4276,,,,,,,,,,,,,,,,,,,,,,,,,,,,,,,,,,,,,,,,,,,,,,,,,,,,,,,,,,,,,,,,,,7.7883,,,,,190100.0,,,,,,136900.0,,,,,,delhimercedca,Delhi,Merced,CA
532255,2001-03-31,delhimercedca,5.164,,,,,,,,,,,,,,,,,,,,,,,,,,,,,,,,,,,,,,,,,,,,,,,,,100.2425,,100.2425,126846.1538,,,,,,,,,,,,16.1612,,7.7127,,,,,192700.0,,,,,,139100.0,,,,,,delhimercedca,Delhi,Merced,CA
532256,2001-04-30,delhimercedca,2.8131,,,,,,,,,,,,,,,,,,,,,,,,,,,,,,,,,,,,,,,,,,,,,,,,,100.0336,,100.0336,121176.4706,,,,,,,,,,,,14.7382,,7.6749,,,,,196900.0,,,,,,143600.0,,,,,,delhimercedca,Delhi,Merced,CA
532257,2001-05-31,delhimercedca,,,,,,,,,,,,,,,,,,,,,,,,,,,,,,,,,,,,,,,,,,,,,,,,,,100.5107,,100.5107,126225.0,,,,,,,,,,,,7.3077,,7.8261,,,,,199400.0,,,,,,148800.0,,,,,,delhimercedca,Delhi,Merced,CA
532258,2001-06-30,delhimercedca,,,,,,,,,,,,,,,,,,,,,,,,,,,,,,,,,,,,,,,,,,,,,,,,,,101.4194,,101.4194,126475.0,,,,,,,,,,,,8.3929,,7.7127,,,,,198200.0,,,,,,151900.0,,,,,,delhimercedca,Delhi,Merced,CA
532259,2001-07-31,delhimercedca,2.1097,,,,,,,,,,,,,,,,,,,,,,,,,,,,,,,,,,,,,,,,,,,,,,,,,103.7792,,103.7792,136550.0,,,,,,,,,,,,8.5417,,7.5236,,,,,199500.0,,,,,,154400.0,,,,,,delhimercedca,Delhi,Merced,CA
532260,2001-08-31,delhimercedca,5.6504,,,,,,,,,,,,,,,,,,,,,,,,,,,,,,,,,,,,,,,,,,,,,,,,,104.87899999999999,,104.87899999999999,129600.0,,,,,,,,,,,,4.7917,,7.7883,,,,,205600.0,,,,,,155300.0,,,,,,delhimercedca,Delhi,Merced,CA
532261,2001-09-30,delhimercedca,3.5544,,,,,,,,,,,,,,,,,,,,,,,,,,,,,,,,,,,,,,,,,,,,,,,,,105.17200000000001,,105.17200000000001,123225.0,,,,,,,,,,,,,,7.7505,,,,,213200.0,,,,,,156300.0,,,,,,delhimercedca,Delhi,Merced,CA
532262,2001-10-31,delhimercedca,7.3621,,,,,,,,,,,,,,,,,,,,,,,,,,,,,,,,,,,,,,,,,,,,,,,,,108.6524,,108.6524,129825.0,,,,,,,,,,,,,,7.9017,,,,,214100.0,,,,,,158000.0,,,,,,delhimercedca,Delhi,Merced,CA
532263,2001-11-30,delhimercedca,6.2439,,,,,,,,,,,,,,,,,,,,,,,,,,,,,,,,,,,,,,,,,,,,,,,,,108.4499,,108.4499,145025.0,,,,,,,,,,,,4.1666,,7.2589999999999995,,,,,212400.0,,,,,,160800.0,,,,,,delhimercedca,Delhi,Merced,CA
532264,2001-12-31,delhimercedca,3.2099,,,,,,,,,,,,,,,,,,,,,,,,,,,,,,,,,,,,,,,,,,,,,,,,,,,,,,,,,,,,,,,,,,6.5028,,,,,211400.0,,,,,,163300.0,,,,,,delhimercedca,Delhi,Merced,CA
532265,2002-01-31,delhimercedca,2.9530000000000003,,,,,,,,,,,,,,,,,,,,,,,,,,,,,,,,,,,,,,,,,,,,,,,,,103.8652,,103.8652,147538.4615,,,,,,,,,,,,22.9021,,6.276,,,,,211700.0,,,,,,165700.0,,,,,,delhimercedca,Delhi,Merced,CA
532266,2002-02-28,delhimercedca,3.6678,,,,,,,,,,,,,,,,,,,,,,,,,,,,,,,,,,,,,,,,,,,,,,,,,110.0962,,110.0962,141764.7059,,,,,,,,,,,,16.1319,,6.3894,,,,,208800.0,,,,,,166500.0,,,,,,delhimercedca,Delhi,Merced,CA
532267,2002-03-31,delhimercedca,4.2282,,,,,,,,,,,,,,,,,,,,,,,,,,,,,,,,,,,,,,,,,,,,,,,,,112.587,,112.587,145325.0,,,,,,,,,,,,11.3554,,6.7297,,,,,204400.0,,,,,,166100.0,,,,,,delhimercedca,Delhi,Merced,CA
532268,2002-04-30,delhimercedca,2.0809,,,,,,,,,,,,,,,,,,,,,,,,,,,,,,,,,,,,,,,,,,,,,,,,,115.3146,,115.3146,145250.0,,,,,,,,,,,,7.6268,,6.7297,,,,,204700.0,,,,,,167900.0,,,,,,delhimercedca,Delhi,Merced,CA
532269,2002-05-31,delhimercedca,2.9026,,,,,,,,,,,,,,,,,,,,,,,,,,,,,,,,,,,,,,,,,,,,,,,,,114.7662,,114.7662,147575.0,,,,,,,,,,,,9.6377,,6.8809,,,,,211900.0,,,,,,172500.0,,,,,,delhimercedca,Delhi,Merced,CA
532270,2002-06-30,delhimercedca,,,,,,,,,,,,,,,,,,,,,,,,,,,,,,,,,,,,,,,,,,,,,,,,,,115.5571,,115.5571,151925.0,,,,,,,,,,,,7.1231,,7.2968,,,,,217800.0,,,,,,176700.0,,,,,,delhimercedca,Delhi,Merced,CA
532271,2002-07-31,delhimercedca,4.8545,,,,,,,,,,,,,,,,,,,,,,,,,,,,,,,,,,,,,,,,,,,,,,,,,121.0743,,121.0743,148775.0,,,,,,,,,,,,6.2712,,7.4858,,,,,216900.0,,,,,,178300.0,,,,,,delhimercedca,Delhi,Merced,CA
532272,2002-08-31,delhimercedca,2.9215,,,,,,,,,,,,,,,,,,,,,,,,,,,,,,,,,,,,,,,,,,,,,,,,,123.4251,,123.4251,153125.0,,,,,,,,,,,,5.1454,,7.7505,,,,,214500.0,,,,,,180900.0,,,,,,delhimercedca,Delhi,Merced,CA
532273,2002-09-30,delhimercedca,,,,,,,,,,,,,,,,,,,,,,,,,,,,,,,,,,,,,,,,,,,,,,,,,,123.9866,,123.9866,160925.0,,,,,,,,,,,,5.9375,,7.6371,,,,,215600.0,,,,,,184700.0,,,,,,delhimercedca,Delhi,Merced,CA
532274,2002-10-31,delhimercedca,,,,,,,,,,,,,,,,,,,,,,,,,,,,,,,,,,,,,,,,,,,,,,,,,,122.9728,,122.9728,166975.0,,,,,,,,,,,,3.0476,,7.5992,,,,,217400.0,,,,,,187100.0,,,,,,delhimercedca,Delhi,Merced,CA
532275,2002-11-30,delhimercedca,,,,,,,,,,,,,,,,,,,,,,,,,,,,,,,,,,,,,,,,,,,,,,,,,,129.9332,,129.9332,167275.0,,,,,,,,,,,,3.2728,,7.9773,,,,,218800.0,,,,,,188000.0,,,,,,delhimercedca,Delhi,Merced,CA
532276,2002-12-31,delhimercedca,,,,,,,,,,,,,,,,,,,,,,,,,,,,,,,,,,,,,,,,,,,,,,,,,,123.4352,,123.4352,164450.0,,,,,,,,,,,,,,8.3554,,,,,220200.0,,,,,,191400.0,,,,,,delhimercedca,Delhi,Merced,CA
532277,2003-01-31,delhimercedca,2.0137,,,,,,,,,,,,,,,,,,,,,,,,,,,,,,,,,,,,,,,,,,,,,,,,,,,,,,,,,,,,,,,,,,8.3554,,,,,220400.0,,,,,,196700.0,,,,,,delhimercedca,Delhi,Merced,CA
532278,2003-02-28,delhimercedca,3.5175,,,,,,,,,,,,,,,,,,,,,,,,,,,,,,,,,,,,,,,,,,,,,,,,,110.984,,110.984,149692.3077,,,,,,,,,,,,,,8.5066,,,,,218500.0,,,,,,201300.0,,,,,,delhimercedca,Delhi,Merced,CA
532279,2003-03-31,delhimercedca,2.0797,,,,,,,,,,,,,,,,,,,,,,,,,,,,,,,,,,,,,,,,,,,,,,,,,,,,,,,,,,,,,,,,,,8.1285,,,,,221600.0,,,,,,204400.0,,,,,,delhimercedca,Delhi,Merced,CA
532280,2003-04-30,delhimercedca,2.7421,,,,,,,,,,,,,,,,,,,,,,,,,,,,,,,,,,,,,,,,,,,,,,,,,115.0196,,115.0196,162923.0769,,,,,,,,,,,,,,8.0529,,,,,228500.0,,,,,,207500.0,,,,,,delhimercedca,Delhi,Merced,CA
532281,2003-05-31,delhimercedca,,,,,,,,,,,,,,,,,,,,,,,,,,,,,,,,,,,,,,,,,,,,,,,,,,122.3836,,122.3836,156529.4118,,,,,,,,,,,,,,8.3932,,,,,234600.0,,,,,,209500.0,,,,,,delhimercedca,Delhi,Merced,CA
532282,2003-06-30,delhimercedca,,,,,,,,,,,,,,,,,,,,,,,,,,,,,,,,,,,,,,,,,,,,,,,,,,125.9041,,125.9041,162175.0,,,,,,,,,,,,1.9231,,8.3932,,,,,239700.0,,,,,,211300.0,,,,,,delhimercedca,Delhi,Merced,CA
532283,2003-07-31,delhimercedca,2.2104,,,,,,,,,,,,,,,,,,,,,,,,,,,,,,,,,,,,,,,,,,,,,,,,,134.514,,134.514,175775.0,,,,,,,,,,,,,,8.6578,,,,,246600.0,,,,,,213700.0,,,,,,delhimercedca,Delhi,Merced,CA
532284,2003-08-31,delhimercedca,,,,,,,,,,,,,,,,,,,,,,,,,,,,,,,,,,,,,,,,,,,,,,,,,,137.005,,137.005,172800.0,,,,,,,,,,,,2.7508,,8.7335,,,,,252400.0,,,,,,216700.0,,,,,,delhimercedca,Delhi,Merced,CA
532285,2003-09-30,delhimercedca,2.6768,,,,,,,,,,,,,,,,,,,,,,,,,,,,,,,,,,,,,,,,,,,,,,,,,135.0054,,135.0054,169750.0,,,,,,,,,,,,3.9027,,8.9603,,,,,254900.0,,,,,,219500.0,,,,,,delhimercedca,Delhi,Merced,CA
532286,2003-10-31,delhimercedca,,,,,,,,,,,,,,,,,,,,,,,,,,,,,,,,,,,,,,,,,,,,,,,,,,139.9127,,139.9127,178600.0,,,,,,,,,,,,4.2419,,9.1493,,,,,256800.0,,,,,,222600.0,,,,,,delhimercedca,Delhi,Merced,CA
532287,2003-11-30,delhimercedca,,,,,,,,,,,,,,,,,,,,,,,,,,,,,,,,,,,,,,,,,,,,,,,,,,144.2878,,144.2878,190350.0,,,,,,,,,,,,2.0605,,8.9603,,,,,261000.0,,,,,,226800.0,,,,,,delhimercedca,Delhi,Merced,CA
532288,2003-12-31,delhimercedca,2.2614,,,,,,,,,,,,,,,,,,,,,,,,,,,,,,,,,,,,,,,,,,,,,,,,,151.8971,,151.8971,200450.0,,,,,,,,,,,,,,8.9981,,,,,267400.0,,,,,,230600.0,,,,,,delhimercedca,Delhi,Merced,CA
532289,2004-01-31,delhimercedca,,,,,,,,,,,,,,,,,,,,,,,,,,,,,,,,,,,,,,,,,,,,,,,,,,157.8861,,157.8861,188650.0,,,,,,,,,,,,3.8462,,9.0359,,,,,272300.0,,,,,,232600.0,,,,,,delhimercedca,Delhi,Merced,CA
532290,2004-02-29,delhimercedca,,,,,,,,,,,,,,,,,,,,,,,,,,,,,,,,,,,,,,,,,,,,,,,,,,,,,,,,,,,,,,,,,,,8.8847,,,,,276800.0,,,,,,234900.0,,,,,,delhimercedca,Delhi,Merced,CA
532291,2004-03-31,delhimercedca,,,,,,,,,,,,,,,,,,,,,,,,,,,,,,,,,,,,,,,,,,,,,,,,,,168.2936,,168.2936,192461.5385,,,,,,,,,,,,,,8.8847,,,,,278900.0,,,,,,237600.0,,,,,,delhimercedca,Delhi,Merced,CA
532292,2004-04-30,delhimercedca,,,,,,,,,,,,,,,,,,,,,,,,,,,,,,,,,,,,,,,,,,,,,,,,,,160.8965,,160.8965,210352.9412,,,,,,,,,,,,,,9.0359,,,,,279500.0,,,,,,239700.0,,,,,,delhimercedca,Delhi,Merced,CA
532293,2004-05-31,delhimercedca,,,,,,,,,,,,,,,,,,,,,,,,,,,,,,,,,,,,,,,,,,,,,,,,,,162.9541,,162.9541,214350.0,,,,,,,,,,,,,,8.3932,,,,,282000.0,,,,,,242300.0,,,,,,delhimercedca,Delhi,Merced,CA
532294,2004-06-30,delhimercedca,,,,,,,,,,,,,,,,,,,,,,,,,,,,,,,,,,,,,,,,,,,,,,,,,,161.7228,,161.7228,206450.0,,,,,,,,,,,,,,8.0151,,,,,289600.0,,,,,,248600.0,,,,,,delhimercedca,Delhi,Merced,CA
532295,2004-07-31,delhimercedca,,,,,,,,,,,,,,,,,,,,,,,,,,,,,,,,,,,,,,,,,,,,,,,,,,176.2391,,176.2391,216000.0,,,,,,,,,,,,,,7.9395,,,,,295800.0,,,,,,258000.0,,,,,,delhimercedca,Delhi,Merced,CA
532296,2004-08-31,delhimercedca,,,,,,,,,,,,,,,,,,,,,,,,,,,,,,,,,,,,,,,,,,,,,,,,,,183.5538,,183.5538,234900.0,,,,,,,,,,,,2.9412,,7.7505,,,,,301700.0,,,,,,269400.0,,,,,,delhimercedca,Delhi,Merced,CA
532297,2004-09-30,delhimercedca,,,,,,,,,,,,,,,,,,,,,,,,,,,,,,,,,,,,,,,,,,,,,,,,,,195.6216,,195.6216,237000.0,,,,,,,,,,,,,,7.4102,,,,,310400.0,,,,,,280400.0,,,,,,delhimercedca,Delhi,Merced,CA
532298,2004-10-31,delhimercedca,,,,,,,,,,,,,,,,,,,,,,,,,,,,,,,,,,,,,,,,,,,,,,,,,,194.2682,,194.2682,244500.0,,,,,,,,,,,,,,6.9943,,,,,321100.0,,,,,,289800.0,,,,,,delhimercedca,Delhi,Merced,CA
532299,2004-11-30,delhimercedca,,,,,,,,,,,,,,,,,,,,,,,,,,,,,,,,,,,,,,,,,,,,,,,,,,189.4821,,189.4821,254050.0,,,,,,,,,,,,,,7.3346,,,,,334200.0,,,,,,295500.0,,,,,,delhimercedca,Delhi,Merced,CA
532300,2004-12-31,delhimercedca,2.0088,,,,,,,,,,,,,,,,,,,,,,,,,,,,,,,,,,,,,,,,,,,,,,,,,194.7983,,194.7983,259150.0,,,,,,,,,,,,,,7.2589999999999995,,,,,349100.0,,,,,,299100.0,,,,,,delhimercedca,Delhi,Merced,CA
532301,2005-01-31,delhimercedca,,,,,,,,,,,,,,,,,,,,,,,,,,,,,,,,,,,,,,,,,,,,,,,,,,198.49,,198.49,267450.0,,,,,,,,,,,,,,7.5236,,,,,363600.0,,,,,,302900.0,,,,,,delhimercedca,Delhi,Merced,CA
532302,2005-02-28,delhimercedca,2.8723,,,,,,,,,,,,,,,,,,,,,,,,,,,,,,,,,,,,,,,,,,,,,,,,,,,,,,,,,,,,,,,,,,7.6371,,,,,379600.0,,,,,,309200.0,,,,,,delhimercedca,Delhi,Merced,CA
532303,2005-03-31,delhimercedca,,,,,,,,,,,,,,,,,,,,,,,,,,,,,,,,,,,,,,,,,,,,,,,,,,205.0551,,205.0551,278846.1538,,,,,,,,,,,,,,8.0529,,,,,396500.0,,,,,,318400.0,,,,,,delhimercedca,Delhi,Merced,CA
532304,2005-04-30,delhimercedca,,,,,,,,,,,,,,,,,,,,,,,,,,,,,,,,,,,,,,,,,,,,,,,,,,205.4443,,205.4443,282941.1765,,,,,,,,,,,,,,8.0907,,,,,408000.0,,,,,,331100.0,,,,,,delhimercedca,Delhi,Merced,CA
532305,2005-05-31,delhimercedca,1.9669999999999999,,,,,,,,,,,,,,,,,,,,,,,,,,,,,,,,,,,,,,,,,,,,,,,,,212.6191,,212.6191,291750.0,,,,,,,,,,,,1.6129,,8.431000000000001,,,,,419100.0,,,,,,347500.0,,,,,,delhimercedca,Delhi,Merced,CA
532306,2005-06-30,delhimercedca,,,,,,,,,,,,,,,,,,,,,,,,,,,,,,,,,,,,,,,,,,,,,,,,,,217.2163,,217.2163,297250.0,,,,,,,,,,,,,,8.8847,,,,,429600.0,,,,,,363400.0,,,,,,delhimercedca,Delhi,Merced,CA
532307,2005-07-31,delhimercedca,,,,,,,,,,,,,,,,,,,,,,,,,,,,,,,,,,,,,,,,,,,,,,,,,,226.7746,,226.7746,304650.0,,,,,,,,,,,,2.8648,,8.8847,,,,,435300.0,,,,,,373700.0,,,,,,delhimercedca,Delhi,Merced,CA
532308,2005-08-31,delhimercedca,,,,,,,,,,,,,,,,,,,,,,,,,,,,,,,,,,,,,,,,,,,,,,,,,,228.6955,,228.6955,317850.0,,,,,,,,,,,,,,9.3006,,,,,436700.0,,,,,,379700.0,,,,,,delhimercedca,Delhi,Merced,CA
532309,2005-09-30,delhimercedca,,,,,,,,,,,,,,,,,,,,,,,,,,,,,,,,,,,,,,,,,,,,,,,,,,239.8378,,239.8378,320150.0,,,,,,,,,,,,4.2857,,9.8299,,,,,436500.0,,,,,,384900.0,,,,,,delhimercedca,Delhi,Merced,CA
532310,2005-10-31,delhimercedca,,,,,,,,,,,,,,,,,,,,,,,,,,,,,,,,,,,,,,,,,,,,,,,,,,245.8959,,245.8959,326800.0,,,,,,,,,,,,2.5,,10.3214,,,,,437100.0,,,,,,388300.0,,,,,,delhimercedca,Delhi,Merced,CA
532311,2005-11-30,delhimercedca,,,,,,,,,,,,,,,,,,,,,,,,,,,,,,,,,,,,,,,,,,,,,,,,,,236.3816,,236.3816,324100.0,,,,,,,,,,,,4.1964,,9.8299,,,,,439600.0,,,,,,391300.0,,,,,,delhimercedca,Delhi,Merced,CA
532312,2005-12-31,delhimercedca,,,,,,,,,,,,,,,,,,,,,,,,,,,,,,,,,,,,,,,,,,,,,,,,,,252.5013,,252.5013,329450.0,,,,,,,,,,,,,,9.9433,,,,,441500.0,,,,,,392700.0,,,,,,delhimercedca,Delhi,Merced,CA
532313,2006-01-31,delhimercedca,,,,,,,,,,,,,,,,,,,,,,,,,,,,,,,,,,,,,,,,,,,,,,,,,,247.9468,,247.9468,320250.0,,,,,,,,,,,,,,9.9811,,,,,440800.0,,,,,,390900.0,,,,,,delhimercedca,Delhi,Merced,CA
532314,2006-02-28,delhimercedca,2.2696,,,,,,,,,,,,,,,,,,,,,,,,,,,,,,,,,,,,,,,,,,,,,,,,,,,,,,,,,,,,,,,,,,9.8677,,,,,439400.0,,,,,,387800.0,,,,,,delhimercedca,Delhi,Merced,CA
532315,2006-03-31,delhimercedca,,,,,,,,,,,,,,,,,,,,,,,,,,,,,,,,,,,,,,,,,,,,,,,,,,267.1573,,267.1573,325384.6154,,,,,,,,,,,,,,9.5274,,,,,438100.0,,,,,,386000.0,,,,,,delhimercedca,Delhi,Merced,CA
532316,2006-04-30,delhimercedca,,,,,,,,,,,,,,,,,,,,,,,,,,,,,,,,,,,,,,,,,,,,,,,,,,264.0111,,264.0111,324117.6471,,,,,,,,,,,,3.096,,9.7164,,,,,437100.0,,,,,,385100.0,,,,,,delhimercedca,Delhi,Merced,CA
532317,2006-05-31,delhimercedca,,,,,,,,,,,,,,,,,,,,,,,,,,,,,,,,,,,,,,,,,,,,,,,,,,255.7571,,255.7571,321500.0,,,,,,,,,,,,,,9.0359,,,,,434400.0,,,,,,385400.0,,,,,,delhimercedca,Delhi,Merced,CA
532318,2006-06-30,delhimercedca,2.1097,,,,,,,,,,,,,,,,,,,,,,,,,,,,,,,,,,,,,,,,,,,,,,,,,,,,,,,,,,,,,,,,,,8.3554,,,,,433700.0,,,,,,387300.0,,,,,,delhimercedca,Delhi,Merced,CA
532319,2006-07-31,delhimercedca,3.5865,,,,,,,,,,,,,,,,,,,,,,,,,,,,,,,,,,,,,,,,,,,,,,,,,245.3975,,245.3975,316153.8462,,,,,,,,,,,,,,8.0529,,,,,438500.0,,,,,,389500.0,,,,,,delhimercedca,Delhi,Merced,CA
532320,2006-08-31,delhimercedca,2.1097,,,,,,,,,,,,,,,,,,,,,,,,,,,,,,,,,,,,,,,,,,,,,,,,,,,,,,,,,,,,,,,,,,7.2589999999999995,,,,,441500.0,,,,,,388700.0,,,,,,delhimercedca,Delhi,Merced,CA
532321,2006-09-30,delhimercedca,,,,,,,,,,,,,,,,,,,,,,,,,,,,,,,,,,,,,,,,,,,,,,,,,,221.4967,,221.4967,303461.5385,,,,,,,,,,,,,,6.6919,,,,,434500.0,,,,,,383100.0,,,,,,delhimercedca,Delhi,Merced,CA
532322,2006-10-31,delhimercedca,8.0353,,,,,,,,,,,,,,,,,,,,,,,,,,,,,,,,,,,,,,,,,,,,,,,,,,,,,,,,,,,,,,,,,,6.1626,,,,,424600.0,,,,,,378000.0,,,,,,delhimercedca,Delhi,Merced,CA
532323,2006-11-30,delhimercedca,5.6247,,,,,,,,,,,,,,,,,,,,,,,,,,,,,,,,,,,,,,,,,,,,,,,,,,,,,,,,,,,,,,,,,,6.0113,,,,,413700.0,,,,,,372900.0,,,,,,delhimercedca,Delhi,Merced,CA
532324,2006-12-31,delhimercedca,8.4517,,,,,,,,,,,,,,,,,,,,,,,,,,,,,,,,,,,,,,,,,,,,,,,,,203.942895989123,,203.942895989123,300000.0,,,,,,,,,,,,,,6.0113,,,,,400100.0,,,,,,363900.0,,,,,,delhimercedca,Delhi,Merced,CA
532325,2007-01-31,delhimercedca,9.0135,,,,,,,,,,,,,,,,,,,,,,,,,,,,,,,,,,,,,,,,,,,,,,,,,,,,,,,,,,,,,,,,,,5.6711,,,,,385000.0,,,,,,350600.0,,,,,,delhimercedca,Delhi,Merced,CA
532326,2007-02-28,delhimercedca,16.7949,,,,,,,,,,,,,,,,,,,,,,,,,,,,,,,,,,,,,,,,,,,,,,,,,,,,,,,,,,,,,,,,,,5.7845,,,,,373600.0,,,,,,337500.0,,,,,,delhimercedca,Delhi,Merced,CA
532327,2007-03-31,delhimercedca,20.1272,,,,,,,,,,,,,,,,,,,,,,,,,,,,,,,,,,,,,,,,,,,,,,,,,172.23910840932098,,172.23910840932098,296000.0,,,,,,,,,,,,11.1111,,5.8223,,,,,365800.0,,,,,,327800.0,,,,,,delhimercedca,Delhi,Merced,CA
532328,2007-04-30,delhimercedca,19.9525,,,,,,,,,,,,,,,,,,,,,,,,,,,,,,,,,,,,,,,,,,,,,,,,,,,,,,,,,,,,,,,,,,5.5198,,,,,361100.0,,,,,,320900.0,,,,,,delhimercedca,Delhi,Merced,CA
532329,2007-05-31,delhimercedca,23.6154,,,,,,,,,,,,,,,,,,,,,,,,,,,,,,,,,,,,,,,,,,,,,,,,,,,,,,,,,,,,,,,,,,5.4064,,,,,358700.0,,,,,,315300.0,,,,,,delhimercedca,Delhi,Merced,CA
532330,2007-06-30,delhimercedca,29.0584,,,,,,,,,,,,,,,,,,,,,,,,,,,,,,,,,,,,,,,,,,,,,,,,,,,,,,,,,,,,,,,,,,5.7467,,,,,356600.0,,,,,,310300.0,,,,,,delhimercedca,Delhi,Merced,CA
532331,2007-07-31,delhimercedca,32.5025,,,,,,,,,,,,,,,,,,,,,,,,,,,,,,,,,,,,,,,,,,,,,,,,,,,,,,,,,,,,,,,,,,5.6333,,,,,351900.0,,,,,,305400.0,,,,,,delhimercedca,Delhi,Merced,CA
532332,2007-08-31,delhimercedca,23.8398,,,,,,,,,,,,,,,,,,,,,,,,,,,,,,,,,,,,,,,,,,,,,,,,,,,,,,,,,,,,,,,,,,5.3308,,,,,345100.0,,,,,,300400.0,,,,,,delhimercedca,Delhi,Merced,CA
532333,2007-09-30,delhimercedca,108.3956,,,,,,,,,,,,,,,,,,,,,,,,,,,,,,,,,,,,,,,,,,,,,,,,,,,,,,,,,,,,,,,,,,6.8431,,,,,340400.0,,,,,,296600.0,,,,,,delhimercedca,Delhi,Merced,CA
532334,2007-10-31,delhimercedca,97.1745,,,,,,,,,,,,,,,,,,,,,,,,,,,,,,,,,,,,,,,,,,,,,,,,,,,,,,,,,,,,,,,,,,7.0321,,,,,339100.0,,,,,,293600.0,,,,,,delhimercedca,Delhi,Merced,CA
532335,2007-11-30,delhimercedca,63.9385,,,,,,,,,,,,,,,,,,,,,,,,,,,,,,,,,,,,,,,,,,,,,,,,,,,,,,,,,,,,,,,,,,6.9565,,,,,337400.0,,,,,,293300.0,,,,,,delhimercedca,Delhi,Merced,CA
532336,2007-12-31,delhimercedca,47.3218,,,,,,,,,,,,,,,,,,,,,,,,,,,,,,,,,,,,,,,,,,,,,,,,,,,,,,,,,,,,,,,,,,7.0321,,,,,332100.0,,,,,,291500.0,,,,,,delhimercedca,Delhi,Merced,CA
532337,2008-01-31,delhimercedca,49.2418,,,,,,,,,,,,,,,,,,,,,,,,,,,,,,,,,,,,,,,,,,,,,,,,,,,,,,,,,,,,,,,,,,7.2589999999999995,,,,,326600.0,,,,,,285400.0,,,,,,delhimercedca,Delhi,Merced,CA
532338,2008-02-29,delhimercedca,55.6222,,,,,,,,,,,,,,,,,,,,,,,,,,,,,,,,,,,,,,,,,,,,,,,,,,,,,,,,,,,,,,,,,,7.5992,,,,,323900.0,,,,,,279100.0,,,,,,delhimercedca,Delhi,Merced,CA
532339,2008-03-31,delhimercedca,80.6831,,,,,,,,,,,,,,,,,,,,,,,,,,,,,,,,,,,,,,,,,,,,,,,,,,,,,,,,,,,,,,,,,,7.8639,,,,,324600.0,,,,,,281100.0,,,,,,delhimercedca,Delhi,Merced,CA
532340,2008-04-30,delhimercedca,93.9456,,,,,,,,,,,,,,,,,,,,,,,,,,,,,,,,,,,,,,,,,,,,,,,,,,,,,,,,,,,,,,,,84.6154,,8.4688,,,,,317600.0,,,,,,278000.0,,,,,,delhimercedca,Delhi,Merced,CA
532341,2008-05-31,delhimercedca,104.3892,,,,,,,,,,,,,,,,,,,,,,,,,,,,,,,,,,,,,,,,,,,,,,,,,,,,,,,,,,,,,,,,,,9.1493,,,,,294000.0,,,,,,260200.0,,,,,,delhimercedca,Delhi,Merced,CA
532342,2008-06-30,delhimercedca,87.12799999999999,,,,,,,,,,,,,,,,,,,,,,,,,,,,,,,,,,,,,,,,,,,,,,,,,,,,,,,,,,,,,,,,82.7135,,9.7543,,,,,270600.0,,,,,,238300.0,,,,,,delhimercedca,Delhi,Merced,CA
532343,2008-07-31,delhimercedca,98.2106,,,,,,,,,,,,,,,,,,,,,,,,,,,,,,,,,,,,,,,,,,,,,,,,,,,,,,,,,,,,,,,,90.7495,,10.397,,,,,261100.0,,,,,,226700.0,,,,,,delhimercedca,Delhi,Merced,CA
532344,2008-08-31,delhimercedca,129.4024,,,,,,,,,,,,,,,,,,,,,,,,,,,,,,,,,,,,,,,,,,,,,,,,,,,,,,,,,,,,,,,,88.2977,,11.8336,,,,,259500.0,,,,,,221100.0,,,,,,delhimercedca,Delhi,Merced,CA
532345,2008-09-30,delhimercedca,136.8505,,,,,,,,,,,,,,,,,,,,,,,,,,,,,,,,,,,,,,,,,,,,,,,,,,,,,,,,,,,,,,,,84.7306,,11.758,,,,,259100.0,,,,,,218500.0,,,,,,delhimercedca,Delhi,Merced,CA
532346,2008-10-31,delhimercedca,106.9703,,,,,,,,,,,,,,,,,,,,,,,,,,,,,,,,,,,,,,,,,,,,,,,,,,,,,,,,,,,,,,,,83.3376,,12.4764,,,,,257500.0,,,,,,216900.0,,,,,,delhimercedca,Delhi,Merced,CA
532347,2008-11-30,delhimercedca,82.3601,,,,,,,,,,,,,,,,,,,,,,,,,,,,,,,,,,,,,,,,,,,,,,,,,,,,,,,,,,,,,,,,84.6106,,13.1947,,,,,255900.0,,,,,,216600.0,,,,,,delhimercedca,Delhi,Merced,CA
532348,2008-12-31,delhimercedca,63.0286,,,,,,,,,,,,,,,,,,,,,,,,,,,,,,,,,,,,,,,,,,,,,,,,,,,,,,,,,,,,,,,,88.8101,,13.6106,,,,,259400.0,,,,,,218800.0,,,,,,delhimercedca,Delhi,Merced,CA
532349,2009-01-31,delhimercedca,55.3766,,,,,,,,,,,,,,,,,,,,,,,,,,,,,,,,,,,,,,,,,,,,,,,,,,,,,,,,,,,,,,,,93.1648,,13.9887,,,,,263600.0,,,,,,226100.0,,,,,,delhimercedca,Delhi,Merced,CA
532350,2009-02-28,delhimercedca,54.3697,,,,,,,,,,,,,,,,,,,,,,,,,,,,,,,,,,,,,,,,,,,,,,,,,,,,,,,,,,,,,,,,95.1734,,14.2155,,,,,259300.0,,,,,,232300.0,,,,,,delhimercedca,Delhi,Merced,CA
532351,2009-03-31,delhimercedca,58.181999999999995,,,,,,,,,,,,,,,,,,,,,,,,,,,,,,,,,,,,,,,,,,,,,,,,,,,,,,,,,,,,,,,,97.8091,,14.3289,,,,,245800.0,,,,,,226000.0,,,,,,delhimercedca,Delhi,Merced,CA
532352,2009-04-30,delhimercedca,39.942,,,,,,,,,,,,,,,,,,,,,,,,,,,,,,,,,,,,,,,,,,,,,,,,,,,,,,,,,,,,,,,,87.5535,,14.1021,,,,,233700.0,,,,,,213600.0,,,,,,delhimercedca,Delhi,Merced,CA
532353,2009-05-31,delhimercedca,26.2947,,,,,,,,,,,,,,,,,,,,,,,,,,,,,,,,,,,,,,,,,,,,,,,,,,,,,,,,,,,,,,,,79.7647,,14.2155,,,,,228700.0,,,,,,208600.0,,,,,,delhimercedca,Delhi,Merced,CA
532354,2009-06-30,delhimercedca,54.3697,,,,,,,,,,,,,,,,,,,,,,,,,,,,,,,,,,,,,,,,,,,,,,,,,,,,,,,,,,,,,,,,77.5443,,14.0265,,,,,222400.0,,,,,,206400.0,,,,,,delhimercedca,Delhi,Merced,CA
532355,2009-07-31,delhimercedca,59.9382,,,,,,,,,,,,,,,,,,,,,,,,,,,,,,,,,,,,,,,,,,,,,,,,,,,,,,,,,,,,,,,,78.1389,,13.4717,,,,,210000.0,,,,,,197600.0,,,,,,delhimercedca,Delhi,Merced,CA
532356,2009-08-31,delhimercedca,55.5894,,,,,,,,,,,,,,,,,,,,,,,,,,,,,,,,,,,,,,,,,,,,,,,,,,,,,,,,,,,,,,,,74.2222,,13.3208,,,,,199400.0,,,,,,186700.0,,,,,,delhimercedca,Delhi,Merced,CA
532357,2009-09-30,delhimercedca,46.6958,,,,,,,,,,,,,,,,,,,,,,,,,,,,,,,,,,,,,,,,,,,,,,,,,,,,,,,,,,,,,,,,69.5,,12.7032,,,,,195400.0,,,,,,178700.0,,,,,,delhimercedca,Delhi,Merced,CA
532358,2009-10-31,delhimercedca,45.3518,,,,,,,,,,,,,,,,,,,,,,,,,,,,,,,,,,,,,,,,,,,,,,,,,77.5468829194121,,77.5468829194121,98000.0,,,,,,,,,,,,67.8333,,11.9263,,,,,191500.0,,,,,,171800.0,,,,,,delhimercedca,Delhi,Merced,CA
532359,2009-11-30,delhimercedca,38.5607,,,,,,,,,,,,,,,,,,,,,,,,,,,,,,,,,,,,,,,,,,,,,,,,,,,,,,,,,,,,,,,,,,11.3995,,,,,185900.0,,,,,,163800.0,,,,,,delhimercedca,Delhi,Merced,CA
532360,2009-12-31,delhimercedca,48.2638,,,,,,,,,,,,,,,,,,,,,,,,,,,,,,,,,,,,,,,,,,,,,,,,,,,,,,,,,,,,,,,,83.0,,10.9857,,,,,176900.0,,,,,,159300.0,,,,,,delhimercedca,Delhi,Merced,CA
532361,2010-01-31,delhimercedca,34.7833,,,,,,,,,,,,,,,,,,,,,,,,,,,,,,,,,,,,,,,,,,,,,,,,,,,,,,,,,,,,,,,,62.7674,,10.3461,,,,,171500.0,,,,,,161400.0,,,,,,delhimercedca,Delhi,Merced,CA
532362,2010-02-28,delhimercedca,34.2218,,,,,,,,,,,,,,,,,,,,,,,,,,,,,,,,,,,,,,,,,,,,,,,,,,,,,,,,,,,,,,,,,,9.9699,,,,,169300.0,,,,,,163200.0,,,,,,delhimercedca,Delhi,Merced,CA
532363,2010-03-31,delhimercedca,30.7046,,,,,,,,,,,,,,,,,,,,,,,,,,,,,,,,,,,,,,,,,,,,,,,,,,,,,,,,,,,,,,,,70.929,,9.4056,,,,,168200.0,,,,,,161100.0,,,,,,delhimercedca,Delhi,Merced,CA
532364,2010-04-30,delhimercedca,41.6042,,,,,,,,,,,,,,,,,,,,,,,,,,,,,,,,,,,,,,,,,,,,,,,,,,,,,,,,,,,,,,,,70.4152,,9.4056,,,,,166900.0,,,,,,159300.0,,,,,,delhimercedca,Delhi,Merced,CA
532365,2010-05-31,delhimercedca,44.4803,,,,,,,,,,,,,,,,,,,,,,,,,,,,,,,,,,,,,,,,,,,,,,,,,,,,,,,,,,,,,,,,57.5097,,9.2161,,,,,169400.0,,,,,,157500.0,,,,,,delhimercedca,Delhi,Merced,CA
532366,2010-06-30,delhimercedca,43.3135,,,,,,,,,,,,,,,,,,,,,,,,,,,,,,,,,,,,,,,,,,,,,,,,,,,,,,,,,,,,,,,,50.8597,,9.0249,,,,,169900.0,,,,,,154700.0,,,,,,delhimercedca,Delhi,Merced,CA
532367,2010-07-31,delhimercedca,36.4767,,,,,,,,,,,,,,,,,,,,,,,,,,,,,,,,,,,,,,,,,,,,,,,,,,,,,,,,,,,,,,,,47.5,,8.8719,,,,,168800.0,,,,,,152400.0,,,,,,delhimercedca,Delhi,Merced,CA
532368,2010-08-31,delhimercedca,43.233999999999995,,,,,,,,,,,,,,,,,,,,,,,,,,,,,,,,,,,,,,,,,,,,,,,,,,,,,,,,,,,,,,,,,,8.7572,,,,,168500.0,,,,,,151900.0,,,,,,delhimercedca,Delhi,Merced,CA
532369,2010-09-30,delhimercedca,51.236999999999995,,,,,,,,,,,,,,,,,,,,,,,,,,,,,,,,,,,,,,,,,,,,,,,,,,,,,,,,,,,,,,,,,,8.566,,,,,167100.0,,,,,,151100.0,,,,,,delhimercedca,Delhi,Merced,CA
532370,2010-10-31,delhimercedca,57.0928,,,,,,,,,,,,,,,,,,,,,,,,,,,,,,,,,,,,,,,,,,,,,,,,,,,,,,,,,,,,,,,,,,8.1453,,,,,164300.0,,,,,,149000.0,,,,,,delhimercedca,Delhi,Merced,CA
532371,2010-11-30,delhimercedca,37.1659,,,,,,,,,,,,,,,,,,,,,,,,,,,,,,,,,,,,,,,,,,,,,,,,,,,,,,,,,,,,,,,,71.4286,,7.9924,,,,,161800.0,,,,,,146000.0,1133.0,1134.0,0.8420000000000001,1124.0,1134.0,delhimercedca,Delhi,Merced,CA
532372,2010-12-31,delhimercedca,25.0384,,,,,,,,,,,,,,,,,,,,,,,,,,,,,,,,,,,,,,,,,,,,,,,,,,,,,,,,,,,,,,,,77.2059,,7.4952,,,,,160800.0,,,,,,143000.0,1112.0,1112.0,0.838,1103.0,1114.0,delhimercedca,Delhi,Merced,CA
532373,2011-01-31,delhimercedca,21.6021,,,,,,,,,,,,,,,,,,,,,,,,,,,,,,,,,,,,,,,,,,,,,,,,,,,,,,,,,,,,,,,,,,7.5335,,,,,159300.0,,,,,,138800.0,1091.0,1090.0,0.826,1072.0,1093.0,delhimercedca,Delhi,Merced,CA
532374,2011-02-28,delhimercedca,24.084,,,,,,,,,,,,,,,,,,,,,,,,,,,,,,,,,,,,,,,,,,,,,,,,,,,,,,,,,,,,,,,,63.6218,,7.6453,,,,,160400.0,,,,,,137600.0,1053.0,1051.0,0.7979999999999999,1018.0,1054.0,delhimercedca,Delhi,Merced,CA
532375,2011-03-31,delhimercedca,28.5108,,,,,,,,,,,,,,,,,,,,,,,,,,,,,,,,,,,,,,,,,,,,,,,,,,,,,,,,,,,,,,,,64.2673,,7.607,,,,,163800.0,,,,,,139500.0,1009.0,1007.0,0.7659999999999999,962.0,1010.0,delhimercedca,Delhi,Merced,CA
532376,2011-04-30,delhimercedca,41.8342,,,,,,,,,,,,,,,,,,,,,,,,,,,,,,,,,,,,,,,,,,,,,,,,,,,,,,,,,,,,,,,,55.7743,,7.5688,,,,,166500.0,,,,,,141900.0,976.0,974.0,0.742,917.0,976.0,delhimercedca,Delhi,Merced,CA
532377,2011-05-31,delhimercedca,42.4249,,,,,,,,,,,,,,,,,,,,,,,,,,,,,,,,,,,,,,,,,,,,,,,,,,,,,,,,,,,,,,,,54.9884,,7.5306,,,,,165900.0,,,,,,143000.0,954.0,951.0,0.728,884.0,954.0,delhimercedca,Delhi,Merced,CA
532378,2011-06-30,delhimercedca,38.1076,,,,,,,,,,,,,,,,,,,,,,,,,,,,,,,,,,,,,,,,,,,,,,,,,,,,,,,,,,,,,,,,71.0407,,7.3012,,,,,166900.0,,,,,,145100.0,944.0,939.0,0.72,868.0,942.0,delhimercedca,Delhi,Merced,CA
532379,2011-07-31,delhimercedca,42.4383,,,,,,,,,,,,,,,,,,,,,,,,,,,,,,,,,,,,,,,,,,,,,,,,,,,,,,,,,,,,,,,,,,7.2248,,,,,167300.0,,,,,,146800.0,938.0,932.0,0.718,858.0,937.0,delhimercedca,Delhi,Merced,CA
532380,2011-08-31,delhimercedca,32.3743,,,,,,,,,,,,,,,,,,,,,,,,,,,,,,,,,,,,,,,,,,,,,,,,,,,,,,,,,,,,,,,,78.0543,,7.1483,,,,,165100.0,,,,,,147100.0,934.0,927.0,0.7140000000000001,847.0,933.0,delhimercedca,Delhi,Merced,CA
532381,2011-09-30,delhimercedca,34.4968,,,,,,,,,,,,,,,,,,,,,,,,,,,,,,,,,,,,,,,,,,,,,,,,,,,,,,,,,,,,,,,,72.8992,,7.1538,,,,,161900.0,,,,,,145900.0,930.0,924.0,0.71,840.0,929.0,delhimercedca,Delhi,Merced,CA
532382,2011-10-31,delhimercedca,29.686999999999998,,,,,,,,,,,,,,,,,,,,,,,,,,,,,,,,,,,,,,,,,,,,,,,,,,,,,,,,,,,,,,,,64.8215,,7.3833,,,,,160800.0,,,,,,145600.0,925.0,919.0,0.7040000000000001,832.0,924.0,delhimercedca,Delhi,Merced,CA
532383,2011-11-30,delhimercedca,30.6196,,,,,,,,,,,,,,,,,,,,,,,,,,,,,,,,,,,,,,,,,,,,,,,,,,,,,,,,,,,,,,,,,,7.318,,,,,158600.0,,,,,,145600.0,914.0,907.0,0.698,814.0,913.0,delhimercedca,Delhi,Merced,CA
532384,2011-12-31,delhimercedca,26.4288,,,,,,,,,,,,,,,,,,,,,,,,,,,,,,,,,,,,,,,,,,,,,,,,,,,,,,,,,,,,,,,,,,7.0498,,,,,156400.0,,,,,,144700.0,912.0,906.0,0.6940000000000001,809.0,912.0,delhimercedca,Delhi,Merced,CA
532385,2012-01-31,delhimercedca,24.2042,,,,,,,,,,,,,,,,,,,,,,,,,,,,,,,,,,,,,,,,,,,,,,,,,,,,,,,,,,,,,,,,58.3333,,7.0498,,,,,155800.0,,,,,,143500.0,911.0,904.0,0.6940000000000001,810.0,910.0,delhimercedca,Delhi,Merced,CA
532386,2012-02-29,delhimercedca,23.5106,,,,,,,,,,,,,,,,,,,,,,,,,,,,,,,,,,,,,,,,,,,,,,,,,,,,,,,,,,,,,,,,,,6.9296,,,,,155900.0,,,,,,142600.0,912.0,908.0,0.696,824.0,911.0,delhimercedca,Delhi,Merced,CA
532387,2012-03-31,delhimercedca,20.8331,,,,,,,,,,,,,,,,,,,,,,,,,,,,,,,,,,,,,,,,,,,,,,,,,,,,,,,,,,,,,,,,71.1538,,6.5084,,,,,155200.0,,,,,,141200.0,919.0,915.0,0.7,843.0,918.0,delhimercedca,Delhi,Merced,CA
532388,2012-04-30,delhimercedca,15.8801,,,,,,,,,,,,,,,,,,,,,,,,,,,,,,,,,,,,,,,,,,,,,,,,,,,,,,,,,,,,,,,,58.0316,,6.3146,,,,,157500.0,,,,,,141400.0,923.0,920.0,0.7040000000000001,862.0,923.0,delhimercedca,Delhi,Merced,CA
532389,2012-05-31,delhimercedca,10.9008,,,,,,,,,,,,,,,,,,,,,,,,,,,,,,,,,,,,,,,,,,,,,,,,,,,,,,,,,,,,,,,,41.0402,,6.1232,,,,,160300.0,,,,,,141700.0,933.0,928.0,0.71,875.0,932.0,delhimercedca,Delhi,Merced,CA
532390,2012-06-30,delhimercedca,9.3956,,,,,,,,,,,,,,,,,,,,,,,,,,,,,,,,,,,,,,,,,,,,,,,,,,,,,,,,,,,,,,,,28.9685,,5.8171,,,,,162600.0,,,,,,141600.0,940.0,938.0,0.7120000000000001,883.0,940.0,delhimercedca,Delhi,Merced,CA
532391,2012-07-31,delhimercedca,11.1101,,,,,,,,,,,,,,,,,,,,,,,,,,,,,,,,,,,,,,,,,,,,,,,,,,,,,,,,,,,,,,,,32.8409,,5.8553,,,,,165800.0,,,,,,142300.0,945.0,942.0,0.7120000000000001,887.0,945.0,delhimercedca,Delhi,Merced,CA
532392,2012-08-31,delhimercedca,12.0612,,,,,,,,,,,,,,,,,,,,,,,,,,,,,,,,,,,,,,,,,,,,,,,,,,,,,,,,,,,,,,,,,,5.6257,,,,,170500.0,,,,,,143800.0,947.0,945.0,0.7140000000000001,885.0,947.0,delhimercedca,Delhi,Merced,CA
532393,2012-09-30,delhimercedca,13.5716,,,,,,,,,,,,,,,,,,,,,,,,,,,,,,,,,,,,,,,,,,,,,,,,,,,,,,,,,,,,,,,,,,5.4496,,,,,172700.0,,,,,,143100.0,950.0,947.0,0.716,883.0,950.0,delhimercedca,Delhi,Merced,CA
532394,2012-10-31,delhimercedca,17.1409,,,,,,,,,,,,,,,,,,,,,,,,,,,,,,,,,,,,,,,,,,,,,,,,,,,,,,,,,,,,,,,,,,5.3717,,,,,173700.0,,,,,,142900.0,953.0,950.0,0.72,881.0,953.0,delhimercedca,Delhi,Merced,CA
532395,2012-11-30,delhimercedca,15.2097,,,,,,,,,,,,,,,,,,,,,,,,,,,,,,,,,,,,,,,,,,,,,,,,,,,,,,,,,,,,,,,,,,5.2939,,,,,176000.0,,,,,,145200.0,943.0,940.0,0.716,872.0,944.0,delhimercedca,Delhi,Merced,CA
532396,2012-12-31,delhimercedca,13.9084,,,,,,,,,,,,,,,,,,,,,,,,,,,,,,,,,,,,,,,,,,,,,,,,,,,,,,,,,,,,,,,,,,5.255,,,,,179300.0,,,,,,148200.0,946.0,942.0,0.7140000000000001,871.0,946.0,delhimercedca,Delhi,Merced,CA
532397,2013-01-31,delhimercedca,18.4658,,,,,,,,,,,,,,,,,,,,,,,,,,,,,,,,,,,,,,,,,,,,,,,,,,,,,,,,,,,,,,,,27.2727,,5.3328,,,,,182100.0,,,,,,149500.0,947.0,944.0,0.7140000000000001,870.0,947.0,delhimercedca,Delhi,Merced,CA
532398,2013-02-28,delhimercedca,14.4089,,,,,,,,,,,,,,,,,,,,,,,,,,,,,,,,,,,,,,,,,,,,,,,,,,,,,,,,,,,,,,,,,,5.3328,,,,,183100.0,,,,,,150200.0,957.0,953.0,0.718,877.0,957.0,delhimercedca,Delhi,Merced,CA
532399,2013-03-31,delhimercedca,6.3949,,,,,,,,,,,,,,,,,,,,,,,,,,,,,,,,,,,,,,,,,,,,,,,,,,,,,,,,,,,,,,,,,,4.9825,,,,,183000.0,,,,,,152300.0,966.0,962.0,0.726,889.0,966.0,delhimercedca,Delhi,Merced,CA
532400,2013-04-30,delhimercedca,5.274,,,,,,,,,,,,,,,,,,,,,,,,,,,,,,,,,,,,,,,,,,,,,,,,,,,,,,,,,,,,,,,,,,4.8657,,,,,184000.0,,,,,,155800.0,978.0,974.0,0.7340000000000001,894.0,978.0,delhimercedca,Delhi,Merced,CA
532401,2013-05-31,delhimercedca,2.8525,,,,,,,,,,,,,,,,,,,,,,,,,,,,,,,,,,,,,,,,,,,,,,,,,,,,,,,,,,,,,,,,54.5455,,4.71,,,,,187900.0,,,,,,161400.0,984.0,980.0,0.738,896.0,984.0,delhimercedca,Delhi,Merced,CA
532402,2013-06-30,delhimercedca,4.3731,,,,,,,,,,,,,,,,,,,,,,,,,,,,,,,,,,,,,,,,,,,,,,,,,,,,,,,,,,,,,,,,,,4.5154,,,,,193800.0,,,,,,169900.0,986.0,982.0,0.736,890.0,986.0,delhimercedca,Delhi,Merced,CA
532403,2013-07-31,delhimercedca,6.2998,,,,,,,,,,,,,,,,,,,,,,,,,,,,,,,,,,,,,,,,,,,,,,,,,,,,,,,,,,,,,,,,12.5874,,4.441,,,,,199300.0,,,,,,177700.0,979.0,975.0,0.73,879.0,979.0,delhimercedca,Delhi,Merced,CA
532404,2013-08-31,delhimercedca,3.8105,,,,,,,,,,,,,,,,,,,,,,,,,,,,,,,,,,,,,,,,,,,,,,,,,,,,,,,,,,,,,,,,,,4.3631,,,,,201700.0,,,,,,181800.0,972.0,968.0,0.726,862.0,971.0,delhimercedca,Delhi,Merced,CA
532405,2013-09-30,delhimercedca,3.529,,,,,,,,,,,,,,,,,,,,,,,,,,,,,,,,,,,,,,,,,,,,,,,,,,,,,,,,,,,,,,,,,,4.2852,,,,,203900.0,,,,,,186700.0,975.0,970.0,0.726,849.0,974.0,delhimercedca,Delhi,Merced,CA
532406,2013-10-31,delhimercedca,3.9135,,,,,,,,,,,,,,,,,,,,,,,,,,,,,,,,,,,,,,,,,,,,,,,,,,,,,,,,,,,,,,,,,,4.0888,,,,,209200.0,,,,,,193300.0,983.0,977.0,0.732,842.0,982.0,delhimercedca,Delhi,Merced,CA
532407,2013-11-30,delhimercedca,6.4036,,,,,,,,,,,,,,,,,,,,,,,,,,,,,,,,,,,,,,,,,,,,,,,,,,,,,,,,,,,,,,,,,,4.2545,,,,,217000.0,,,,,,198300.0,983.0,976.0,0.7340000000000001,829.0,982.0,delhimercedca,Delhi,Merced,CA
532408,2013-12-31,delhimercedca,5.7091,,,,,,,,,,,,,,,,,,,,,,,,,,,,,,,,,,,,,,,,,,,,,,,,,,,,,,,,,,,,,,,,,,4.2155,,,,,224500.0,,,,,,200500.0,988.0,981.0,0.736,827.0,987.0,delhimercedca,Delhi,Merced,CA
532409,2014-01-31,delhimercedca,2.7336,,,,,,,,,,,,,,,,,,,,,,,,,,,,,,,,,,,,,,,,,,,,,,,,,,,,,,,,,,,,,,,,,,3.8251,,,,,228400.0,,,,,,200300.0,989.0,982.0,0.736,828.0,988.0,delhimercedca,Delhi,Merced,CA
532410,2014-02-28,delhimercedca,5.5084,,,,,,,,,,,,,,,,,,,,,,,,,,,,,,,,,,,,,,,,,,,,,,,,,,,,,,,,,,,,,,,,,,3.6689999999999996,,,,,230500.0,,,,,,198500.0,995.0,987.0,0.74,834.0,994.0,delhimercedca,Delhi,Merced,CA
532411,2014-03-31,delhimercedca,3.4047,,,,,,,,,,,,,,,,,,,,,,,,,,,,,,,,,,,,,,,,,,,,,,,,,,,,,,,,,,,,,,,,,,3.7471,,,,,232500.0,,,,,,197900.0,1006.0,999.0,0.748,835.0,1005.0,delhimercedca,Delhi,Merced,CA
532412,2014-04-30,delhimercedca,,,,,,,,,,,,,,,,,,,,,,,,,,,,,,,,,,,,,,,,,,,,,,,,,,,,,,,,,,,,,,,,,,,3.5519,,,,,233200.0,,,,,,198100.0,1018.0,1010.0,0.754,837.0,1017.0,delhimercedca,Delhi,Merced,CA
532413,2014-05-31,delhimercedca,2.3052,,,,,,,,,,,,,,,,,,,,,,,,,,,,,,,,,,,,,,,,,,,,,,,,,,,,,,,,,,,,,,,,,,3.3568,,,,,234100.0,,,,,,199300.0,1026.0,1019.0,0.76,841.0,1025.0,delhimercedca,Delhi,Merced,CA
532414,2014-06-30,delhimercedca,5.9110000000000005,,,,,,,,,,,,,,,,,,,,,,,,,,,,,,,,,,,,,,,,,,,,,,,,,,,,,,,,,,,,,,,,,,3.5129,,,,,239000.0,,,,,,200800.0,1026.0,1018.0,0.764,845.0,1025.0,delhimercedca,Delhi,Merced,CA
532415,2014-07-31,delhimercedca,3.6997,,,,,,,,,,,,,,,,,,,,,,,,,,,,,,,,,,,,,,,,,,,,,,,,,,,,,,,,,,,,,,,,,,3.1616,,,,,247400.0,,,,,,203500.0,1023.0,1015.0,0.7659999999999999,844.0,1022.0,delhimercedca,Delhi,Merced,CA
532416,2014-08-31,delhimercedca,,,,,,,,,,,,,,,,,,,,,,,,,,,,,,,,,,,,,,,,,,,,,,,,,,,,,,,,,,,,,,,,,,,3.0055,,,,,254700.0,,,,,,207500.0,1023.0,1013.0,0.768,856.0,1021.0,delhimercedca,Delhi,Merced,CA
532417,2014-09-30,delhimercedca,4.2974,,,,,,,,,,,,,,,,,,,,,,,,,,,,,,,,,,,,,,,,,,,,,,,,,,,,,,,,,,,,,,,,,,2.9664,,,,,256900.0,,,,,,212500.0,1030.0,1020.0,0.772,870.0,1028.0,delhimercedca,Delhi,Merced,CA
532418,2014-10-31,delhimercedca,5.1569,,,,,,,,,,,,,,,,,,,,,,,,,,,,,,,,,,,,,,,,,,,,,,,,,,,,,,,,,,,,,,,,,,3.0835,,,,,255500.0,,,,,,217000.0,1037.0,1026.0,0.7759999999999999,882.0,1035.0,delhimercedca,Delhi,Merced,CA
532419,2014-11-30,delhimercedca,2.7933,,,,,,,,,,,,,,,,,,,,,,,,,,,,,,,,,,,,,,,,,,,,,,,,,,,,,,,,,,,,,,,,,,2.9664,,,,,253300.0,,,,,,221400.0,1038.0,1029.0,0.78,874.0,1036.0,delhimercedca,Delhi,Merced,CA
532420,2014-12-31,delhimercedca,2.6486,,,,,,,,,,,,,,,,,,,,,,,,,,,,,,,,,,,,,,,,,,,,,,,,,,,,,,,,,,,,,,,,,,3.2006,,,,,250000.0,,,,,,225300.0,1045.0,1035.0,0.782,867.0,1043.0,delhimercedca,Delhi,Merced,CA
532421,2015-01-31,delhimercedca,3.5515,,,,,,,,,,,,,,,,,,,,,,,,,,,,,,,,,,,,,,,,,,,,,,,,,,,,,,,,,,,,,,,,,,3.2787,,,,,246200.0,,,,,,227300.0,1049.0,1039.0,0.784,854.0,1047.0,delhimercedca,Delhi,Merced,CA
532422,2015-02-28,delhimercedca,4.1545,,,,,,,,,,,,,,,,,,,,,,,,,,,,,,,,,,,,,,,,,,,,,,,,,,,,,,,,,,,,,,,,,,3.3568,,,,,245000.0,,,,,,228400.0,1051.0,1041.0,0.784,845.0,1050.0,delhimercedca,Delhi,Merced,CA
532423,2015-03-31,delhimercedca,2.079,,,,,,,,,,,,,,,,,,,,,,,,,,,,,,,,,,,,,,,,,,,,,,,,,,,,,,,,,,,,,,,,36.3636,,3.5519,,,,,247100.0,,,,,,229600.0,1052.0,1041.0,0.7859999999999999,842.0,1051.0,delhimercedca,Delhi,Merced,CA
532424,2015-04-30,delhimercedca,,,,,,,,,,,,,,,,,,,,,,,,,,,,,,,,,,,,,,,,,,,,,,,,,,,,,,,,,,,,,,,,,,,3.5129,,,,,248900.0,,,,,,231700.0,1048.0,1038.0,0.7859999999999999,850.0,1047.0,delhimercedca,Delhi,Merced,CA
532425,2015-05-31,delhimercedca,7.2957,,,,,,,,,,,,,,,,,,,,,,,,,,,,,,,,,,,,,,,,,,,,,,,,,,,,,,,,,,,,,,,,,,3.7471,,,,,249000.0,,,,,,233000.0,1044.0,1035.0,0.7859999999999999,861.0,1043.0,delhimercedca,Delhi,Merced,CA
532426,2015-06-30,delhimercedca,5.107,,,,,,,,,,,,,,,,,,,,,,,,,,,,,,,,,,,,,,,,,,,,,,,,,,,,,,,,,,,,,,,,,,3.708,,,,,248700.0,,,,,,232700.0,1042.0,1033.0,0.7859999999999999,877.0,1042.0,delhimercedca,Delhi,Merced,CA
532427,2015-07-31,delhimercedca,4.5926,,,,,,,,,,,,,,,,,,,,,,,,,,,,,,,,,,,,,,,,,,,,,,,,,,,,,,,,,,,,,,,,,,3.9422,,,,,248400.0,,,,,,232500.0,1049.0,1040.0,0.79,893.0,1049.0,delhimercedca,Delhi,Merced,CA
532428,2015-08-31,delhimercedca,4.5415,,,,,,,,,,,,,,,,,,,,,,,,,,,,,,,,,,,,,,,,,,,,,,,,,,,,,,,,,,,,,,,,,,4.0984,,,,,249000.0,,,,,,235500.0,1059.0,1051.0,0.7979999999999999,914.0,1059.0,delhimercedca,Delhi,Merced,CA
532429,2015-09-30,delhimercedca,4.7715,,,,,,,,,,,,,,,,,,,,,,,,,,,,,,,,,,,,,,,,,,,,,,,,,,,,,,,,,,,,,,,,,,4.0984,,,,,251600.0,,,,,,238500.0,1065.0,1059.0,0.802,931.0,1065.0,delhimercedca,Delhi,Merced,CA
532430,2015-10-31,delhimercedca,2.2921,,,,,,,,,,,,,,,,,,,,,,,,,,,,,,,,,,,,,,,,,,,,,,,,,,,,,,,,,,,,,,,,,,4.1374,,,,,255400.0,,,,,,239100.0,1061.0,1055.0,0.8,942.0,1061.0,delhimercedca,Delhi,Merced,CA
532431,2015-11-30,delhimercedca,,,,,,,,,,,,,,,,,,,,,,,,,,,,,,,,,,,,,,,,,,,,,,,,,,,,,,,,,,,,,,,,,,,4.0203,,,,,262900.0,,,,,,238900.0,1058.0,1053.0,0.8,952.0,1058.0,delhimercedca,Delhi,Merced,CA
532432,2015-12-31,delhimercedca,,,,,,,,,,,,,,,,,,,,,,,,,,,,,,,,,,,,,,,,,,,,,,,,,,,,,,,,,,,,,,,,,,,3.7861,,,,,272100.0,,,,,,238800.0,1067.0,1063.0,0.8059999999999999,975.0,1067.0,delhimercedca,Delhi,Merced,CA
532433,2016-01-31,delhimercedca,,,,,,,,,,,,,,,,,,,,,,,,,,,,,,,,,,,,,,,,,,,,,,,,,,,,,,,,,,,,,,,,,,,3.708,,,,,276600.0,,,,,,237600.0,1082.0,1078.0,0.818,1004.0,1082.0,delhimercedca,Delhi,Merced,CA
532434,2016-02-29,delhimercedca,,,,,,,,,,,,,,,,,,,,,,,,,,,,,,,,,,,,,,,,,,,,,,,,,,,,,,,,,,,,,,,,,,,3.708,,,,,276100.0,,,,,,237000.0,1095.0,1092.0,0.828,1015.0,1095.0,delhimercedca,Delhi,Merced,CA
532435,2016-03-31,delhimercedca,2.1487,,,,,,,,,,,,,,,,,,,,,,,,,,,,,,,,,,,,,,,,,,,,,,,,,,,,,,,,,,,,,,,,,,3.7471,,,,,276300.0,,,,,,239200.0,1107.0,1105.0,0.838,1022.0,1107.0,delhimercedca,Delhi,Merced,CA
532436,2016-04-30,delhimercedca,5.6024,,,,,,,,,,,,,,,,,,,,,,,,,,,,,,,,,,,,,,,,,,,,,,,,,,,,,,,,,,,,,,,,,,3.7861,,,,,275800.0,,,,,,242900.0,1117.0,1114.0,0.846,1019.0,1116.0,delhimercedca,Delhi,Merced,CA
532437,2016-05-31,delhimercedca,3.5135,,,,,,,,,,,,,,,,,,,,,,,,,,,,,,,,,,,,,,,,,,,,,,,,,,,,,,,,,,,,,,,,,,3.9032,,,,,273500.0,,,,,,247700.0,1125.0,1121.0,0.852,1025.0,1124.0,delhimercedca,Delhi,Merced,CA
532438,2016-06-30,delhimercedca,3.2787,,,,,,,,,,,,,,,,,,,,,,,,,,,,,,,,,,,,,,,,,,,,,,,,,,,,,,,,,,,,,,,,,,3.9813,,,,,268800.0,,,,,,251400.0,1132.0,1128.0,0.856,1028.0,1131.0,delhimercedca,Delhi,Merced,CA
532439,2016-07-31,delhimercedca,,,,,,,,,,,,,,,,,,,,,,,,,,,,,,,,,,,,,,,,,,,,,,,,,,,,,,,,,,,,,,,,,,,3.7861,,,,,264100.0,,,,,,252900.0,1142.0,1138.0,0.862,1036.0,1141.0,delhimercedca,Delhi,Merced,CA
532440,2016-08-31,delhimercedca,2.92,,,,,,,,,,,,,,,,,,,,,,,,,,,,,,,,,,,,,,,,,,,,,,,,,,,,,,,,,,,,,,,,,,3.5909,,,,,262600.0,,,,,,255200.0,1151.0,1148.0,0.87,1039.0,1151.0,delhimercedca,Delhi,Merced,CA
532441,2016-09-30,delhimercedca,,,,,,,,,,,,,,,,,,,,,,,,,,,,,,,,,,,,,,,,,,,,,,,,,,,,,,,,,,,,,,,,,,,3.4738,,,,,265400.0,,,,,,259500.0,1165.0,1161.0,0.878,1043.0,1165.0,delhimercedca,Delhi,Merced,CA
532442,2016-10-31,delhimercedca,,,,,,,,,,,,,,,,,,,,,,,,,,,,,,,,,,,,,,,,,,,,,,,,,,,,,,,,,,,,,,,,,,,3.4348,,,,,267400.0,,,,,,262000.0,1172.0,1168.0,0.8859999999999999,1048.0,1172.0,delhimercedca,Delhi,Merced,CA
532443,2016-11-30,delhimercedca,,,,,,,,,,,,,,,,,,,,,,,,,,,,,,,,,,,,,,,,,,,,,,,,,,,,,,,,,,,,,,,,,,,3.4348,,,,,267300.0,,,,,,263200.0,1174.0,1170.0,0.8859999999999999,1058.0,1173.0,delhimercedca,Delhi,Merced,CA
532444,2016-12-31,delhimercedca,9.4742,,,,,,,,,,,,,,,,,,,,,,,,,,,,,,,,,,,,,,,,,,,,,,,,,,,,,,,,,,,,,,,,7.6923,,3.9422,,,,,268600.0,,,,,,263400.0,1177.0,1175.0,0.892,1070.0,1176.0,delhimercedca,Delhi,Merced,CA
532445,2017-01-31,delhimercedca,6.6319,,,,,,,,,,,,,,,,,,,,,,,,,,,,,,,,,,,,,,,,,,,,,,,,,,,,,,,,,,,,,,,,,,4.0203,,,,,271500.0,,,,,,262300.0,1183.0,1179.0,0.8959999999999999,1083.0,1182.0,delhimercedca,Delhi,Merced,CA
532446,2017-02-28,delhimercedca,2.8423,,,,,,,,,,,,,,,,,,,,,,,,,,,,,,,,,,,,,,,,,,,,,,,,,,,,,,,,,,,,,,,,,,4.2935,,,,,274900.0,,,,,,261200.0,1191.0,1186.0,0.904,1103.0,1190.0,delhimercedca,Delhi,Merced,CA
532447,2017-03-31,delhimercedca,2.1487,,,,,,,,,,,,,,,,,,,,,,,,,,,,,,,,,,,,,,,,,,,,,,,,,,,,,,,,,,,,,,,,,,4.2155,,,,,280100.0,,,,,,262000.0,1201.0,1195.0,0.9079999999999999,1124.0,1199.0,delhimercedca,Delhi,Merced,CA
532448,2017-04-30,delhimercedca,,,,,,,,,,,,,,,,,,,,,,,,,,,,,,,,,,,,,,,,,,,,,,,,,,,,,,,,,,,,,,,,,6.992999999999999,,4.2545,,,,,287300.0,,,,,,264100.0,1207.0,1201.0,0.912,1139.0,1206.0,delhimercedca,Delhi,Merced,CA
532449,2017-05-31,delhimercedca,,,,,,,,,,,,,,,,,,,,,,,,,,,,,,,,,,,,,,,,,,,,,,,,,,,,,,,,,,,,,,,,,,,4.0203,,,,,295000.0,,,,,,266900.0,1211.0,1205.0,0.914,1136.0,1211.0,delhimercedca,Delhi,Merced,CA
532450,2017-06-30,delhimercedca,,,,,,,,,,,,,,,,,,,,,,,,,,,,,,,,,,,,,,,,,,,,,,,,,,,,,,,,,,,,,,,,,,,3.63,,,,,301600.0,,,,,,269900.0,1223.0,1218.0,0.922,1138.0,1223.0,delhimercedca,Delhi,Merced,CA
532451,2017-07-31,delhimercedca,,,,,,,,,,,,,,,,,,,,,,,,,,,,,,,,,,,,,,,,,,,,,,,,,,,,,,,,,,,,,,,,,,,3.3958,,,,,305700.0,,,,,,273600.0,1235.0,1232.0,0.932,1143.0,1235.0,delhimercedca,Delhi,Merced,CA
532452,2017-08-31,delhimercedca,,,,,,,,,,,,,,,,,,,,,,,,,,,,,,,,,,,,,,,,,,,,,,,,,,,,,,,,,,,,,,,,,,,3.1616,,,,,308100.0,,,,,,276800.0,1242.0,1240.0,0.938,1147.0,1242.0,delhimercedca,Delhi,Merced,CA
555314,1996-04-30,dos_palosmercedca,,,,,,,,,,,,,,,,,,,,,,,,,,,,,,,,,,,,,,,,,,,,,,,,,,,,,,58.0,,,,,,,,,,,,,,,58600.0,75900.0,,,,,,,,106000.0,,,,,,dos_palosmercedca,Dos Palos,Merced,CA
555315,1996-05-31,dos_palosmercedca,,,,,,,,,,,,,,,,,,,,,,,,,,,,,,,,,,,,,,,,,,,,,,,,,,,,,,58.0,,,,,,,,,,,,,,,58200.0,76500.0,,,,,,,,105600.0,,,,,,dos_palosmercedca,Dos Palos,Merced,CA
555316,1996-06-30,dos_palosmercedca,,,,,,,,,,,,,,,,,,,,,,,,,,,,,,,,,,,,,,,,,,,,,,,,,,,,,,58.0,,,,,,,,,,,,,,,57800.0,76900.0,,,,,,,,104800.0,,,,,,dos_palosmercedca,Dos Palos,Merced,CA
555317,1996-07-31,dos_palosmercedca,,,,,,,,,,,,,,,,,,,,,,,,,,,,,,,,,,,,,,,,,,,,,,,,,,,,,,58.0,,,,,,,,,,,,,,,57600.0,77100.0,,,,,,,,105000.0,,,,,,dos_palosmercedca,Dos Palos,Merced,CA
555318,1996-08-31,dos_palosmercedca,,,,,,,,,,,,,,,,,,,,,,,,,,,,,,,,,,,,,,,,,,,,,,,,,,,,,,58.0,,,,,,,,,,,,,,,57100.0,77400.0,,,,,,,,106200.0,,,,,,dos_palosmercedca,Dos Palos,Merced,CA
555319,1996-09-30,dos_palosmercedca,,,,,,,,,,,,,,,,,,,,,,,,,,,,,,,,,,,,,,,,,,,,,,,,,,,,,,58.0,,,,,,,,,,,,,,,56700.0,77800.0,,,,,,,,107200.0,,,,,,dos_palosmercedca,Dos Palos,Merced,CA
555320,1996-10-31,dos_palosmercedca,,,,,,,,,,,,,,,,,,,,,,,,,,,,,,,,,,,,,,,,,,,,,,,,,,,,,,59.0,,,,,,,,,,,,,,,56900.0,77900.0,,,,,,,,107000.0,,,,,,dos_palosmercedca,Dos Palos,Merced,CA
555321,1996-11-30,dos_palosmercedca,,,,,,,,,,,,,,,,,,,,,,,,,,,,,,,,,,,,,,,,,,,,,,,,,,,,,,59.0,,,,,,,,,,,,,,,57900.0,78300.0,,,,,,,,106900.0,,,,,,dos_palosmercedca,Dos Palos,Merced,CA
555322,1996-12-31,dos_palosmercedca,,,,,,,,,,,,,,,,,,,,,,,,,,,,,,,,,,,,,,,,,,,,,,,,,,,,,,59.0,,,,,,,,,,,,,,,58900.0,78500.0,,,,,,,,107700.0,,,,,,dos_palosmercedca,Dos Palos,Merced,CA
555323,1997-01-31,dos_palosmercedca,,,,,,,,,,,,,,,,,,,,,,,,,,,,,,,,,,,,,,,,,,,,,,,,,,,,,,60.0,,,,,,,,,,,,,,,59400.0,78500.0,,,,,,,,108500.0,,,,,,dos_palosmercedca,Dos Palos,Merced,CA
555324,1997-02-28,dos_palosmercedca,,,,,,,,,,,,,,,,,,,,,,,,,,,,,,,,,,,,,,,,,,,,,,,,,,,,,,60.0,,,,,,,,,,,,,,,59700.0,77900.0,,,,,,,,109100.0,,,,,,dos_palosmercedca,Dos Palos,Merced,CA
555325,1997-03-31,dos_palosmercedca,,,,,,,,,,,,,,,,,,,,,,,,,,,,,,,,,,,,,,,,,,,,,,,,,,,,,,59.0,,,,,,,,,,,,,,,59900.0,77500.0,,,,,,,,109800.0,,,,,,dos_palosmercedca,Dos Palos,Merced,CA
555326,1997-04-30,dos_palosmercedca,,,,,,,,,,,,,,,,,,,,,,,,,,,,,,,,,,,,,,,,,,,,,,,,,,,,,,59.0,,,,,,,,,,,,,,,59900.0,77000.0,,,,,,,,111200.0,,,,,,dos_palosmercedca,Dos Palos,Merced,CA
555327,1997-05-31,dos_palosmercedca,,,,,,,,,,,,,,,,,,,,,,,,,,,,,,,,,,,,,,,,,,,,,,,,,,,,,,59.0,,,,,,,,,,,,,,,59700.0,76900.0,,,,,,,,112400.0,,,,,,dos_palosmercedca,Dos Palos,Merced,CA
555328,1997-06-30,dos_palosmercedca,,,,,,,,,,,,,,,,,,,,,,,,,,,,,,,,,,,,,,,,,,,,,,,,,,,,,,59.0,,,,,,,,,,,,,,,59800.0,76800.0,,,,,,,,112500.0,,,,,,dos_palosmercedca,Dos Palos,Merced,CA
555329,1997-07-31,dos_palosmercedca,,,,,,,,,,,,,,,,,,,,,,,,,,,,,,,,,,,,,,,,,,,,,,,,,,,,,,59.0,,,,,,,,,,,,,,,60000.0,76900.0,,,,,,,,112300.0,,,,,,dos_palosmercedca,Dos Palos,Merced,CA
555330,1997-08-31,dos_palosmercedca,,,,,,,,,,,,,,,,,,,,,,,,,,,,,,,,,,,,,,,,,,,,,,,,,,,,,,60.0,,,,,,,,,,,,,,,60300.0,77400.0,,,,,,,,112700.0,,,,,,dos_palosmercedca,Dos Palos,Merced,CA
555331,1997-09-30,dos_palosmercedca,,,,,,,,,,,,,,,,,,,,,,,,,,,,,,,,,,,,,,,,,,,,,,,,,,,,,,60.0,,,,,,,,,,,,,,,60800.0,78400.0,,,,,,,,114300.0,,,,,,dos_palosmercedca,Dos Palos,Merced,CA
555332,1997-10-31,dos_palosmercedca,,,,,,,,,,,,,,,,,,,,,,,,,,,,,,,,,,,,,,,,,,,,,,,,,,,,,,61.0,,,,,,,,,,,,,,,61200.0,79200.0,,,,,,,,116100.0,,,,,,dos_palosmercedca,Dos Palos,Merced,CA
555333,1997-11-30,dos_palosmercedca,,,,,,,,,,,,,,,,,,,,,,,,,,,,,,,,,,,,,,,,,,,,,,,,,,,,,,61.0,,,,,,,,,,,,,,,61400.0,79300.0,,,,,,,,117300.0,,,,,,dos_palosmercedca,Dos Palos,Merced,CA
555334,1997-12-31,dos_palosmercedca,,,,,,,,,,,,,,,,,,,,,,,,,,,,,,,,,,,,,,,,,,,,,,,,,,,,,,62.0,,,,,,,,,,,,,,,61800.0,79200.0,,,,,,,,117700.0,,,,,,dos_palosmercedca,Dos Palos,Merced,CA
555335,1998-01-31,dos_palosmercedca,,,,,,,,,,,,,,,,,,,,,,,,,,,,,,,,,,,,,,,,,,,,,,,,,,,,,,62.0,,,,,,,,,,,,,2.3914,,62500.0,80300.0,,,,,,,,118400.0,,,,,,dos_palosmercedca,Dos Palos,Merced,CA
555336,1998-02-28,dos_palosmercedca,8.1085,,,,,,,,,,,,,,,,,,,,,,,,,,,,,,,,,,,,,,,,,,,,,,,,,,,,,63.0,,,,,,,,,,,,,2.3914,,63100.0,81400.0,,,,,,,,119400.0,,,,,,dos_palosmercedca,Dos Palos,Merced,CA
555337,1998-03-31,dos_palosmercedca,10.5356,,,,,,,,,,,,,,,,,,,,,,,,,,,,,,,,,,,,,,,,,,,,,,,,,,,,,63.0,,,,,,,,,,,,,2.3914,,63400.0,81200.0,,,,,,,,119900.0,,,,,,dos_palosmercedca,Dos Palos,Merced,CA
555338,1998-04-30,dos_palosmercedca,6.035,,,,,,,,,,,,,,,,,,,,,,,,,,,,,,,,,,,,,,,,,,,,,,,,,,,,,63.0,,,,,,,,,,,,,2.1962,,64600.0,80700.0,,,,,,,,120700.0,,,,,,dos_palosmercedca,Dos Palos,Merced,CA
555339,1998-05-31,dos_palosmercedca,4.4315,,,,,,,,,,,,,,,,,,,,,,,,,,,,,,,,,,,,,,,,,,,,,,,,,,,,,,,,,,,,,,,,,,2.3914,,,,,,,,,,,,,,,,,dos_palosmercedca,Dos Palos,Merced,CA
555340,1998-06-30,dos_palosmercedca,4.7258,,,,,,,,,,,,,,,,,,,,,,,,,,,,,,,,,,,,,,,,,,,,,,,,,,,,,,,,,,,,,,,,,,2.489,,,,,,,,,,,,,,,,,dos_palosmercedca,Dos Palos,Merced,CA
555341,1998-07-31,dos_palosmercedca,2.7852,,,,,,,,,,,,,,,,,,,,,,,,,,,,,,,,,,,,,,,,,,,,,,,,,,,,,64.0,,,,,,,,,,,,,2.3914,,66100.0,81000.0,,,,,,,,121600.0,,,,,,dos_palosmercedca,Dos Palos,Merced,CA
555342,1998-08-31,dos_palosmercedca,,,,,,,,,,,,,,,,,,,,,,,,,,,,,,,,,,,,,,,,,,,,,,,,,,,,,,64.0,,,,,,,,,,,,,2.4402,,66600.0,80500.0,,,,,,,,121900.0,,,,,,dos_palosmercedca,Dos Palos,Merced,CA
555343,1998-09-30,dos_palosmercedca,3.4459,,,,,,,,,,,,,,,,,,,,,,,,,,,,,,,,,,,,,,,,,,,,,,,,,,,,,63.0,,,,,,,,,,,,,2.3914,,66600.0,79700.0,,,,,,,,121500.0,,,,,,dos_palosmercedca,Dos Palos,Merced,CA
555344,1998-10-31,dos_palosmercedca,,,,,,,,,,,,,,,,,,,,,,,,,,,,,,,,,,,,,,,,,,,,,,,,,,,,,,63.0,,,,,,,,,,,,,2.245,,67400.0,79500.0,,,,,,,,121200.0,,,,,,dos_palosmercedca,Dos Palos,Merced,CA
555345,1998-11-30,dos_palosmercedca,,,,,,,,,,,,,,,,,,,,,,,,,,,,,,,,,,,,,,,,,,,,,,,,,,,,,,63.0,,,,,,,,,,,,,2.1474,,68500.0,79600.0,,,,,,,,121200.0,,,,,,dos_palosmercedca,Dos Palos,Merced,CA
555346,1998-12-31,dos_palosmercedca,2.7594,,,,,,,,,,,,,,,,,,,,,,,,,,,,,,,,,,,,,,,,,,,,,,,,,,,,,64.0,,,,,,,,,,,,,2.489,,69200.0,79600.0,,,,,,,,120600.0,,,,,,dos_palosmercedca,Dos Palos,Merced,CA
555347,1999-01-31,dos_palosmercedca,4.7311,,,,,,,,,,,,,,,,,,,,,,,,,,,,,,,,,,,,,,,,,,,,,,,,,,,,,63.0,,,,,,,,,,,,,2.5378,,68700.0,79500.0,,,,,,,,119500.0,,,,,,dos_palosmercedca,Dos Palos,Merced,CA
555348,1999-02-28,dos_palosmercedca,6.182,,,,,,,,,,,,,,,,,,,,,,,,,,,,,,,,,,,,,,,,,,,,,,,,,,,,,63.0,,,,,,,,,,,,,2.6354,,67900.0,79400.0,,,,,,,,117500.0,,,,,,dos_palosmercedca,Dos Palos,Merced,CA
555349,1999-03-31,dos_palosmercedca,6.7421,,,,,,,,,,,,,,,,,,,,,,,,,,,,,,,,,,,,,,,,,,,,,,,,,,,,,63.0,,,,,,,,,,,,,2.8306,,67700.0,80200.0,,,,,,,,115300.0,,,,,,dos_palosmercedca,Dos Palos,Merced,CA
555350,1999-04-30,dos_palosmercedca,3.4866,,,,,,,,,,,,,,,,,,,,,,,,,,,,,,,,,,,,,,,,,,,,,,,,,,,,,64.0,,,,,,,,,,,,,3.0747,,67900.0,81900.0,,,,,,,,114100.0,,,,,,dos_palosmercedca,Dos Palos,Merced,CA
555351,1999-05-31,dos_palosmercedca,,,,,,,,,,,,,,,,,,,,,,,,,,,,,,,,,,,,,,,,,,,,,,,,,,,,,,64.0,,,,,,,,,,,,,3.1235,,67500.0,83200.0,,,,,,,,114400.0,,,,,,dos_palosmercedca,Dos Palos,Merced,CA
555352,1999-06-30,dos_palosmercedca,,,,,,,,,,,,,,,,,,,,,,,,,,,,,,,,,,,,,,,,,,,,,,,,,,,,,,64.0,,,,,,,,,,,,,3.1235,,66500.0,83800.0,,,,,,,,114300.0,,,,,,dos_palosmercedca,Dos Palos,Merced,CA
555353,1999-07-31,dos_palosmercedca,2.7996,,,,,,,,,,,,,,,,,,,,,,,,,,,,,,,,,,,,,,,,,,,,,,,,,,,,,64.0,,,,,,,,,,,,,3.2699,,65800.0,84700.0,,,,,,,,114800.0,,,,,,dos_palosmercedca,Dos Palos,Merced,CA
555354,1999-08-31,dos_palosmercedca,4.6741,,,,,,,,,,,,,,,,,,,,,,,,,,,,,,,,,,,,,,,,,,,,,,,,,,,,,65.0,,,,,,,,,,,,,3.4163,,65700.0,85600.0,,,,,,,,116200.0,,,,,,dos_palosmercedca,Dos Palos,Merced,CA
555355,1999-09-30,dos_palosmercedca,2.74,,,,,,,,,,,,,,,,,,,,,,,,,,,,,,,,,,,,,,,,,,,,,,,,,,,,,66.0,,,,,,,,,,,,,3.5627,,66300.0,86100.0,,,,,,,,117900.0,,,,,,dos_palosmercedca,Dos Palos,Merced,CA
555356,1999-10-31,dos_palosmercedca,5.5672,,,,,,,,,,,,,,,,,,,,,,,,,,,,,,,,,,,,,,,,,,,,,,,,,,,,,67.0,,,,,,,,,,,,,3.6115,,67800.0,86500.0,,,,,,,,120100.0,,,,,,dos_palosmercedca,Dos Palos,Merced,CA
555357,1999-11-30,dos_palosmercedca,,,,,,,,,,,,,,,,,,,,,,,,,,,,,,,,,,,,,,,,,,,,,,,,,,,,,,68.0,,,,,,,,,,,,,3.7091,,69500.0,87100.0,,,,,,,,123100.0,,,,,,dos_palosmercedca,Dos Palos,Merced,CA
555358,1999-12-31,dos_palosmercedca,6.843,,,,,,,,,,,,,,,,,,,,,,,,,,,,,,,,,,,,,,,,,,,,,,,,,,,,,69.0,,,,,,,,,,,,,3.4651,,70900.0,87700.0,,,,,,,,126300.0,,,,,,dos_palosmercedca,Dos Palos,Merced,CA
555359,2000-01-31,dos_palosmercedca,3.792,,,,,,,,,,,,,,,,,,,,,,,,,,,,,,,,,,,,,,,,,,,,,,,,,,,,,70.0,,,,,,,,,,,,,3.5139,,71900.0,88900.0,,,,,,,,129700.0,,,,,,dos_palosmercedca,Dos Palos,Merced,CA
555360,2000-02-29,dos_palosmercedca,5.1463,,,,,,,,,,,,,,,,,,,,,,,,,,,,,,,,,,,,,,,,,,,,,,,,,,,,,71.0,,,,,,,,,,,,,3.5139,,73100.0,90800.0,,,,,,,,133300.0,,,,,,dos_palosmercedca,Dos Palos,Merced,CA
555361,2000-03-31,dos_palosmercedca,5.9687,,,,,,,,,,,,,,,,,,,,,,,,,,,,,,,,,,,,,,,,,,,,,,,,,,,,,73.0,,,,,,,,,,,,,3.3187,,75100.0,93300.0,,,,,,,,136400.0,,,,,,dos_palosmercedca,Dos Palos,Merced,CA
555362,2000-04-30,dos_palosmercedca,10.158,,,,,,,,,,,,,,,,,,,,,,,,,,,,,,,,,,,,,,,,,,,,,,,,,,,,,75.0,,,,,,,,,,,,,3.5139,,77200.0,95600.0,,,,,,,,138100.0,,,,,,dos_palosmercedca,Dos Palos,Merced,CA
555363,2000-05-31,dos_palosmercedca,8.4648,,,,,,,,,,,,,,,,,,,,,,,,,,,,,,,,,,,,,,,,,,,,,,,,,,,,,76.0,,,,,,,,,,,,,3.4163,,78700.0,96500.0,,,,,,,,139000.0,,,,,,dos_palosmercedca,Dos Palos,Merced,CA
555364,2000-06-30,dos_palosmercedca,7.4524,,,,,,,,,,,,,,,,,,,,,,,,,,,,,,,,,,,,,,,,,,,,,,,,,,,,,76.0,,,,,,,,,,,,,3.6603,,79600.0,96700.0,,,,,,,,140100.0,,,,,,dos_palosmercedca,Dos Palos,Merced,CA
555365,2000-07-31,dos_palosmercedca,3.2961,,,,,,,,,,,,,,,,,,,,,,,,,,,,,,,,,,,,,,,,,,,,,,,,,,,,,77.0,,,,,,,,,,,,,3.6603,,80000.0,97100.0,,,,,,,,140600.0,,,,,,dos_palosmercedca,Dos Palos,Merced,CA
555366,2000-08-31,dos_palosmercedca,8.11,,,,,,,,,,,,,,,,,,,,,,,,,,,,,,,,,,,,,,,,,,,,,,,,,,,,,78.0,,,,,,,,,,,,,3.6603,,80000.0,98500.0,,,,,,,,142400.0,,,,,,dos_palosmercedca,Dos Palos,Merced,CA
555367,2000-09-30,dos_palosmercedca,8.3872,,,,,,,,,,,,,,,,,,,,,,,,,,,,,,,,,,,,,,,,,,,,,,,,,,,,,79.0,,,,,,,,,,,,,3.4651,,80600.0,100300.0,,,,,,,,145600.0,,,,,,dos_palosmercedca,Dos Palos,Merced,CA
555368,2000-10-31,dos_palosmercedca,4.5311,,,,,,,,,,,,,,,,,,,,,,,,,,,,,,,,,,,,,,,,,,,,,,,,,,,,,79.0,,,,,,,,,,,,,3.7091,,80900.0,101100.0,,,,,,,,147400.0,,,,,,dos_palosmercedca,Dos Palos,Merced,CA
555369,2000-11-30,dos_palosmercedca,,,,,,,,,,,,,,,,,,,,,,,,,,,,,,,,,,,,,,,,,,,,,,,,,,,,,,79.0,,,,,,,,,,,,,3.9043,,80600.0,100600.0,,,,,,,,147100.0,,,,,,dos_palosmercedca,Dos Palos,Merced,CA
555370,2000-12-31,dos_palosmercedca,3.5261,,,,,,,,,,,,,,,,,,,,,,,,,,,,,,,,,,,,,,,,,,,,,,,,,,,,,79.0,,,,,,,,,,,,,4.002,,80500.0,100400.0,,,,,,,,147500.0,,,,,,dos_palosmercedca,Dos Palos,Merced,CA
555371,2001-01-31,dos_palosmercedca,,,,,,,,,,,,,,,,,,,,,,,,,,,,,,,,,,,,,,,,,,,,,,,,,,,,,,80.0,,,,,,,,,,,,,4.0508,,81300.0,100900.0,,,,,,,,147700.0,,,,,,dos_palosmercedca,Dos Palos,Merced,CA
555372,2001-02-28,dos_palosmercedca,,,,,,,,,,,,,,,,,,,,,,,,,,,,,,,,,,,,,,,,,,,,,,,,,,,,,,80.0,,,,,,,,,,,,,4.002,,82300.0,102100.0,,,,,,,,148600.0,,,,,,dos_palosmercedca,Dos Palos,Merced,CA
555373,2001-03-31,dos_palosmercedca,2.7996,,,,,,,,,,,,,,,,,,,,,,,,,,,,,,,,,,,,,,,,,,,,,,,,,,,,,81.0,,,,,,,,,,,,,4.2948,,83100.0,103000.0,,,,,,,,150800.0,,,,,,dos_palosmercedca,Dos Palos,Merced,CA
555374,2001-04-30,dos_palosmercedca,,,,,,,,,,,,,,,,,,,,,,,,,,,,,,,,,,,,,,,,,,,,,,,,,,,,,,81.0,,,,,,,,,,,6.6667,,4.4412,,83300.0,103400.0,,,,,,,,153900.0,,,,,,dos_palosmercedca,Dos Palos,Merced,CA
555375,2001-05-31,dos_palosmercedca,,,,,,,,,,,,,,,,,,,,,,,,,,,,,,,,,,,,,,,,,,,,,,,,,,,,,,81.0,,,,,,,,,,,,,4.49,,83600.0,103700.0,,,,,,,,155900.0,,,,,,dos_palosmercedca,Dos Palos,Merced,CA
555376,2001-06-30,dos_palosmercedca,2.7996,,,,,,,,,,,,,,,,,,,,,,,,,,,,,,,,,,,,,,,,,,,,,,,,,,,,,81.0,,,,,,,,,,,,,4.49,,83800.0,104600.0,,,,,,,,156100.0,,,,,,dos_palosmercedca,Dos Palos,Merced,CA
555377,2001-07-31,dos_palosmercedca,5.4808,,,,,,,,,,,,,,,,,,,,,,,,,,,,,,,,,,,,,,,,,,,,,,,,,,,,,82.0,,,,,,,,,,,,,4.6364,,84300.0,106000.0,,,,,,,,156800.0,,,,,,dos_palosmercedca,Dos Palos,Merced,CA
555378,2001-08-31,dos_palosmercedca,3.3047,,,,,,,,,,,,,,,,,,,,,,,,,,,,,,,,,,,,,,,,,,,,,,,,,,,,,84.0,,,,,,,,,,,,,4.5876,,85700.0,107700.0,,,,,,,,158800.0,,,,,,dos_palosmercedca,Dos Palos,Merced,CA
555379,2001-09-30,dos_palosmercedca,3.7722,,,,,,,,,,,,,,,,,,,,,,,,,,,,,,,,,,,,,,,,,,,,,,,,,,,,,85.0,,,,,,,,,,,,,4.9292,,87400.0,109200.0,,,,,,,,159700.0,,,,,,dos_palosmercedca,Dos Palos,Merced,CA
555380,2001-10-31,dos_palosmercedca,,,,,,,,,,,,,,,,,,,,,,,,,,,,,,,,,,,,,,,,,,,,,,,,,,,,,,86.0,,,,,,,,,,,,,4.7828,,88700.0,111200.0,,,,,,,,159700.0,,,,,,dos_palosmercedca,Dos Palos,Merced,CA
555381,2001-11-30,dos_palosmercedca,,,,,,,,,,,,,,,,,,,,,,,,,,,,,,,,,,,,,,,,,,,,,,,,,,,,,,87.0,,,,,,,,,,,,,4.5876,,89700.0,114100.0,,,,,,,,160200.0,,,,,,dos_palosmercedca,Dos Palos,Merced,CA
555382,2001-12-31,dos_palosmercedca,3.3944,,,,,,,,,,,,,,,,,,,,,,,,,,,,,,,,,,,,,,,,,,,,,,,,,,,,,88.0,,,,,,,,,,,,,4.3924,,90200.0,116700.0,,,,,,,,160700.0,,,,,,dos_palosmercedca,Dos Palos,Merced,CA
555383,2002-01-31,dos_palosmercedca,,,,,,,,,,,,,,,,,,,,,,,,,,,,,,,,,,,,,,,,,,,,,,,,,,,,,,89.0,,,,,,,,,,,,,4.3436,,90600.0,118200.0,,,,,,,,161500.0,,,,,,dos_palosmercedca,Dos Palos,Merced,CA
555384,2002-02-28,dos_palosmercedca,,,,,,,,,,,,,,,,,,,,,,,,,,,,,,,,,,,,,,,,,,,,,,,,,,,,,,90.0,,,,,,,,,,,,,4.3924,,90500.0,118700.0,,,,,,,,162200.0,,,,,,dos_palosmercedca,Dos Palos,Merced,CA
555385,2002-03-31,dos_palosmercedca,4.7529,,,,,,,,,,,,,,,,,,,,,,,,,,,,,,,,,,,,,,,,,,,,,,,,,,,,,90.0,,,,,,,,,,,,,4.1972,,90400.0,119100.0,,,,,,,,164300.0,,,,,,dos_palosmercedca,Dos Palos,Merced,CA
555386,2002-04-30,dos_palosmercedca,,,,,,,,,,,,,,,,,,,,,,,,,,,,,,,,,,,,,,,,,,,,,,,,,,,,,,90.0,,,,,,,,,,,,,3.8067,,91100.0,120400.0,,,,,,,,166900.0,,,,,,dos_palosmercedca,Dos Palos,Merced,CA
555387,2002-05-31,dos_palosmercedca,8.4336,,,,,,,,,,,,,,,,,,,,,,,,,,,,,,,,,,,,,,,,,,,,,,,,,,,,,92.0,,,,,,,,,,,,,3.8067,,92800.0,122600.0,,,,,,,,170300.0,,,,,,dos_palosmercedca,Dos Palos,Merced,CA
555388,2002-06-30,dos_palosmercedca,11.8067,,,,,,,,,,,,,,,,,,,,,,,,,,,,,,,,,,,,,,,,,,,,,,,,,,,,,94.0,,,,,,,,,,,,,3.7091,,95000.0,125200.0,,,,,,,,174300.0,,,,,,dos_palosmercedca,Dos Palos,Merced,CA
555389,2002-07-31,dos_palosmercedca,10.3162,,,,,,,,,,,,,,,,,,,,,,,,,,,,,,,,,,,,,,,,,,,,,,,,,97.65625,,97.65625,124500.0,96.0,,,,,,,,,,,,,4.0508,,97400.0,127700.0,,,,,,,,178500.0,,,,,,dos_palosmercedca,Dos Palos,Merced,CA
555390,2002-08-31,dos_palosmercedca,7.2379999999999995,,,,,,,,,,,,,,,,,,,,,,,,,,,,,,,,,,,,,,,,,,,,,,,,,108.1426,,108.1426,133029.4118,97.0,,,,,,,,,,,,,4.3436,,98400.0,130100.0,,,,,,,,181100.0,,,,,,dos_palosmercedca,Dos Palos,Merced,CA
555391,2002-09-30,dos_palosmercedca,8.3596,,,,,,,,,,,,,,,,,,,,,,,,,,,,,,,,,,,,,,,,,,,,,,,,,,,,,98.0,,,,,,,,,,,4.5454,,4.5388,,97900.0,133300.0,,,,,,,,183300.0,,,,,,dos_palosmercedca,Dos Palos,Merced,CA
555392,2002-10-31,dos_palosmercedca,8.1305,,,,,,,,,,,,,,,,,,,,,,,,,,,,,,,,,,,,,,,,,,,,,,,,,,,,,101.0,,,,,,,,,,,,,4.6852,,98800.0,136300.0,,,,,,,,184000.0,,,,,,dos_palosmercedca,Dos Palos,Merced,CA
555393,2002-11-30,dos_palosmercedca,4.0803,,,,,,,,,,,,,,,,,,,,,,,,,,,,,,,,,,,,,,,,,,,,,,,,,,,,,102.0,,,,,,,,,,,,,4.6852,,100600.0,138600.0,,,,,,,,181500.0,,,,,,dos_palosmercedca,Dos Palos,Merced,CA
555394,2002-12-31,dos_palosmercedca,5.6945,,,,,,,,,,,,,,,,,,,,,,,,,,,,,,,,,,,,,,,,,,,,,,,,,,,,,103.0,,,,,,,,,,,,,4.9292,,101200.0,140700.0,,,,,,,,180800.0,,,,,,dos_palosmercedca,Dos Palos,Merced,CA
555395,2003-01-31,dos_palosmercedca,,,,,,,,,,,,,,,,,,,,,,,,,,,,,,,,,,,,,,,,,,,,,,,,,,120.0,,120.0,141000.0,104.0,,,,,,,,,,,17.6471,,5.2221,,100500.0,142900.0,,,,,,,,184600.0,,,,,,dos_palosmercedca,Dos Palos,Merced,CA
555396,2003-02-28,dos_palosmercedca,,,,,,,,,,,,,,,,,,,,,,,,,,,,,,,,,,,,,,,,,,,,,,,,,,,,,,105.0,,,,,,,,,,,,,5.2709,,100600.0,144900.0,,,,,,,,189300.0,,,,,,dos_palosmercedca,Dos Palos,Merced,CA
555397,2003-03-31,dos_palosmercedca,2.7594,,,,,,,,,,,,,,,,,,,,,,,,,,,,,,,,,,,,,,,,,,,,,,,,,123.4833,,123.4833,145615.3846,106.0,,,,,,,,,,,4.0724,,5.7589,,101200.0,146600.0,,,,,,,,191300.0,,,,,,dos_palosmercedca,Dos Palos,Merced,CA
555398,2003-04-30,dos_palosmercedca,6.5827,,,,,,,,,,,,,,,,,,,,,,,,,,,,,,,,,,,,,,,,,,,,,,,,,,,,,108.0,,,,,,,,,,,,,5.8565,,101600.0,148000.0,,,,,,,,193100.0,,,,,,dos_palosmercedca,Dos Palos,Merced,CA
555399,2003-05-31,dos_palosmercedca,4.0836,,,,,,,,,,,,,,,,,,,,,,,,,,,,,,,,,,,,,,,,,,,,,,,,,118.0853,,118.0853,160846.1538,109.0,,,,,,,,,,,3.4965,,6.5886,,101500.0,148900.0,,,,,,,,194700.0,,,,,,dos_palosmercedca,Dos Palos,Merced,CA
555400,2003-06-30,dos_palosmercedca,4.1949,,,,,,,,,,,,,,,,,,,,,,,,,,,,,,,,,,,,,,,,,,,,,,,,,122.0008,,122.0008,162941.1765,110.0,,,,,,,,,,,,,7.0278,,101000.0,149500.0,,,,,,,,195600.0,,,,,,dos_palosmercedca,Dos Palos,Merced,CA
555401,2003-07-31,dos_palosmercedca,,,,,,,,,,,,,,,,,,,,,,,,,,,,,,,,,,,,,,,,,,,,,,,,,,,,,,111.0,,,,,,,,,,,,,6.8326,,101600.0,151000.0,,,,,,,,195600.0,,,,,,dos_palosmercedca,Dos Palos,Merced,CA
555402,2003-08-31,dos_palosmercedca,,,,,,,,,,,,,,,,,,,,,,,,,,,,,,,,,,,,,,,,,,,,,,,,,,122.209,,122.209,168038.4615,112.0,,,,,,,,,,,2.7778,,7.0278,,103700.0,153100.0,,,,,,,,196100.0,,,,,,dos_palosmercedca,Dos Palos,Merced,CA
555403,2003-09-30,dos_palosmercedca,3.5212,,,,,,,,,,,,,,,,,,,,,,,,,,,,,,,,,,,,,,,,,,,,,,,,,123.5373,,123.5373,174705.8824,113.0,,,,,,,,,,,,,7.1254,,105200.0,154400.0,,,,,,,,197500.0,,,,,,dos_palosmercedca,Dos Palos,Merced,CA
555404,2003-10-31,dos_palosmercedca,,,,,,,,,,,,,,,,,,,,,,,,,,,,,,,,,,,,,,,,,,,,,,,,,,121.1795,,121.1795,168800.0,113.0,,,,,,,,,,,3.3333,,7.6623,,104700.0,154700.0,,,,,,,,200400.0,,,,,,dos_palosmercedca,Dos Palos,Merced,CA
555405,2003-11-30,dos_palosmercedca,,,,,,,,,,,,,,,,,,,,,,,,,,,,,,,,,,,,,,,,,,,,,,,,,,121.5017,,121.5017,165900.0,113.0,,,,,,,,,,,4.6912,,8.0527,,104500.0,155200.0,,,,,,,,203400.0,,,,,,dos_palosmercedca,Dos Palos,Merced,CA
555406,2003-12-31,dos_palosmercedca,2.713,,,,,,,,,,,,,,,,,,,,,,,,,,,,,,,,,,,,,,,,,,,,,,,,,120.7526,,120.7526,154050.0,115.0,,,,,,,,,,,2.8088,,8.5408,,107100.0,156600.0,,,,,,,,205200.0,,,,,,dos_palosmercedca,Dos Palos,Merced,CA
555407,2004-01-31,dos_palosmercedca,4.6986,,,,,,,,,,,,,,,,,,,,,,,,,,,,,,,,,,,,,,,,,,,,,,,,,,,,,118.0,,,,,,,,,,,,,8.3943,,111700.0,158500.0,,,,,,,,205900.0,,,,,,dos_palosmercedca,Dos Palos,Merced,CA
555408,2004-02-29,dos_palosmercedca,5.5299,,,,,,,,,,,,,,,,,,,,,,,,,,,,,,,,,,,,,,,,,,,,,,,,,118.6376,,118.6376,148615.3846,119.0,,,,,,,,,,,4.8077,,8.736,,116100.0,160600.0,,,,,,,,208100.0,,,,,,dos_palosmercedca,Dos Palos,Merced,CA
555409,2004-03-31,dos_palosmercedca,5.4852,,,,,,,,,,,,,,,,,,,,,,,,,,,,,,,,,,,,,,,,,,,,,,,,,118.1694,,118.1694,150000.0,121.0,,,,,,,,,,,,,8.9312,,119200.0,163100.0,,,,,,,,210800.0,,,,,,dos_palosmercedca,Dos Palos,Merced,CA
555410,2004-04-30,dos_palosmercedca,2.728,,,,,,,,,,,,,,,,,,,,,,,,,,,,,,,,,,,,,,,,,,,,,,,,,122.6272,,122.6272,162000.0,123.0,,,,,,,,,,,4.0625,,9.468,,122200.0,166300.0,,,,,,,,212700.0,,,,,,dos_palosmercedca,Dos Palos,Merced,CA
555411,2004-05-31,dos_palosmercedca,,,,,,,,,,,,,,,,,,,,,,,,,,,,,,,,,,,,,,,,,,,,,,,,,,,,,,127.0,,,,,,,,,,,,,8.7848,,126400.0,170000.0,,,,,,,,215300.0,,,,,,dos_palosmercedca,Dos Palos,Merced,CA
555412,2004-06-30,dos_palosmercedca,,,,,,,,,,,,,,,,,,,,,,,,,,,,,,,,,,,,,,,,,,,,,,,,,,128.9179,,128.9179,155538.4615,131.0,,,,,,,,,,,,,8.5408,,132800.0,173000.0,,,,,,,,220800.0,,,,,,dos_palosmercedca,Dos Palos,Merced,CA
555413,2004-07-31,dos_palosmercedca,2.7996,,,,,,,,,,,,,,,,,,,,,,,,,,,,,,,,,,,,,,,,,,,,,,,,,,,,,135.0,,,,,,,,,,,4.9019,,8.4919,,139400.0,174900.0,,,,,,,,226800.0,,,,,,dos_palosmercedca,Dos Palos,Merced,CA
555414,2004-08-31,dos_palosmercedca,7.3915,,,,,,,,,,,,,,,,,,,,,,,,,,,,,,,,,,,,,,,,,,,,,,,,,,,,,138.0,,,,,,,,,,,,,8.0527,,145300.0,177300.0,,,,,,,,232200.0,,,,,,dos_palosmercedca,Dos Palos,Merced,CA
555415,2004-09-30,dos_palosmercedca,8.1633,,,,,,,,,,,,,,,,,,,,,,,,,,,,,,,,,,,,,,,,,,,,,,,,,,,,215000.0,141.0,,,,,,,,,,,8.3333,,8.1015,,151700.0,181200.0,,,,,,,,239400.0,,,,,,dos_palosmercedca,Dos Palos,Merced,CA
555416,2004-10-31,dos_palosmercedca,4.0944,,,,,,,,,,,,,,,,,,,,,,,,,,,,,,,,,,,,,,,,,,,,,,,,,,,,,145.0,,,,,,,,,,,,,7.6623,,157800.0,185900.0,,,,,,,,247300.0,,,,,,dos_palosmercedca,Dos Palos,Merced,CA
555417,2004-11-30,dos_palosmercedca,,,,,,,,,,,,,,,,,,,,,,,,,,,,,,,,,,,,,,,,,,,,,,,,,,130.15873015873,,130.15873015873,203076.9231,149.0,,,,,,,,,,,,,7.6623,,162700.0,190500.0,,,,,,,,255300.0,,,,,,dos_palosmercedca,Dos Palos,Merced,CA
555418,2004-12-31,dos_palosmercedca,,,,,,,,,,,,,,,,,,,,,,,,,,,,,,,,,,,,,,,,,,,,,,,,,,154.5967,,154.5967,230970.5882,152.0,,,,,,,,,,,4.5454,,7.3694,,166900.0,194900.0,,,,,,,,264400.0,,,,,,dos_palosmercedca,Dos Palos,Merced,CA
555419,2005-01-31,dos_palosmercedca,2.6824,,,,,,,,,,,,,,,,,,,,,,,,,,,,,,,,,,,,,,,,,,,,,,,,,,,,,156.0,,,,,,,,,,,,,7.3206,,170700.0,200200.0,,,,,,,,272500.0,,,,,,dos_palosmercedca,Dos Palos,Merced,CA
555420,2005-02-28,dos_palosmercedca,4.5936,,,,,,,,,,,,,,,,,,,,,,,,,,,,,,,,,,,,,,,,,,,,,,,,,,,,,161.0,,,,,,,,,,,,,6.8326,,174900.0,205500.0,,,,,,,,277800.0,,,,,,dos_palosmercedca,Dos Palos,Merced,CA
555421,2005-03-31,dos_palosmercedca,2.7058,,,,,,,,,,,,,,,,,,,,,,,,,,,,,,,,,,,,,,,,,,,,,,,,,,,,,165.0,,,,,,,,,,,,,6.3934,,180200.0,211100.0,,,,,,,,283100.0,,,,,,dos_palosmercedca,Dos Palos,Merced,CA
555422,2005-04-30,dos_palosmercedca,,,,,,,,,,,,,,,,,,,,,,,,,,,,,,,,,,,,,,,,,,,,,,,,,,202.541699761716,,202.541699761716,212000.0,169.0,,,,,,,,,,,6.6667,,6.3446,,186200.0,218000.0,,,,,,,,291500.0,,,,,,dos_palosmercedca,Dos Palos,Merced,CA
555423,2005-05-31,dos_palosmercedca,,,,,,,,,,,,,,,,,,,,,,,,,,,,,,,,,,,,,,,,,,,,,,,,,,189.2819,,189.2819,213764.7059,176.0,,,,,,,,,,,7.6471,,6.4910000000000005,,193400.0,227600.0,,,,,,,,301700.0,,,,,,dos_palosmercedca,Dos Palos,Merced,CA
555424,2005-06-30,dos_palosmercedca,,,,,,,,,,,,,,,,,,,,,,,,,,,,,,,,,,,,,,,,,,,,,,,,,,182.9696,,182.9696,236550.0,185.0,,,,,,,,,,,3.9167,,6.6862,,200900.0,239300.0,,,,,,,,311000.0,,,,,,dos_palosmercedca,Dos Palos,Merced,CA
555425,2005-07-31,dos_palosmercedca,,,,,,,,,,,,,,,,,,,,,,,,,,,,,,,,,,,,,,,,,,,,,,,,,,,,,,190.0,,,,,,,,,,,,,6.4422,,205500.0,248600.0,,,,,,,,319100.0,,,,,,dos_palosmercedca,Dos Palos,Merced,CA
555426,2005-08-31,dos_palosmercedca,,,,,,,,,,,,,,,,,,,,,,,,,,,,,,,,,,,,,,,,,,,,,,,,,,211.81,,211.81,279000.0,193.0,,,,,,,,,,,,,6.7838,,208000.0,254000.0,,,,,,,,325200.0,,,,,,dos_palosmercedca,Dos Palos,Merced,CA
555427,2005-09-30,dos_palosmercedca,2.7996,,,,,,,,,,,,,,,,,,,,,,,,,,,,,,,,,,,,,,,,,,,,,,,,,,,,,196.0,,,,,,,,,,,,,7.0278,,210600.0,258600.0,,,,,,,,325600.0,,,,,,dos_palosmercedca,Dos Palos,Merced,CA
555428,2005-10-31,dos_palosmercedca,,,,,,,,,,,,,,,,,,,,,,,,,,,,,,,,,,,,,,,,,,,,,,,,,,,,,,199.0,,,,,,,,,,,,,7.6135,,213100.0,264100.0,,,,,,,,325300.0,,,,,,dos_palosmercedca,Dos Palos,Merced,CA
555429,2005-11-30,dos_palosmercedca,,,,,,,,,,,,,,,,,,,,,,,,,,,,,,,,,,,,,,,,,,,,,,,,,,,,,,203.0,,,,,,,,,,,,,7.7111,,216700.0,269400.0,,,,,,,,330700.0,,,,,,dos_palosmercedca,Dos Palos,Merced,CA
555430,2005-12-31,dos_palosmercedca,,,,,,,,,,,,,,,,,,,,,,,,,,,,,,,,,,,,,,,,,,,,,,,,,,,,,,206.0,,,,,,,,,,,3.8462,,7.7599,,219200.0,273200.0,,,,,,,,335000.0,,,,,,dos_palosmercedca,Dos Palos,Merced,CA
555431,2006-01-31,dos_palosmercedca,,,,,,,,,,,,,,,,,,,,,,,,,,,,,,,,,,,,,,,,,,,,,,,,,,,,,,207.0,,,,,,,,,,,,,7.5159,,219200.0,275100.0,,,,,,,,335100.0,,,,,,dos_palosmercedca,Dos Palos,Merced,CA
555432,2006-02-28,dos_palosmercedca,6.3372,,,,,,,,,,,,,,,,,,,,,,,,,,,,,,,,,,,,,,,,,,,,,,,,,,,,,209.0,,,,,,,,,,,,,7.4183,,218300.0,277300.0,,,,,,,,332700.0,,,,,,dos_palosmercedca,Dos Palos,Merced,CA
555433,2006-03-31,dos_palosmercedca,,,,,,,,,,,,,,,,,,,,,,,,,,,,,,,,,,,,,,,,,,,,,,,,,,,,,,208.0,,,,,,,,,,,,,7.4183,,218100.0,277800.0,,,,,,,,329000.0,,,,,,dos_palosmercedca,Dos Palos,Merced,CA
555434,2006-04-30,dos_palosmercedca,,,,,,,,,,,,,,,,,,,,,,,,,,,,,,,,,,,,,,,,,,,,,,,,,,,,,,208.0,,,,,,,,,,,,,7.0278,,219700.0,277700.0,,,,,,,,326300.0,,,,,,dos_palosmercedca,Dos Palos,Merced,CA
555435,2006-05-31,dos_palosmercedca,,,,,,,,,,,,,,,,,,,,,,,,,,,,,,,,,,,,,,,,,,,,,,,,,,,,,,209.0,,,,,,,,,,,,,7.0278,,222600.0,279300.0,,,,,,,,327400.0,,,,,,dos_palosmercedca,Dos Palos,Merced,CA
555436,2006-06-30,dos_palosmercedca,,,,,,,,,,,,,,,,,,,,,,,,,,,,,,,,,,,,,,,,,,,,,,,,,,,,,,210.0,,,,,,,,,,,,,6.735,,225500.0,281200.0,,,,,,,,329600.0,,,,,,dos_palosmercedca,Dos Palos,Merced,CA
555437,2006-07-31,dos_palosmercedca,,,,,,,,,,,,,,,,,,,,,,,,,,,,,,,,,,,,,,,,,,,,,,,,,,,,,280000.0,211.0,,,,,,,,,,,,,7.0278,,229200.0,281000.0,,,,,,,,329900.0,,,,,,dos_palosmercedca,Dos Palos,Merced,CA
555438,2006-08-31,dos_palosmercedca,,,,,,,,,,,,,,,,,,,,,,,,,,,,,,,,,,,,,,,,,,,,,,,,,,233.59375,,233.59375,280000.0,212.0,,,,,,,,,,,,,7.0766,,232300.0,279400.0,,,,,,,,329200.0,,,,,,dos_palosmercedca,Dos Palos,Merced,CA
555439,2006-09-30,dos_palosmercedca,,,,,,,,,,,,,,,,,,,,,,,,,,,,,,,,,,,,,,,,,,,,,,,,,,,,,,211.0,,,,,,,,,,,,,6.6374,,232700.0,276300.0,,,,,,,,328100.0,,,,,,dos_palosmercedca,Dos Palos,Merced,CA
555440,2006-10-31,dos_palosmercedca,2.7996,,,,,,,,,,,,,,,,,,,,,,,,,,,,,,,,,,,,,,,,,,,,,,,,,,,,,209.0,,,,,,,,,,,,,5.9053,,233400.0,273400.0,,,,,,,,326000.0,,,,,,dos_palosmercedca,Dos Palos,Merced,CA
555441,2006-11-30,dos_palosmercedca,5.388999999999999,,,,,,,,,,,,,,,,,,,,,,,,,,,,,,,,,,,,,,,,,,,,,,,,,,,,,208.0,,,,,,,,,,,,,5.6125,,234000.0,269700.0,,,,,,,,321300.0,,,,,,dos_palosmercedca,Dos Palos,Merced,CA
555442,2006-12-31,dos_palosmercedca,3.2404,,,,,,,,,,,,,,,,,,,,,,,,,,,,,,,,,,,,,,,,,,,,,,,,,,,,,206.0,,,,,,,,,,,,,5.2709,,230600.0,265400.0,,,,,,,,315700.0,,,,,,dos_palosmercedca,Dos Palos,Merced,CA
555443,2007-01-31,dos_palosmercedca,4.55,,,,,,,,,,,,,,,,,,,,,,,,,,,,,,,,,,,,,,,,,,,,,,,,,167.278568150528,,167.278568150528,300000.0,204.0,,,,,,,,,,,,,5.4661,,225700.0,262300.0,,,,,,,,311800.0,,,,,,dos_palosmercedca,Dos Palos,Merced,CA
555444,2007-02-28,dos_palosmercedca,9.5071,,,,,,,,,,,,,,,,,,,,,,,,,,,,,,,,,,,,,,,,,,,,,,,,,,,,,202.0,,,,,,,,,,,,,5.3685,,222900.0,260400.0,,,,,,,,310000.0,,,,,,dos_palosmercedca,Dos Palos,Merced,CA
555445,2007-03-31,dos_palosmercedca,8.7018,,,,,,,,,,,,,,,,,,,,,,,,,,,,,,,,,,,,,,,,,,,,,,,,,,,,,200.0,,,,,,,,,,,,,5.2709,,220800.0,257200.0,,,,,,,,310600.0,,,,,,dos_palosmercedca,Dos Palos,Merced,CA
555446,2007-04-30,dos_palosmercedca,14.5549,,,,,,,,,,,,,,,,,,,,,,,,,,,,,,,,,,,,,,,,,,,,,,,,,,,,,197.0,,,,,,,,,,,,,5.2221,,218600.0,253200.0,,,,,,,,310300.0,,,,,,dos_palosmercedca,Dos Palos,Merced,CA
555447,2007-05-31,dos_palosmercedca,13.6165,,,,,,,,,,,,,,,,,,,,,,,,,,,,,,,,,,,,,,,,,,,,,,,,,,,,,194.0,,,,,,,,,,,,,5.0756,,214700.0,249300.0,,,,,,,,307900.0,,,,,,dos_palosmercedca,Dos Palos,Merced,CA
555448,2007-06-30,dos_palosmercedca,6.9584,,,,,,,,,,,,,,,,,,,,,,,,,,,,,,,,,,,,,,,,,,,,,,,,,,,,,190.0,,,,,,,,,,,,,5.0756,,207400.0,245700.0,,,,,,,,306600.0,,,,,,dos_palosmercedca,Dos Palos,Merced,CA
555449,2007-07-31,dos_palosmercedca,9.8822,,,,,,,,,,,,,,,,,,,,,,,,,,,,,,,,,,,,,,,,,,,,,,,,,,,,,185.0,,,,,,,,,,,,,4.978,,197100.0,241500.0,,,,,,,,305600.0,,,,,,dos_palosmercedca,Dos Palos,Merced,CA
555450,2007-08-31,dos_palosmercedca,14.0706,,,,,,,,,,,,,,,,,,,,,,,,,,,,,,,,,,,,,,,,,,,,,,,,,,,,,179.0,,,,,,,,,,,,,4.5876,,187100.0,235900.0,,,,,,,,300500.0,,,,,,dos_palosmercedca,Dos Palos,Merced,CA
555451,2007-09-30,dos_palosmercedca,25.9113,,,,,,,,,,,,,,,,,,,,,,,,,,,,,,,,,,,,,,,,,,,,,,,,,,,,,174.0,,,,,,,,,,,,,4.6852,,179100.0,229100.0,,,,,,,,294000.0,,,,,,dos_palosmercedca,Dos Palos,Merced,CA
555452,2007-10-31,dos_palosmercedca,44.3353,,,,,,,,,,,,,,,,,,,,,,,,,,,,,,,,,,,,,,,,,,,,,,,,,,,,,170.0,,,,,,,,,,,,,5.2221,,175000.0,222900.0,,,,,,,,289300.0,,,,,,dos_palosmercedca,Dos Palos,Merced,CA
555453,2007-11-30,dos_palosmercedca,28.7432,,,,,,,,,,,,,,,,,,,,,,,,,,,,,,,,,,,,,,,,,,,,,,,,,,,,,168.0,,,,,,,,,,,,,5.2221,,174900.0,218700.0,,,,,,,,286000.0,,,,,,dos_palosmercedca,Dos Palos,Merced,CA
555454,2007-12-31,dos_palosmercedca,30.4085,,,,,,,,,,,,,,,,,,,,,,,,,,,,,,,,,,,,,,,,,,,,,,,,,,,,,166.0,,,,,,,,,,,,,5.7101,,174600.0,215300.0,,,,,,,,282400.0,,,,,,dos_palosmercedca,Dos Palos,Merced,CA
555455,2008-01-31,dos_palosmercedca,51.9981,,,,,,,,,,,,,,,,,,,,,,,,,,,,,,,,,,,,,,,,,,,,,,,,,,,,,162.0,,,,,,,,,,,,,5.9053,,171200.0,210800.0,,,,,,,,276900.0,,,,,,dos_palosmercedca,Dos Palos,Merced,CA
555456,2008-02-29,dos_palosmercedca,56.1644,,,,,,,,,,,,,,,,,,,,,,,,,,,,,,,,,,,,,,,,,,,,,,,,,,,,,159.0,,,,,,,,,,,,,6.3934,,168300.0,205400.0,,,,,,,,273100.0,,,,,,dos_palosmercedca,Dos Palos,Merced,CA
555457,2008-03-31,dos_palosmercedca,56.0816,,,,,,,,,,,,,,,,,,,,,,,,,,,,,,,,,,,,,,,,,,,,,,,,,,,,,158.0,,,,,,,,,,,,,6.979,,169300.0,202700.0,,,,,,,,273500.0,,,,,,dos_palosmercedca,Dos Palos,Merced,CA
555458,2008-04-30,dos_palosmercedca,51.6956,,,,,,,,,,,,,,,,,,,,,,,,,,,,,,,,,,,,,,,,,,,,,,,,,,,,,152.0,,,,,,,,,,,63.6364,,7.4183,,164700.0,196400.0,,,,,,,,266000.0,,,,,,dos_palosmercedca,Dos Palos,Merced,CA
555459,2008-05-31,dos_palosmercedca,67.8049,,,,,,,,,,,,,,,,,,,,,,,,,,,,,,,,,,,,,,,,,,,,,,,,,,,,,140.0,,,,,,,,,,,44.3028,,8.2967,,153100.0,181800.0,,,,,,,,246300.0,,,,,,dos_palosmercedca,Dos Palos,Merced,CA
555460,2008-06-30,dos_palosmercedca,82.4588,,,,,,,,,,,,,,,,,,,,,,,,,,,,,,,,,,,,,,,,,,,,,,,,,,,,,128.0,,,,,,,,,,,,,8.7848,,141500.0,166200.0,,,,,,,,227100.0,,,,,,dos_palosmercedca,Dos Palos,Merced,CA
555461,2008-07-31,dos_palosmercedca,97.7101,,,,,,,,,,,,,,,,,,,,,,,,,,,,,,,,,,,,,,,,,,,,,,,,,,,,,122.0,,,,,,,,,,,,,9.5656,,135500.0,157300.0,,,,,,,,218700.0,,,,,,dos_palosmercedca,Dos Palos,Merced,CA
555462,2008-08-31,dos_palosmercedca,112.0195,,,,,,,,,,,,,,,,,,,,,,,,,,,,,,,,,,,,,,,,,,,,,,,,,,,,,118.0,,,,,,,,,,,76.4706,,10.6881,,132800.0,152600.0,,,,,,,,215500.0,,,,,,dos_palosmercedca,Dos Palos,Merced,CA
555463,2008-09-30,dos_palosmercedca,114.8208,,,,,,,,,,,,,,,,,,,,,,,,,,,,,,,,,,,,,,,,,,,,,,,,,,,,,116.0,,,,,,,,,,,62.1784,,11.8594,,132100.0,149200.0,,,,,,,,212900.0,,,,,,dos_palosmercedca,Dos Palos,Merced,CA
555464,2008-10-31,dos_palosmercedca,90.4028,,,,,,,,,,,,,,,,,,,,,,,,,,,,,,,,,,,,,,,,,,,,,,,,,,,,,111.0,,,,,,,,,,,65.4458,,11.9082,,128800.0,145200.0,,,,,,,,209500.0,,,,,,dos_palosmercedca,Dos Palos,Merced,CA
555465,2008-11-30,dos_palosmercedca,68.8934,,,,,,,,,,,,,,,,,,,,,,,,,,,,,,,,,,,,,,,,,,,,,,,,,,,,,106.0,,,,,,,,,,,74.0025,,12.3963,,121500.0,141300.0,,,,,,,,208900.0,,,,,,dos_palosmercedca,Dos Palos,Merced,CA
555466,2008-12-31,dos_palosmercedca,73.8097,,,,,,,,,,,,,,,,,,,,,,,,,,,,,,,,,,,,,,,,,,,,,,,,,,,,,103.0,,,,,,,,,,,85.3712,,12.7867,,116100.0,136500.0,,,,,,,,206500.0,,,,,,dos_palosmercedca,Dos Palos,Merced,CA
555467,2009-01-31,dos_palosmercedca,78.3322,,,,,,,,,,,,,,,,,,,,,,,,,,,,,,,,,,,,,,,,,,,,,,,,,,,,,98.0,,,,,,,,,,,82.6716,,13.1772,,113100.0,129700.0,,,,,,,,200000.0,,,,,,dos_palosmercedca,Dos Palos,Merced,CA
555468,2009-02-28,dos_palosmercedca,63.6459,,,,,,,,,,,,,,,,,,,,,,,,,,,,,,,,,,,,,,,,,,,,,,,,,,,,,92.0,,,,,,,,,,,82.1814,,13.3724,,108200.0,122800.0,,,,,,,,191700.0,,,,,,dos_palosmercedca,Dos Palos,Merced,CA
555469,2009-03-31,dos_palosmercedca,57.8458,,,,,,,,,,,,,,,,,,,,,,,,,,,,,,,,,,,,,,,,,,,,,,,,,,,,,87.0,,,,,,,,,,,85.6372,,13.7628,,99900.0,116500.0,,,,,,,,182200.0,,,,,,dos_palosmercedca,Dos Palos,Merced,CA
555470,2009-04-30,dos_palosmercedca,50.0478,,,,,,,,,,,,,,,,,,,,,,,,,,,,,,,,,,,,,,,,,,,,,,,,,,,,,83.0,,,,,,,,,,,86.3077,,13.714,,92900.0,110600.0,,,,,,,,174600.0,,,,,,dos_palosmercedca,Dos Palos,Merced,CA
555471,2009-05-31,dos_palosmercedca,46.4979,,,,,,,,,,,,,,,,,,,,,,,,,,,,,,,,,,,,,,,,,,,,,,,,,,,,,81.0,,,,,,,,,,,93.1154,,13.5676,,88800.0,107400.0,,,,,,,,172600.0,,,,,,dos_palosmercedca,Dos Palos,Merced,CA
555472,2009-06-30,dos_palosmercedca,74.5771,,,,,,,,,,,,,,,,,,,,,,,,,,,,,,,,,,,,,,,,,,,,,,,,,,,,,80.0,,,,,,,,,,,93.8462,,14.0556,,86400.0,105700.0,,,,,,,,171000.0,,,,,,dos_palosmercedca,Dos Palos,Merced,CA
555473,2009-07-31,dos_palosmercedca,73.24,,,,,,,,,,,,,,,,,,,,,,,,,,,,,,,,,,,,,,,,,,,,,,,,,,,,,77.0,,,,,,,,,,,91.0577,,13.958,,83000.0,103100.0,,,,,,,,165400.0,,,,,,dos_palosmercedca,Dos Palos,Merced,CA
555474,2009-08-31,dos_palosmercedca,50.6648,,,,,,,,,,,,,,,,,,,,,,,,,,,,,,,,,,,,,,,,,,,,,,,,,,,,,75.0,,,,,,,,,,,94.4712,,13.225999999999999,,79700.0,99500.0,,,,,,,,161600.0,,,,,,dos_palosmercedca,Dos Palos,Merced,CA
555475,2009-09-30,dos_palosmercedca,52.3555,,,,,,,,,,,,,,,,,,,,,,,,,,,,,,,,,,,,,,,,,,,,,,,,,,,,,73.0,,,,,,,,,,,93.9583,,12.793,,77300.0,97100.0,,,,,,,,160700.0,,,,,,dos_palosmercedca,Dos Palos,Merced,CA
555476,2009-10-31,dos_palosmercedca,55.3093,,,,,,,,,,,,,,,,,,,,,,,,,,,,,,,,,,,,,,,,,,,,,,,,,,,,,72.0,,,,,,,,,,,86.28200000000001,,12.4332,,74100.0,94600.0,,,,,,,,158500.0,,,,,,dos_palosmercedca,Dos Palos,Merced,CA
555477,2009-11-30,dos_palosmercedca,46.1913,,,,,,,,,,,,,,,,,,,,,,,,,,,,,,,,,,,,,,,,,,,,,,,,,,,,,70.0,,,,,,,,,,,,,11.9475,,69900.0,91500.0,,,,,,,,152700.0,,,,,,dos_palosmercedca,Dos Palos,Merced,CA
555478,2009-12-31,dos_palosmercedca,41.4037,,,,,,,,,,,,,,,,,,,,,,,,,,,,,,,,,,,,,,,,,,,,,,,,,,,,,69.0,,,,,,,,,,,78.0543,,11.699000000000002,,67000.0,90100.0,,,,,,,,149600.0,,,,,,dos_palosmercedca,Dos Palos,Merced,CA
555479,2010-01-31,dos_palosmercedca,50.7915,,,,,,,,,,,,,,,,,,,,,,,,,,,,,,,,,,,,,,,,,,,,,,,,,,,,,69.0,,,,,,,,,,,,,11.4563,,67600.0,91100.0,,,,,,,,152900.0,,,,,,dos_palosmercedca,Dos Palos,Merced,CA
555480,2010-02-28,dos_palosmercedca,44.5231,,,,,,,,,,,,,,,,,,,,,,,,,,,,,,,,,,,,,,,,,,,,,,,,,,,,,68.0,,,,,,,,,,,72.5921,,10.8252,,68500.0,90600.0,,,,,,,,155200.0,,,,,,dos_palosmercedca,Dos Palos,Merced,CA
555481,2010-03-31,dos_palosmercedca,53.4189,,,,,,,,,,,,,,,,,,,,,,,,,,,,,,,,,,,,,,,,,,,,,,,,,,,,,67.0,,,,,,,,,,,74.6607,,10.0485,,68400.0,88800.0,,,,,,,,153200.0,,,,,,dos_palosmercedca,Dos Palos,Merced,CA
555482,2010-04-30,dos_palosmercedca,47.3774,,,,,,,,,,,,,,,,,,,,,,,,,,,,,,,,,,,,,,,,,,,,,,,,,,,,,67.0,,,,,,,,,,,,,9.5146,,68900.0,88500.0,,,,,,,,152500.0,,,,,,dos_palosmercedca,Dos Palos,Merced,CA
555483,2010-05-31,dos_palosmercedca,51.4906,,,,,,,,,,,,,,,,,,,,,,,,,,,,,,,,,,,,,,,,,,,,,,,,,,,,,69.0,,,,,,,,,,,,,9.1351,,69800.0,89200.0,,,,,,,,153500.0,,,,,,dos_palosmercedca,Dos Palos,Merced,CA
555484,2010-06-30,dos_palosmercedca,49.9192,,,,,,,,,,,,,,,,,,,,,,,,,,,,,,,,,,,,,,,,,,,,,,,,,,,,,68.0,,,,,,,,,,,,,8.9893,,69300.0,88100.0,,,,,,,,150800.0,,,,,,dos_palosmercedca,Dos Palos,Merced,CA
555485,2010-07-31,dos_palosmercedca,46.2558,,,,,,,,,,,,,,,,,,,,,,,,,,,,,,,,,,,,,,,,,,,,,,,,,,,,,67.0,,,,,,,,,,,54.5455,,8.702,,68300.0,86500.0,,,,,,,,145100.0,,,,,,dos_palosmercedca,Dos Palos,Merced,CA
555486,2010-08-31,dos_palosmercedca,41.4527,,,,,,,,,,,,,,,,,,,,,,,,,,,,,,,,,,,,,,,,,,,,,,,,,,,,,66.0,,,,,,,,,,,71.4795,,8.2645,,67600.0,85700.0,,,,,,,,140100.0,,,,,,dos_palosmercedca,Dos Palos,Merced,CA
555487,2010-09-30,dos_palosmercedca,30.1114,,,,,,,,,,,,,,,,,,,,,,,,,,,,,,,,,,,,,,,,,,,,,,,,,,,,,66.0,,,,,,,,,,,,,7.9242,,66600.0,84800.0,,,,,,,,136400.0,,,,,,dos_palosmercedca,Dos Palos,Merced,CA
555488,2010-10-31,dos_palosmercedca,38.1937,,,,,,,,,,,,,,,,,,,,,,,,,,,,,,,,,,,,,,,,,,,,,,,,,,,,,65.0,,,,,,,,,,,,,7.6325,,65600.0,83300.0,,,,,,,,134200.0,,,,,,dos_palosmercedca,Dos Palos,Merced,CA
555489,2010-11-30,dos_palosmercedca,34.5384,,,,,,,,,,,,,,,,,,,,,,,,,,,,,,,,,,,,,,,,,,,,,,,,,,,,,64.0,,,,,,,,,,,,,7.6288,,64500.0,81900.0,,,,,,,,132300.0,1021.0,1023.0,0.784,990.0,1027.0,dos_palosmercedca,Dos Palos,Merced,CA
555490,2010-12-31,dos_palosmercedca,25.6527,,,,,,,,,,,,,,,,,,,,,,,,,,,,,,,,,,,,,,,,,,,,,,,,,,,,,63.0,,,,,,,,,,,,,7.0943,,63600.0,80700.0,,,,,,,,129400.0,1013.0,1017.0,0.784,990.0,1021.0,dos_palosmercedca,Dos Palos,Merced,CA
555491,2011-01-31,dos_palosmercedca,38.014,,,,,,,,,,,,,,,,,,,,,,,,,,,,,,,,,,,,,,,,,,,,,,,,,,,,,62.0,,,,,,,,,,,,,7.24,,61900.0,79600.0,,,,,,,,125300.0,1002.0,1004.0,0.7759999999999999,967.0,1008.0,dos_palosmercedca,Dos Palos,Merced,CA
555492,2011-02-28,dos_palosmercedca,46.5487,,,,,,,,,,,,,,,,,,,,,,,,,,,,,,,,,,,,,,,,,,,,,,,,,,,,,62.0,,,,,,,,,,,,,6.9485,,61300.0,80300.0,,,,,,,,124100.0,977.0,978.0,0.7559999999999999,925.0,982.0,dos_palosmercedca,Dos Palos,Merced,CA
555493,2011-03-31,dos_palosmercedca,33.7824,,,,,,,,,,,,,,,,,,,,,,,,,,,,,,,,,,,,,,,,,,,,,,,,,,,,,63.0,,,,,,,,,,,,,6.3654,,62000.0,81600.0,,,,,,,,125900.0,945.0,944.0,0.73,873.0,948.0,dos_palosmercedca,Dos Palos,Merced,CA
555494,2011-04-30,dos_palosmercedca,32.4433,,,,,,,,,,,,,,,,,,,,,,,,,,,,,,,,,,,,,,,,,,,,,,,,,,,,,64.0,,,,,,,,,,,,,6.3654,,62900.0,82100.0,,,,,,,,127500.0,924.0,920.0,0.7140000000000001,834.0,926.0,dos_palosmercedca,Dos Palos,Merced,CA
555495,2011-05-31,dos_palosmercedca,30.0022,,,,,,,,,,,,,,,,,,,,,,,,,,,,,,,,,,,,,,,,,,,,,,,,,,,,,64.0,,,,,,,,,,,,,6.2682,,63500.0,82400.0,,,,,,,,126900.0,910.0,901.0,0.7040000000000001,808.0,912.0,dos_palosmercedca,Dos Palos,Merced,CA
555496,2011-06-30,dos_palosmercedca,23.7409,,,,,,,,,,,,,,,,,,,,,,,,,,,,,,,,,,,,,,,,,,,,,,,,,,,,,65.0,,,,,,,,,,,76.9231,,6.1224,,64500.0,83600.0,,,,,,,,126800.0,898.0,888.0,0.698,797.0,900.0,dos_palosmercedca,Dos Palos,Merced,CA
555497,2011-07-31,dos_palosmercedca,26.7,,,,,,,,,,,,,,,,,,,,,,,,,,,,,,,,,,,,,,,,,,,,,,,,,,,,,65.0,,,,,,,,,,,,,5.9281,,64900.0,84600.0,,,,,,,,126900.0,890.0,881.0,0.6940000000000001,792.0,892.0,dos_palosmercedca,Dos Palos,Merced,CA
555498,2011-08-31,dos_palosmercedca,38.6457,,,,,,,,,,,,,,,,,,,,,,,,,,,,,,,,,,,,,,,,,,,,,,,,,,,,,65.0,,,,,,,,,,,59.7096,,6.0253,,64300.0,84900.0,,,,,,,,125300.0,885.0,879.0,0.69,784.0,887.0,dos_palosmercedca,Dos Palos,Merced,CA
555499,2011-09-30,dos_palosmercedca,38.2387,,,,,,,,,,,,,,,,,,,,,,,,,,,,,,,,,,,,,,,,,,,,,,,,,,,,,64.0,,,,,,,,,,,,,6.1284,,63400.0,84700.0,,,,,,,,123900.0,888.0,883.0,0.69,773.0,889.0,dos_palosmercedca,Dos Palos,Merced,CA
555500,2011-10-31,dos_palosmercedca,37.6127,,,,,,,,,,,,,,,,,,,,,,,,,,,,,,,,,,,,,,,,,,,,,,,,,,,,,64.0,,,,,,,,,,,,,5.9796,,62900.0,84900.0,,,,,,,,123400.0,891.0,888.0,0.6920000000000001,757.0,891.0,dos_palosmercedca,Dos Palos,Merced,CA
555501,2011-11-30,dos_palosmercedca,43.3343,,,,,,,,,,,,,,,,,,,,,,,,,,,,,,,,,,,,,,,,,,,,,,,,,,,,,63.0,,,,,,,,,,,,,6.1224,,63000.0,84700.0,,,,,,,,122700.0,887.0,883.0,0.69,737.0,887.0,dos_palosmercedca,Dos Palos,Merced,CA
555502,2011-12-31,dos_palosmercedca,31.6218,,,,,,,,,,,,,,,,,,,,,,,,,,,,,,,,,,,,,,,,,,,,,,,,,,,,,63.0,,,,,,,,,,,,,6.171,,63700.0,84000.0,,,,,,,,122300.0,887.0,882.0,0.688,723.0,887.0,dos_palosmercedca,Dos Palos,Merced,CA
555503,2012-01-31,dos_palosmercedca,24.4093,,,,,,,,,,,,,,,,,,,,,,,,,,,,,,,,,,,,,,,,,,,,,,,,,,,,,64.0,,,,,,,,,,,,,6.171,,64300.0,83800.0,,,,,,,,124400.0,882.0,876.0,0.6859999999999999,721.0,884.0,dos_palosmercedca,Dos Palos,Merced,CA
555504,2012-02-29,dos_palosmercedca,24.2068,,,,,,,,,,,,,,,,,,,,,,,,,,,,,,,,,,,,,,,,,,,,,,,,,,,,,65.0,,,,,,,,,,,,,6.2591,,64600.0,84200.0,,,,,,,,126600.0,881.0,874.0,0.684,730.0,883.0,dos_palosmercedca,Dos Palos,Merced,CA
555505,2012-03-31,dos_palosmercedca,23.6564,,,,,,,,,,,,,,,,,,,,,,,,,,,,,,,,,,,,,,,,,,,,,,,,,,,,,64.0,,,,,,,,,,,18.1818,,6.5017,,63600.0,83800.0,,,,,,,,126100.0,883.0,876.0,0.6859999999999999,748.0,885.0,dos_palosmercedca,Dos Palos,Merced,CA
555506,2012-04-30,dos_palosmercedca,27.6066,,,,,,,,,,,,,,,,,,,,,,,,,,,,,,,,,,,,,,,,,,,,,,,,,,,,,63.0,,,,,,,,,,,,,6.6958,,62400.0,83800.0,,,,,,,,126000.0,887.0,881.0,0.688,764.0,890.0,dos_palosmercedca,Dos Palos,Merced,CA
555507,2012-05-31,dos_palosmercedca,27.9418,,,,,,,,,,,,,,,,,,,,,,,,,,,,,,,,,,,,,,,,,,,,,,,,,,,,,63.0,,,,,,,,,,,,,6.5502,,61000.0,84200.0,,,,,,,,127200.0,893.0,888.0,0.69,775.0,895.0,dos_palosmercedca,Dos Palos,Merced,CA
555508,2012-06-30,dos_palosmercedca,19.8952,,,,,,,,,,,,,,,,,,,,,,,,,,,,,,,,,,,,,,,,,,,,,,,,,,,,,63.0,,,,,,,,,,,,,6.2106,,60100.0,84500.0,,,,,,,,128800.0,898.0,894.0,0.6940000000000001,778.0,900.0,dos_palosmercedca,Dos Palos,Merced,CA
555509,2012-07-31,dos_palosmercedca,21.7971,,,,,,,,,,,,,,,,,,,,,,,,,,,,,,,,,,,,,,,,,,,,,,,,,,,,,64.0,,,,,,,,,,,,,6.3561,,60600.0,84500.0,,,,,,,,130200.0,899.0,894.0,0.6920000000000001,779.0,900.0,dos_palosmercedca,Dos Palos,Merced,CA
555510,2012-08-31,dos_palosmercedca,14.0617,,,,,,,,,,,,,,,,,,,,,,,,,,,,,,,,,,,,,,,,,,,,,,,,,,,,,65.0,,,,,,,,,,,,,6.065,,62200.0,84800.0,,,,,,,,132400.0,897.0,890.0,0.6940000000000001,777.0,898.0,dos_palosmercedca,Dos Palos,Merced,CA
555511,2012-09-30,dos_palosmercedca,16.021,,,,,,,,,,,,,,,,,,,,,,,,,,,,,,,,,,,,,,,,,,,,,,,,,,,,,65.0,,,,,,,,,,,,,5.9753,,62800.0,85000.0,,,,,,,,133200.0,898.0,889.0,0.696,772.0,899.0,dos_palosmercedca,Dos Palos,Merced,CA
555512,2012-10-31,dos_palosmercedca,16.8384,,,,,,,,,,,,,,,,,,,,,,,,,,,,,,,,,,,,,,,,,,,,,,,,,,,,,65.0,,,,,,,,,,,,,5.8765,,63300.0,85700.0,,,,,,,,133700.0,901.0,893.0,0.7,770.0,901.0,dos_palosmercedca,Dos Palos,Merced,CA
555513,2012-11-30,dos_palosmercedca,23.4956,,,,,,,,,,,,,,,,,,,,,,,,,,,,,,,,,,,,,,,,,,,,,,,,,,,,,66.0,,,,,,,,,,,,,5.7284,,65100.0,87500.0,,,,,,,,135700.0,898.0,890.0,0.696,761.0,898.0,dos_palosmercedca,Dos Palos,Merced,CA
555514,2012-12-31,dos_palosmercedca,26.5951,,,,,,,,,,,,,,,,,,,,,,,,,,,,,,,,,,,,,,,,,,,,,,,,,,,,,67.0,,,,,,,,,,,,,5.5802,,67400.0,90000.0,,,,,,,,138300.0,894.0,885.0,0.6920000000000001,761.0,894.0,dos_palosmercedca,Dos Palos,Merced,CA
555515,2013-01-31,dos_palosmercedca,24.511,,,,,,,,,,,,,,,,,,,,,,,,,,,,,,,,,,,,,,,,,,,,,,,,,,,,,69.0,,,,,,,,,,,,,5.284,,68700.0,92000.0,,,,,,,,138900.0,886.0,879.0,0.6859999999999999,768.0,888.0,dos_palosmercedca,Dos Palos,Merced,CA
555516,2013-02-28,dos_palosmercedca,11.4862,,,,,,,,,,,,,,,,,,,,,,,,,,,,,,,,,,,,,,,,,,,,,,,,,,,,,70.0,,,,,,,,,,,,,4.7901,,68900.0,92700.0,,,,,,,,138200.0,885.0,878.0,0.688,783.0,886.0,dos_palosmercedca,Dos Palos,Merced,CA
555517,2013-03-31,dos_palosmercedca,6.0669,,,,,,,,,,,,,,,,,,,,,,,,,,,,,,,,,,,,,,,,,,,,,,,,,,,,,71.0,,,,,,,,,,,,,4.3457,,69500.0,93500.0,,,,,,,,138300.0,890.0,885.0,0.6940000000000001,796.0,892.0,dos_palosmercedca,Dos Palos,Merced,CA
555518,2013-04-30,dos_palosmercedca,7.6545,,,,,,,,,,,,,,,,,,,,,,,,,,,,,,,,,,,,,,,,,,,,,,,,,,,,,71.0,,,,,,,,,,,,,4.0494,,70500.0,94200.0,,,,,,,,138400.0,895.0,891.0,0.698,801.0,897.0,dos_palosmercedca,Dos Palos,Merced,CA
555519,2013-05-31,dos_palosmercedca,18.9617,,,,,,,,,,,,,,,,,,,,,,,,,,,,,,,,,,,,,,,,,,,,,,,,,,,,,71.0,,,,,,,,,,,,,4.2469,,71700.0,94900.0,,,,,,,,139000.0,899.0,895.0,0.7,792.0,900.0,dos_palosmercedca,Dos Palos,Merced,CA
555520,2013-06-30,dos_palosmercedca,16.9034,,,,,,,,,,,,,,,,,,,,,,,,,,,,,,,,,,,,,,,,,,,,,,,,,,,,,73.0,,,,,,,,,,,,,4.1975,,73600.0,96200.0,,,,,,,,141700.0,902.0,898.0,0.7,775.0,903.0,dos_palosmercedca,Dos Palos,Merced,CA
555521,2013-07-31,dos_palosmercedca,10.8749,,,,,,,,,,,,,,,,,,,,,,,,,,,,,,,,,,,,,,,,,,,,,,,,,,,,,75.0,,,,,,,,,,,,,3.9742,,75600.0,98500.0,,,,,,,,146700.0,901.0,898.0,0.698,760.0,902.0,dos_palosmercedca,Dos Palos,Merced,CA
555522,2013-08-31,dos_palosmercedca,7.1148,,,,,,,,,,,,,,,,,,,,,,,,,,,,,,,,,,,,,,,,,,,,,,,,,,,,,76.0,,,,,,,,,,,,,3.7755,,76500.0,101100.0,,,,,,,,151100.0,898.0,895.0,0.6920000000000001,752.0,898.0,dos_palosmercedca,Dos Palos,Merced,CA
555523,2013-09-30,dos_palosmercedca,3.2778,,,,,,,,,,,,,,,,,,,,,,,,,,,,,,,,,,,,,,,,,,,,,,,,,,,,,78.0,,,,,,,,,,,,,3.6761,,77800.0,103900.0,,,,,,,,154800.0,898.0,895.0,0.688,753.0,899.0,dos_palosmercedca,Dos Palos,Merced,CA
555524,2013-10-31,dos_palosmercedca,4.607,,,,,,,,,,,,,,,,,,,,,,,,,,,,,,,,,,,,,,,,,,,,,,,,,,,,,80.0,,,,,,,,,,,,,3.6049,,81200.0,107000.0,,,,,,,,158800.0,895.0,889.0,0.6859999999999999,754.0,895.0,dos_palosmercedca,Dos Palos,Merced,CA
555525,2013-11-30,dos_palosmercedca,10.7855,,,,,,,,,,,,,,,,,,,,,,,,,,,,,,,,,,,,,,,,,,,,,,,,,,,,,83.0,,,,,,,,,,,,,3.4975,,85000.0,110000.0,,,,,,,,164000.0,889.0,883.0,0.684,750.0,890.0,dos_palosmercedca,Dos Palos,Merced,CA
555526,2013-12-31,dos_palosmercedca,18.0472,,,,,,,,,,,,,,,,,,,,,,,,,,,,,,,,,,,,,,,,,,,,,,,,,,,,,86.0,,,,,,,,,,,,,3.5468,,86800.0,112400.0,,,,,,,,167700.0,885.0,878.0,0.6859999999999999,745.0,885.0,dos_palosmercedca,Dos Palos,Merced,CA
555527,2014-01-31,dos_palosmercedca,15.1507,,,,,,,,,,,,,,,,,,,,,,,,,,,,,,,,,,,,,,,,,,,,,,,,,,,,,86.0,,,,,,,,,,,,,3.5468,,86200.0,113700.0,,,,,,,,167800.0,884.0,879.0,0.6859999999999999,738.0,885.0,dos_palosmercedca,Dos Palos,Merced,CA
555528,2014-02-28,dos_palosmercedca,13.8595,,,,,,,,,,,,,,,,,,,,,,,,,,,,,,,,,,,,,,,,,,,,,,,,,,,,,86.0,,,,,,,,,,,,,3.6453,,85000.0,115600.0,,,,,,,,166200.0,884.0,880.0,0.6859999999999999,732.0,885.0,dos_palosmercedca,Dos Palos,Merced,CA
555529,2014-03-31,dos_palosmercedca,16.8221,,,,,,,,,,,,,,,,,,,,,,,,,,,,,,,,,,,,,,,,,,,,,,,,,,,,,88.0,,,,,,,,,,,,,3.6946,,85400.0,119400.0,,,,,,,,167700.0,884.0,881.0,0.6859999999999999,734.0,886.0,dos_palosmercedca,Dos Palos,Merced,CA
555530,2014-04-30,dos_palosmercedca,12.8621,,,,,,,,,,,,,,,,,,,,,,,,,,,,,,,,,,,,,,,,,,,,,,,,,,,,,90.0,,,,,,,,,,,,,3.4958,,87400.0,123800.0,,,,,,,,170900.0,885.0,881.0,0.69,738.0,887.0,dos_palosmercedca,Dos Palos,Merced,CA
555531,2014-05-31,dos_palosmercedca,8.3262,,,,,,,,,,,,,,,,,,,,,,,,,,,,,,,,,,,,,,,,,,,,,,,,,,,,,93.0,,,,,,,,,,,,,3.3481,,91100.0,127900.0,,,,,,,,174500.0,888.0,884.0,0.6920000000000001,739.0,890.0,dos_palosmercedca,Dos Palos,Merced,CA
555532,2014-06-30,dos_palosmercedca,2.9923,,,,,,,,,,,,,,,,,,,,,,,,,,,,,,,,,,,,,,,,,,,,,,,,,,,,,96.0,,,,,,,,,,,,,3.2989,,95100.0,131100.0,,,,,,,,178600.0,895.0,892.0,0.696,745.0,896.0,dos_palosmercedca,Dos Palos,Merced,CA
555533,2014-07-31,dos_palosmercedca,4.2915,,,,,,,,,,,,,,,,,,,,,,,,,,,,,,,,,,,,,,,,,,,,,,,,,,,,,98.0,,,,,,,,,,,,,3.2004,,98500.0,133300.0,,,,,,,,183000.0,898.0,895.0,0.7,745.0,899.0,dos_palosmercedca,Dos Palos,Merced,CA
555534,2014-08-31,dos_palosmercedca,8.0828,,,,,,,,,,,,,,,,,,,,,,,,,,,,,,,,,,,,,,,,,,,,,,,,,,,,,101.0,,,,,,,,,,,,,3.2496,,100900.0,134800.0,,,,,,,,184600.0,898.0,895.0,0.7040000000000001,752.0,900.0,dos_palosmercedca,Dos Palos,Merced,CA
555535,2014-09-30,dos_palosmercedca,7.7178,,,,,,,,,,,,,,,,,,,,,,,,,,,,,,,,,,,,,,,,,,,,,,,,,,,,,103.0,,,,,,,,,,,,,3.2004,,102900.0,136400.0,,,,,,,,183700.0,902.0,897.0,0.708,752.0,904.0,dos_palosmercedca,Dos Palos,Merced,CA
555536,2014-10-31,dos_palosmercedca,14.9323,,,,,,,,,,,,,,,,,,,,,,,,,,,,,,,,,,,,,,,,,,,,,,,,,,,,,104.0,,,,,,,,,,,,,3.4958,,104600.0,137900.0,,,,,,,,182600.0,905.0,898.0,0.708,755.0,907.0,dos_palosmercedca,Dos Palos,Merced,CA
555537,2014-11-30,dos_palosmercedca,8.7468,,,,,,,,,,,,,,,,,,,,,,,,,,,,,,,,,,,,,,,,,,,,,,,,,,,,,105.0,,,,,,,,,,,,,3.4466,,106300.0,138700.0,,,,,,,,183000.0,909.0,900.0,0.71,752.0,910.0,dos_palosmercedca,Dos Palos,Merced,CA
555538,2014-12-31,dos_palosmercedca,11.898,,,,,,,,,,,,,,,,,,,,,,,,,,,,,,,,,,,,,,,,,,,,,,,,,,,,,106.0,,,,,,,,,,,,,3.3481,,106500.0,138500.0,,,,,,,,185100.0,918.0,908.0,0.7140000000000001,748.0,918.0,dos_palosmercedca,Dos Palos,Merced,CA
555539,2015-01-31,dos_palosmercedca,12.7379,,,,,,,,,,,,,,,,,,,,,,,,,,,,,,,,,,,,,,,,,,,,,,,,,,,,,107.0,,,,,,,,,,,,,3.5451,,106000.0,137500.0,,,,,,,,187500.0,921.0,912.0,0.718,744.0,921.0,dos_palosmercedca,Dos Palos,Merced,CA
555540,2015-02-28,dos_palosmercedca,12.9675,,,,,,,,,,,,,,,,,,,,,,,,,,,,,,,,,,,,,,,,,,,,,,,,,,,,,107.0,,,,,,,,,,,,,3.6435,,106400.0,136200.0,,,,,,,,189500.0,923.0,914.0,0.722,743.0,924.0,dos_palosmercedca,Dos Palos,Merced,CA
555541,2015-03-31,dos_palosmercedca,6.0026,,,,,,,,,,,,,,,,,,,,,,,,,,,,,,,,,,,,,,,,,,,,,,,,,,,,,107.0,,,,,,,,,,,,,3.6928,,107200.0,134700.0,,,,,,,,190800.0,925.0,916.0,0.728,746.0,928.0,dos_palosmercedca,Dos Palos,Merced,CA
555542,2015-04-30,dos_palosmercedca,,,,,,,,,,,,,,,,,,,,,,,,,,,,,,,,,,,,,,,,,,,,,,,,,,,,,,106.0,,,,,,,,,,,,,3.8405,,106800.0,133500.0,,,,,,,,191900.0,930.0,919.0,0.732,756.0,933.0,dos_palosmercedca,Dos Palos,Merced,CA
555543,2015-05-31,dos_palosmercedca,5.596,,,,,,,,,,,,,,,,,,,,,,,,,,,,,,,,,,,,,,,,,,,,,,,,,,,,,105.0,,,,,,,,,,,,,4.1851,,105900.0,132900.0,,,,,,,,193400.0,935.0,924.0,0.736,772.0,939.0,dos_palosmercedca,Dos Palos,Merced,CA
555544,2015-06-30,dos_palosmercedca,6.75,,,,,,,,,,,,,,,,,,,,,,,,,,,,,,,,,,,,,,,,,,,,,,,,,,,,,105.0,,,,,,,,,,,,,4.2836,,105000.0,133900.0,,,,,,,,195200.0,938.0,925.0,0.736,795.0,941.0,dos_palosmercedca,Dos Palos,Merced,CA
555545,2015-07-31,dos_palosmercedca,3.6618,,,,,,,,,,,,,,,,,,,,,,,,,,,,,,,,,,,,,,,,,,,,,,,,,,,,,105.0,,,,,,,,,,,,,4.2344,,104000.0,136800.0,,,,,,,,196300.0,944.0,929.0,0.74,817.0,947.0,dos_palosmercedca,Dos Palos,Merced,CA
555546,2015-08-31,dos_palosmercedca,11.7372,,,,,,,,,,,,,,,,,,,,,,,,,,,,,,,,,,,,,,,,,,,,,,,,,,,,,106.0,,,,,,,,,,,,,4.3821,,104000.0,140600.0,,,,,,,,199800.0,954.0,940.0,0.7440000000000001,830.0,958.0,dos_palosmercedca,Dos Palos,Merced,CA
555547,2015-09-30,dos_palosmercedca,7.6211,,,,,,,,,,,,,,,,,,,,,,,,,,,,,,,,,,,,,,,,,,,,,,,,,,,,,108.0,,,,,,,,,,,,,4.5298,,105400.0,143300.0,,,,,,,,206000.0,968.0,954.0,0.754,831.0,972.0,dos_palosmercedca,Dos Palos,Merced,CA
555548,2015-10-31,dos_palosmercedca,3.2662,,,,,,,,,,,,,,,,,,,,,,,,,,,,,,,,,,,,,,,,,,,,,,,,,,,,,110.0,,,,,,,,,,,,,4.0867,,107400.0,145200.0,,,,,,,,210100.0,974.0,962.0,0.7559999999999999,830.0,979.0,dos_palosmercedca,Dos Palos,Merced,CA
555549,2015-11-30,dos_palosmercedca,7.1377,,,,,,,,,,,,,,,,,,,,,,,,,,,,,,,,,,,,,,,,,,,,,,,,,,,,,111.0,,,,,,,,,,,,,4.0867,,109500.0,147000.0,,,,,,,,209700.0,975.0,962.0,0.754,828.0,980.0,dos_palosmercedca,Dos Palos,Merced,CA
555550,2015-12-31,dos_palosmercedca,10.6366,,,,,,,,,,,,,,,,,,,,,,,,,,,,,,,,,,,,,,,,,,,,,,,,,,,,,111.0,,,,,,,,,,,,,4.2344,,111300.0,147600.0,,,,,,,,207400.0,983.0,971.0,0.7559999999999999,829.0,987.0,dos_palosmercedca,Dos Palos,Merced,CA
555551,2016-01-31,dos_palosmercedca,6.0894,,,,,,,,,,,,,,,,,,,,,,,,,,,,,,,,,,,,,,,,,,,,,,,,,,,,,111.0,,,,,,,,,,,,,3.9882,,113200.0,147900.0,,,,,,,,205400.0,999.0,987.0,0.762,833.0,1002.0,dos_palosmercedca,Dos Palos,Merced,CA
555552,2016-02-29,dos_palosmercedca,10.1906,,,,,,,,,,,,,,,,,,,,,,,,,,,,,,,,,,,,,,,,,,,,,,,,,,,,,111.0,,,,,,,,,,,,,4.0867,,115200.0,149100.0,,,,,,,,204700.0,1019.0,1007.0,0.772,829.0,1021.0,dos_palosmercedca,Dos Palos,Merced,CA
555553,2016-03-31,dos_palosmercedca,9.4021,,,,,,,,,,,,,,,,,,,,,,,,,,,,,,,,,,,,,,,,,,,,,,,,,,,,,112.0,,,,,,,,,,,,,4.0374,,117500.0,151200.0,,,,,,,,206000.0,1036.0,1023.0,0.782,824.0,1038.0,dos_palosmercedca,Dos Palos,Merced,CA
555554,2016-04-30,dos_palosmercedca,4.9667,,,,,,,,,,,,,,,,,,,,,,,,,,,,,,,,,,,,,,,,,,,,,,,,,,,,,115.0,,,,,,,,,,,,,3.8897,,120300.0,152700.0,,,,,,,,207400.0,1043.0,1029.0,0.7879999999999999,818.0,1044.0,dos_palosmercedca,Dos Palos,Merced,CA
555555,2016-05-31,dos_palosmercedca,,,,,,,,,,,,,,,,,,,,,,,,,,,,,,,,,,,,,,,,,,,,,,,,,,,,,,119.0,,,,,,,,,,,,,3.6435,,123900.0,154400.0,,,,,,,,208700.0,1041.0,1027.0,0.7879999999999999,821.0,1042.0,dos_palosmercedca,Dos Palos,Merced,CA
555556,2016-06-30,dos_palosmercedca,,,,,,,,,,,,,,,,,,,,,,,,,,,,,,,,,,,,,,,,,,,,,,,,,,,,,,121.0,,,,,,,,,,,38.4615,,3.9882,,127200.0,156200.0,,,,,,,,210500.0,1035.0,1025.0,0.7879999999999999,826.0,1037.0,dos_palosmercedca,Dos Palos,Merced,CA
555557,2016-07-31,dos_palosmercedca,4.4484,,,,,,,,,,,,,,,,,,,,,,,,,,,,,,,,,,,,,,,,,,,,,,,,,,,,,122.0,,,,,,,,,,,,,3.9389,,130200.0,157100.0,,,,,,,,212300.0,1034.0,1024.0,0.7879999999999999,829.0,1035.0,dos_palosmercedca,Dos Palos,Merced,CA
555558,2016-08-31,dos_palosmercedca,5.9181,,,,,,,,,,,,,,,,,,,,,,,,,,,,,,,,,,,,,,,,,,,,,,,,,,,,,123.0,,,,,,,,,,,,,4.1851,,132900.0,157500.0,,,,,,,,213600.0,1034.0,1025.0,0.7879999999999999,829.0,1035.0,dos_palosmercedca,Dos Palos,Merced,CA
555559,2016-09-30,dos_palosmercedca,3.2975,,,,,,,,,,,,,,,,,,,,,,,,,,,,,,,,,,,,,,,,,,,,,,,,,,,,,125.0,,,,,,,,,,,,,3.9882,,135000.0,158400.0,,,,,,,,215100.0,1042.0,1032.0,0.794,833.0,1044.0,dos_palosmercedca,Dos Palos,Merced,CA
555560,2016-10-31,dos_palosmercedca,,,,,,,,,,,,,,,,,,,,,,,,,,,,,,,,,,,,,,,,,,,,,,,,,,,,,,126.0,,,,,,,,,,,25.0,,4.3328,,135700.0,160000.0,,,,,,,,216600.0,1041.0,1031.0,0.7959999999999999,852.0,1043.0,dos_palosmercedca,Dos Palos,Merced,CA
555561,2016-11-30,dos_palosmercedca,,,,,,,,,,,,,,,,,,,,,,,,,,,,,,,,,,,,,,,,,,,,,,,,,,,,,,127.0,,,,,,,,,,,,,4.579,,135300.0,161700.0,,,,,,,,217600.0,1040.0,1031.0,0.8,874.0,1042.0,dos_palosmercedca,Dos Palos,Merced,CA
555562,2016-12-31,dos_palosmercedca,,,,,,,,,,,,,,,,,,,,,,,,,,,,,,,,,,,,,,,,,,,,,,,,,,,,,,127.0,,,,,,,,,,,,,4.4806,,134300.0,164000.0,,,,,,,,218700.0,1046.0,1037.0,0.8079999999999999,895.0,1048.0,dos_palosmercedca,Dos Palos,Merced,CA
555563,2017-01-31,dos_palosmercedca,,,,,,,,,,,,,,,,,,,,,,,,,,,,,,,,,,,,,,,,,,,,,,,,,,,,,,128.0,,,,,,,,,,,,,4.4313,,134500.0,167300.0,,,,,,,,220600.0,1058.0,1047.0,0.818,911.0,1060.0,dos_palosmercedca,Dos Palos,Merced,CA
555564,2017-02-28,dos_palosmercedca,,,,,,,,,,,,,,,,,,,,,,,,,,,,,,,,,,,,,,,,,,,,,,,,,,,,,,130.0,,,,,,,,,,,,,4.6283,,136300.0,170800.0,,,,,,,,223600.0,1069.0,1056.0,0.826,926.0,1071.0,dos_palosmercedca,Dos Palos,Merced,CA
555565,2017-03-31,dos_palosmercedca,7.1073,,,,,,,,,,,,,,,,,,,,,,,,,,,,,,,,,,,,,,,,,,,,,,,,,,,,,131.0,,,,,,,,,,,,,4.4313,,138800.0,173300.0,,,,,,,,226500.0,1078.0,1067.0,0.83,941.0,1080.0,dos_palosmercedca,Dos Palos,Merced,CA
555566,2017-04-30,dos_palosmercedca,7.781000000000001,,,,,,,,,,,,,,,,,,,,,,,,,,,,,,,,,,,,,,,,,,,,,,,,,,,,,133.0,,,,,,,,,,,,,4.2836,,141100.0,175800.0,,,,,,,,230100.0,1084.0,1075.0,0.8320000000000001,944.0,1086.0,dos_palosmercedca,Dos Palos,Merced,CA
555567,2017-05-31,dos_palosmercedca,4.0963,,,,,,,,,,,,,,,,,,,,,,,,,,,,,,,,,,,,,,,,,,,,,,,,,,,,,135.0,,,,,,,,,,,,,4.0374,,143900.0,178500.0,,,,,,,,233900.0,1090.0,1083.0,0.8340000000000001,941.0,1091.0,dos_palosmercedca,Dos Palos,Merced,CA
555568,2017-06-30,dos_palosmercedca,,,,,,,,,,,,,,,,,,,,,,,,,,,,,,,,,,,,,,,,,,,,,,,,,,,,,,136.0,,,,,,,,,,,,,3.3973,,145600.0,180300.0,,,,,,,,237300.0,1100.0,1091.0,0.8420000000000001,937.0,1101.0,dos_palosmercedca,Dos Palos,Merced,CA
555569,2017-07-31,dos_palosmercedca,,,,,,,,,,,,,,,,,,,,,,,,,,,,,,,,,,,,,,,,,,,,,,,,,,,,,,138.0,,,,,,,,,,,,,3.1019,,146400.0,182200.0,,,,,,,,240600.0,1115.0,1102.0,0.852,935.0,1116.0,dos_palosmercedca,Dos Palos,Merced,CA
555570,2017-08-31,dos_palosmercedca,,,,,,,,,,,,,,,,,,,,,,,,,,,,,,,,,,,,,,,,,,,,,,,,,,,,,,139.0,,,,,,,,,,,,,2.6096,,147100.0,184600.0,,,,,,,,244100.0,1127.0,1111.0,0.862,937.0,1129.0,dos_palosmercedca,Dos Palos,Merced,CA
967224,1996-04-30,hilmarmercedca,,,,,,,,,,,,,,,,,,,,,,,,,,,,,,,,,,,,,,,,,,,,,,,,,,,,,,67.0,,,,,,,,,,,,,,,,99100.0,123800.0,,99700.0,,,99700.0,99800.0,122700.0,,,,,,hilmarmercedca,Hilmar,Merced,CA
967225,1996-05-31,hilmarmercedca,,,,,,,,,,,,,,,,,,,,,,,,,,,,,,,,,,,,,,,,,,,,,,,,,,,,,,66.0,,,,,,,,,,,,,,,,98000.0,117800.0,,98500.0,,,98500.0,98500.0,117800.0,,,,,,hilmarmercedca,Hilmar,Merced,CA
967226,1996-06-30,hilmarmercedca,,,,,,,,,,,,,,,,,,,,,,,,,,,,,,,,,,,,,,,,,,,,,,,,,,,,,,66.0,,,,,,,,,,,,,,,,98100.0,115600.0,,98500.0,,,98500.0,98500.0,115800.0,,,,,,hilmarmercedca,Hilmar,Merced,CA
967227,1996-07-31,hilmarmercedca,,,,,,,,,,,,,,,,,,,,,,,,,,,,,,,,,,,,,,,,,,,,,,,,,,,,,,67.0,,,,,,,,,,,,,,,,99100.0,116400.0,,99500.0,,,99500.0,99600.0,116600.0,,,,,,hilmarmercedca,Hilmar,Merced,CA
967228,1996-08-31,hilmarmercedca,,,,,,,,,,,,,,,,,,,,,,,,,,,,,,,,,,,,,,,,,,,,,,,,,,,,,,67.0,,,,,,,,,,,,,,,,100400.0,117100.0,,100700.0,,,100700.0,101000.0,117300.0,,,,,,hilmarmercedca,Hilmar,Merced,CA
967229,1996-09-30,hilmarmercedca,,,,,,,,,,,,,,,,,,,,,,,,,,,,,,,,,,,,,,,,,,,,,,,,,,,,,,68.0,,,,,,,,,,,,,,,,101300.0,116400.0,,101400.0,,,101400.0,101700.0,117000.0,,,,,,hilmarmercedca,Hilmar,Merced,CA
967230,1996-10-31,hilmarmercedca,,,,,,,,,,,,,,,,,,,,,,,,,,,,,,,,,,,,,,,,,,,,,,,,,,,,,,68.0,,,,,,,,,,,,,,,,101600.0,116200.0,,101600.0,,,101600.0,101900.0,117000.0,,,,,,hilmarmercedca,Hilmar,Merced,CA
967231,1996-11-30,hilmarmercedca,,,,,,,,,,,,,,,,,,,,,,,,,,,,,,,,,,,,,,,,,,,,,,,,,,,,,,68.0,,,,,,,,,,,,,,,,101200.0,116900.0,,101200.0,,,101200.0,101500.0,117900.0,,,,,,hilmarmercedca,Hilmar,Merced,CA
967232,1996-12-31,hilmarmercedca,,,,,,,,,,,,,,,,,,,,,,,,,,,,,,,,,,,,,,,,,,,,,,,,,,,,,,69.0,,,,,,,,,,,,,,,,100800.0,117500.0,,101100.0,,,101100.0,101200.0,118500.0,,,,,,hilmarmercedca,Hilmar,Merced,CA
967233,1997-01-31,hilmarmercedca,,,,,,,,,,,,,,,,,,,,,,,,,,,,,,,,,,,,,,,,,,,,,,,,,,,,,,69.0,,,,,,,,,,,,,,,,100500.0,117500.0,,100900.0,,,100900.0,100800.0,118600.0,,,,,,hilmarmercedca,Hilmar,Merced,CA
967234,1997-02-28,hilmarmercedca,,,,,,,,,,,,,,,,,,,,,,,,,,,,,,,,,,,,,,,,,,,,,,,,,,,,,,69.0,56.13,35.17,,,,,,,,,,,,,,100400.0,117400.0,,100700.0,,,100700.0,100700.0,118300.0,,,,,,hilmarmercedca,Hilmar,Merced,CA
967235,1997-03-31,hilmarmercedca,,,,,,,,,,,,,,,,,,,,,,,,,,,,,,,,,,,,,,,,,,,,,,,,,,,,,,69.0,64.52,30.33,,,,,,,,,,,,,,100100.0,117800.0,,100200.0,,,100200.0,100400.0,118900.0,,,,,,hilmarmercedca,Hilmar,Merced,CA
967236,1997-04-30,hilmarmercedca,,,,,,,,,,,,,,,,,,,,,,,,,,,,,,,,,,,,,,,,,,,,,,,,,,,,,,68.0,61.27,30.18,,,,,,,,,,,,,,98900.0,118500.0,,99200.0,,,99200.0,99500.0,119900.0,,,,,,hilmarmercedca,Hilmar,Merced,CA
967237,1997-05-31,hilmarmercedca,,,,,,,,,,,,,,,,,,,,,,,,,,,,,,,,,,,,,,,,,,,,,,,,,,,,,,68.0,75.79,21.1,,,,,,,,,,,,,,97400.0,118700.0,,97800.0,,,97800.0,98000.0,120800.0,,,,,,hilmarmercedca,Hilmar,Merced,CA
967238,1997-06-30,hilmarmercedca,,,,,,,,,,,,,,,,,,,,,,,,,,,,,,,,,,,,,,,,,,,,,,,,,,,,,,68.0,80.94,14.83,,,,,,,,,,,,,,96300.0,118600.0,,97000.0,,,97000.0,97000.0,121600.0,,,,,,hilmarmercedca,Hilmar,Merced,CA
967239,1997-07-31,hilmarmercedca,,,,,,,,,,,,,,,,,,,,,,,,,,,,,,,,,,,,,,,,,,,,,,,,,,,,,,68.0,77.0,18.61,,,,,,,,,,,,,,95200.0,117700.0,,95900.0,,,95900.0,95800.0,121500.0,,,,,,hilmarmercedca,Hilmar,Merced,CA
967240,1997-08-31,hilmarmercedca,,,,,,,,,,,,,,,,,,,,,,,,,,,,,,,,,,,,,,,,,,,,,,,,,,,,,,67.0,30.79,54.08,,,,,,,,,,,,,,93700.0,117600.0,,94400.0,,,94400.0,94300.0,120300.0,,,,,,hilmarmercedca,Hilmar,Merced,CA
967241,1997-09-30,hilmarmercedca,,,,,,,,,,,,,,,,,,,,,,,,,,,,,,,,,,,,,,,,,,,,,,,,,,,,,,67.0,72.92,18.68,,,,,,,,,,,,,,92400.0,118400.0,,93500.0,,,93500.0,93500.0,119500.0,,,,,,hilmarmercedca,Hilmar,Merced,CA
967242,1997-10-31,hilmarmercedca,,,,,,,,,,,,,,,,,,,,,,,,,,,,,,,,,,,,,,,,,,,,,,,,,,,,,,66.0,52.19,35.4,,,,,,,,,,,,,,91800.0,119000.0,,93300.0,,,93300.0,93300.0,119300.0,,,,,,hilmarmercedca,Hilmar,Merced,CA
967243,1997-11-30,hilmarmercedca,,,,,,,,,,,,,,,,,,,,,,,,,,,,,,,,,,,,,,,,,,,,,,,,,,,,,,66.0,82.3,12.93,,,,,,,,,,,,,,91500.0,119800.0,,93200.0,,,93200.0,93300.0,119800.0,,,,,,hilmarmercedca,Hilmar,Merced,CA
967244,1997-12-31,hilmarmercedca,,,,,,,,,,,,,,,,,,,,,,,,,,,,,,,,,,,,,,,,,,,,,,,,,,,,,,66.0,74.51,19.59,,,,,,,,,,,,,,91900.0,120900.0,,93400.0,,,93400.0,93800.0,120900.0,,,,,,hilmarmercedca,Hilmar,Merced,CA
967245,1998-01-31,hilmarmercedca,6.9561,,,,,,,,,,,,,,,,,,,,,,,,,,,,,,,,,,,,,,,,,,,,,,,,,,,,,66.0,67.55,24.77,,,,,,,,,,,4.0264,,,92400.0,121100.0,,93800.0,,,93800.0,94100.0,121300.0,,,,,,hilmarmercedca,Hilmar,Merced,CA
967246,1998-02-28,hilmarmercedca,7.9143,,,,,,,,,,,,,,,,,,,,,,,,,,,,,,,,,,,,,,,,,,,,,,,,,,,,,67.0,74.55,17.09,,,,,,,,,,,4.0264,,,92800.0,121100.0,,94100.0,,,94100.0,94400.0,121400.0,,,,,,hilmarmercedca,Hilmar,Merced,CA
967247,1998-03-31,hilmarmercedca,4.6555,,,,,,,,,,,,,,,,,,,,,,,,,,,,,,,,,,,,,,,,,,,,,,,,,,,,,67.0,32.43,58.16,,,,,,,,,,,3.9604,,,93200.0,121500.0,,94500.0,,,94500.0,94700.0,121800.0,,,,,,hilmarmercedca,Hilmar,Merced,CA
967248,1998-04-30,hilmarmercedca,,,,,,,,,,,,,,,,,,,,,,,,,,,,,,,,,,,,,,,,,,,,,,,,,,,,,,68.0,48.31,39.88,,,,,,,,,,,4.1584,,,95700.0,124000.0,,97000.0,,,97000.0,97200.0,124100.0,,,,,,hilmarmercedca,Hilmar,Merced,CA
967249,1998-05-31,hilmarmercedca,3.8344,,,,,,,,,,,,,,,,,,,,,,,,,,,,,,,,,,,,,,,,,,,,,,,,,,,,,,,,,,,,,,,,,,3.8284,,,,,,,,,,,,,,,,,hilmarmercedca,Hilmar,Merced,CA
967250,1998-06-30,hilmarmercedca,,,,,,,,,,,,,,,,,,,,,,,,,,,,,,,,,,,,,,,,,,,,,,,,,,,,,,,,,,,,,,,,,,,3.8284,,,,,,,,,,,,,,,,,hilmarmercedca,Hilmar,Merced,CA
967251,1998-07-31,hilmarmercedca,,,,,,,,,,,,,,,,,,,,,,,,,,,,,,,,,,,,,,,,,,,,,,,,,,,,,,70.0,23.08,66.32,,,,,,,,,,,4.0264,,,98800.0,127400.0,,100200.0,,,100200.0,100100.0,127100.0,,,,,,hilmarmercedca,Hilmar,Merced,CA
967252,1998-08-31,hilmarmercedca,,,,,,,,,,,,,,,,,,,,,,,,,,,,,,,,,,,,,,,,,,,,,,,,,,,,,,71.0,45.04,44.21,,,,,,,,,,,4.1584,,,100200.0,128800.0,,101500.0,,,101500.0,101700.0,128600.0,,,,,,hilmarmercedca,Hilmar,Merced,CA
967253,1998-09-30,hilmarmercedca,3.8344,,,,,,,,,,,,,,,,,,,,,,,,,,,,,,,,,,,,,,,,,,,,,,,,,,,,,71.0,32.86,54.51,,,,,,,,,,,4.3564,,,99900.0,128400.0,,101000.0,,,101000.0,101400.0,128400.0,,,,,,hilmarmercedca,Hilmar,Merced,CA
967254,1998-10-31,hilmarmercedca,6.5184,,,,,,,,,,,,,,,,,,,,,,,,,,,,,,,,,,,,,,,,,,,,,,,,,,,,,71.0,13.97,79.79,,,,,,,,,,,4.2244,,,100000.0,128700.0,,101400.0,,,101400.0,101700.0,128600.0,,,,,,hilmarmercedca,Hilmar,Merced,CA
967255,1998-11-30,hilmarmercedca,3.8343,,,,,,,,,,,,,,,,,,,,,,,,,,,,,,,,,,,,,,,,,,,,,,,,,,,,,71.0,4.13,94.21,,,,,,,,,,,4.5545,,,99700.0,127900.0,,101400.0,,,101400.0,101500.0,127600.0,,,,,,hilmarmercedca,Hilmar,Merced,CA
967256,1998-12-31,hilmarmercedca,,,,,,,,,,,,,,,,,,,,,,,,,,,,,,,,,,,,,,,,,,,,,,,,,,,,,,71.0,4.36,93.99,,,,,,,,,,,4.4884,,,99700.0,126400.0,,101400.0,,,101400.0,101300.0,125900.0,,,,,,hilmarmercedca,Hilmar,Merced,CA
967257,1999-01-31,hilmarmercedca,,,,,,,,,,,,,,,,,,,,,,,,,,,,,,,,,,,,,,,,,,,,,,,,,,,,,,71.0,1.42,97.83,,,,,,,,,,,4.8185,,,100200.0,125500.0,,101400.0,,,101400.0,101500.0,124800.0,,,,,,hilmarmercedca,Hilmar,Merced,CA
967258,1999-02-28,hilmarmercedca,,,,,,,,,,,,,,,,,,,,,,,,,,,,,,,,,,,,,,,,,,,,,,,,,,,,,,72.0,4.34,93.04,,,,,,,,,,,4.9505,,,100700.0,126800.0,,101800.0,,,101800.0,102000.0,125900.0,,,,,,hilmarmercedca,Hilmar,Merced,CA
967259,1999-03-31,hilmarmercedca,3.8344,,,,,,,,,,,,,,,,,,,,,,,,,,,,,,,,,,,,,,,,,,,,,,,,,,,,,72.0,5.46,90.72,,,,,,,,,,,5.2145,,,101300.0,128900.0,,102700.0,,,102700.0,103000.0,128300.0,,,,,,hilmarmercedca,Hilmar,Merced,CA
967260,1999-04-30,hilmarmercedca,,,,,,,,,,,,,,,,,,,,,,,,,,,,,,,,,,,,,,,,,,,,,,,,,,,,,,73.0,4.94,91.99,,,,,,,,,,,4.8185,,,102400.0,130000.0,,104100.0,,,104100.0,104300.0,130000.0,,,,,,hilmarmercedca,Hilmar,Merced,CA
967261,1999-05-31,hilmarmercedca,,,,,,,,,,,,,,,,,,,,,,,,,,,,,,,,,,,,,,,,,,,,,,,,,,,,,,73.0,11.9,83.91,,,,,,,,,,,5.0165,,,103000.0,130000.0,,104300.0,,,104300.0,104400.0,130600.0,,,,,,hilmarmercedca,Hilmar,Merced,CA
967262,1999-06-30,hilmarmercedca,3.4507,,,,,,,,,,,,,,,,,,,,,,,,,,,,,,,,,,,,,,,,,,,,,,,,,,,,,73.0,7.56,88.92,,,,,,,,,,,5.2145,,,102600.0,129900.0,,104000.0,,,104000.0,104000.0,130900.0,,,,,,hilmarmercedca,Hilmar,Merced,CA
967263,1999-07-31,hilmarmercedca,5.8661,,,,,,,,,,,,,,,,,,,,,,,,,,,,,,,,,,,,,,,,,,,,,,,,,,,,,74.0,9.06,86.23,,,,,,,,,,,5.2145,,,103500.0,130300.0,,105100.0,,,105100.0,105100.0,131200.0,,,,,,hilmarmercedca,Hilmar,Merced,CA
967264,1999-08-31,hilmarmercedca,3.4506,,,,,,,,,,,,,,,,,,,,,,,,,,,,,,,,,,,,,,,,,,,,,,,,,,,,,75.0,10.85,84.82,,,,,,,,,,,5.2805,,,105900.0,132000.0,,107200.0,,,107200.0,107300.0,132700.0,,,,,,hilmarmercedca,Hilmar,Merced,CA
967265,1999-09-30,hilmarmercedca,5.1369,,,,,,,,,,,,,,,,,,,,,,,,,,,,,,,,,,,,,,,,,,,,,,,,,,,,,76.0,5.39,92.97,,,,,,,,,,,5.0825,,,107700.0,133700.0,,108500.0,,,108500.0,108600.0,134400.0,,,,,,hilmarmercedca,Hilmar,Merced,CA
967266,1999-10-31,hilmarmercedca,10.4298,,,,,,,,,,,,,,,,,,,,,,,,,,,,,,,,,,,,,,,,,,,,,,,,,,,,,77.0,5.38,91.33,,,,,,,,,,,5.3465,,,108100.0,134200.0,,109000.0,,,109000.0,109100.0,135500.0,,,,,,hilmarmercedca,Hilmar,Merced,CA
967267,1999-11-30,hilmarmercedca,15.7043,,,,,,,,,,,,,,,,,,,,,,,,,,,,,,,,,,,,,,,,,,,,,,,,,,,,,78.0,29.45,61.06,,,,,,,,,,,5.0165,,,109600.0,135000.0,,110400.0,,,110400.0,110600.0,136900.0,,,,,,hilmarmercedca,Hilmar,Merced,CA
967268,1999-12-31,hilmarmercedca,12.1462,,,,,,,,,,,,,,,,,,,,,,,,,,,,,,,,,,,,,,,,,,,,,,,,,,,,,79.0,34.5,54.0,,,,,,,,,,,5.1485,,,112200.0,136400.0,,112900.0,,,112900.0,113100.0,138500.0,,,,,,hilmarmercedca,Hilmar,Merced,CA
967269,2000-01-31,hilmarmercedca,5.1703,,,,,,,,,,,,,,,,,,,,,,,,,,,,,,,,,,,,,,,,,,,,,,,,,,,,,81.0,38.45,49.48,,,,,,,,,,,5.0825,,,114700.0,138700.0,,115500.0,,,115500.0,115700.0,140700.0,,,,,,hilmarmercedca,Hilmar,Merced,CA
967270,2000-02-29,hilmarmercedca,,,,,,,,,,,,,,,,,,,,,,,,,,,,,,,,,,,,,,,,,,,,,,,,,,,,,,83.0,24.44,63.79,,,,,,,,,,,5.2145,,,117000.0,140800.0,,118200.0,,,118200.0,118100.0,143400.0,,,,,,hilmarmercedca,Hilmar,Merced,CA
967271,2000-03-31,hilmarmercedca,3.8344,,,,,,,,,,,,,,,,,,,,,,,,,,,,,,,,,,,,,,,,,,,,,,,,,,,,,84.0,28.54,63.79,,,,,,,,,,,5.2145,,,119700.0,141400.0,,120700.0,,,120700.0,120700.0,144400.0,,,,,,hilmarmercedca,Hilmar,Merced,CA
967272,2000-04-30,hilmarmercedca,,,,,,,,,,,,,,,,,,,,,,,,,,,,,,,,,,,,,,,,,,,,,,,,,,,,,,85.0,40.8,51.75,,,,,,,,,,,5.0825,,,121200.0,140400.0,,122000.0,,,122000.0,122100.0,143800.0,,,,,,hilmarmercedca,Hilmar,Merced,CA
967273,2000-05-31,hilmarmercedca,9.2344,,,,,,,,,,,,,,,,,,,,,,,,,,,,,,,,,,,,,,,,,,,,,,,,,,,,,86.0,42.74,50.04,,,,,,,,,,,5.2805,,,121900.0,140700.0,,123200.0,,,123200.0,123200.0,143800.0,,,,,,hilmarmercedca,Hilmar,Merced,CA
967274,2000-06-30,hilmarmercedca,5.6588,,,,,,,,,,,,,,,,,,,,,,,,,,,,,,,,,,,,,,,,,,,,,,,,,,,,,86.0,34.75,57.51,,,,,,,,,,,4.9505,,,122000.0,141700.0,,123400.0,,,123400.0,123400.0,145100.0,,,,,,hilmarmercedca,Hilmar,Merced,CA
967275,2000-07-31,hilmarmercedca,6.2596,,,,,,,,,,,,,,,,,,,,,,,,,,,,,,,,,,,,,,,,,,,,,,,,,,,,,85.0,38.47,52.75,,,,,,,,,,,5.0825,,,120300.0,142100.0,,121600.0,,,121600.0,121700.0,145200.0,,,,,,hilmarmercedca,Hilmar,Merced,CA
967276,2000-08-31,hilmarmercedca,,,,,,,,,,,,,,,,,,,,,,,,,,,,,,,,,,,,,,,,,,,,,,,,,,,,,,84.0,40.77,50.6,,,,,,,,,,,5.1485,,,118200.0,143000.0,,119800.0,,,119800.0,119800.0,145100.0,,,,,,hilmarmercedca,Hilmar,Merced,CA
967277,2000-09-30,hilmarmercedca,,,,,,,,,,,,,,,,,,,,,,,,,,,,,,,,,,,,,,,,,,,,,,,,,,,,,,84.0,26.84,60.67,,,,,,,,,,,5.1485,,,118600.0,144000.0,,120500.0,,,120500.0,120600.0,145400.0,,,,,,hilmarmercedca,Hilmar,Merced,CA
967278,2000-10-31,hilmarmercedca,,,,,,,,,,,,,,,,,,,,,,,,,,,,,,,,,,,,,,,,,,,,,,,,,,,,,,85.0,39.38,50.82,,,,,,,,,,,4.9505,,,120400.0,145400.0,,122400.0,,,122400.0,122500.0,147700.0,,,,,,hilmarmercedca,Hilmar,Merced,CA
967279,2000-11-30,hilmarmercedca,3.8168,,,,,,,,,,,,,,,,,,,,,,,,,,,,,,,,,,,,,,,,,,,,,,,,,,,,,86.0,2.67,96.73,,,,,,,,,,,5.2145,,,122300.0,148900.0,,124300.0,,,124300.0,124500.0,152200.0,,,,,,hilmarmercedca,Hilmar,Merced,CA
967280,2000-12-31,hilmarmercedca,,,,,,,,,,,,,,,,,,,,,,,,,,,,,,,,,,,,,,,,,,,,,,,,,,,,,,88.0,2.45,96.51,,,,,,,,,,,5.3465,,,124900.0,153300.0,,126800.0,,,126800.0,127100.0,157700.0,,,,,,hilmarmercedca,Hilmar,Merced,CA
967281,2001-01-31,hilmarmercedca,,,,,,,,,,,,,,,,,,,,,,,,,,,,,,,,,,,,,,,,,,,,,,,,,,,,,,91.0,1.7,97.56,,,,,,,,,,,5.0165,,,128600.0,157200.0,,130300.0,,,130300.0,130400.0,162400.0,,,,,,hilmarmercedca,Hilmar,Merced,CA
967282,2001-02-28,hilmarmercedca,,,,,,,,,,,,,,,,,,,,,,,,,,,,,,,,,,,,,,,,,,,,,,,,,,,,,,93.0,0.89,98.15,,,,,,,,,,,4.8185,,,132000.0,159800.0,,133800.0,,,133800.0,133900.0,165000.0,,,,,,hilmarmercedca,Hilmar,Merced,CA
967283,2001-03-31,hilmarmercedca,,,,,,,,,,,,,,,,,,,,,,,,,,,,,,,,,,,,,,,,,,,,,,,,,,,,,,94.0,3.33,95.63,,,,,,,,,18.1818,,4.8845,,,135300.0,162900.0,,137400.0,,,137400.0,137700.0,166500.0,,,,,,hilmarmercedca,Hilmar,Merced,CA
967284,2001-04-30,hilmarmercedca,,,,,,,,,,,,,,,,,,,,,,,,,,,,,,,,,,,,,,,,,,,,,,,,,,110.82024432809798,,110.82024432809798,129000.0,97.0,1.92,97.04,,,,,,,,,7.4866,,5.8086,,,138800.0,167900.0,,140900.0,,,140900.0,141100.0,170300.0,,,,,,hilmarmercedca,Hilmar,Merced,CA
967285,2001-05-31,hilmarmercedca,,,,,,,,,,,,,,,,,,,,,,,,,,,,,,,,,,,,,,,,,,,,,,,,,,,,,,100.0,2.66,96.37,,,,,,,,,,,5.6106,,,142100.0,172400.0,,144200.0,,,144200.0,144200.0,175400.0,,,,,,hilmarmercedca,Hilmar,Merced,CA
967286,2001-06-30,hilmarmercedca,,,,,,,,,,,,,,,,,,,,,,,,,,,,,,,,,,,,,,,,,,,,,,,,,,,,,,101.0,2.88,96.15,,,,,,,,,,,5.7426,,,144200.0,173300.0,,146000.0,,,146000.0,146200.0,177600.0,,,,,,hilmarmercedca,Hilmar,Merced,CA
967287,2001-07-31,hilmarmercedca,,,,,,,,,,,,,,,,,,,,,,,,,,,,,,,,,,,,,,,,,,,,,,,,,,,,,,102.0,2.88,96.23,,,,,,,,,,,6.0066,,,145800.0,174800.0,,147200.0,,,147200.0,147600.0,180000.0,,,,,,hilmarmercedca,Hilmar,Merced,CA
967288,2001-08-31,hilmarmercedca,,,,,,,,,,,,,,,,,,,,,,,,,,,,,,,,,,,,,,,,,,,,,,,,,,,,,,103.0,2.88,95.72,,,,,,,,,,,6.2046,,,147200.0,177400.0,,148500.0,,,148500.0,148900.0,182500.0,,,,,,hilmarmercedca,Hilmar,Merced,CA
967289,2001-09-30,hilmarmercedca,,,,,,,,,,,,,,,,,,,,,,,,,,,,,,,,,,,,,,,,,,,,,,,,,,,,,,104.0,5.02,92.77,,,,,,,,,,,6.2706,,,148900.0,180200.0,,150600.0,,,150600.0,150800.0,184500.0,,,,,,hilmarmercedca,Hilmar,Merced,CA
967290,2001-10-31,hilmarmercedca,3.7822,,,,,,,,,,,,,,,,,,,,,,,,,,,,,,,,,,,,,,,,,,,,,,,,,,,,,106.0,7.89,89.45,,,,,,,,,,,6.1386,,,151300.0,182600.0,,152800.0,,,152800.0,152900.0,186500.0,,,,,,hilmarmercedca,Hilmar,Merced,CA
967291,2001-11-30,hilmarmercedca,,,,,,,,,,,,,,,,,,,,,,,,,,,,,,,,,,,,,,,,,,,,,,,,,,,,,,108.0,12.75,82.98,,,,,,,,,,,6.2046,,,154300.0,184600.0,,155300.0,,,155300.0,155500.0,189000.0,,,,,,hilmarmercedca,Hilmar,Merced,CA
967292,2001-12-31,hilmarmercedca,,,,,,,,,,,,,,,,,,,,,,,,,,,,,,,,,,,,,,,,,,,,,,,,,,,,,,110.0,18.87,76.05,,,,,,,,,,,6.0726,,,157000.0,186200.0,,158000.0,,,158000.0,158300.0,192600.0,,,,,,hilmarmercedca,Hilmar,Merced,CA
967293,2002-01-31,hilmarmercedca,,,,,,,,,,,,,,,,,,,,,,,,,,,,,,,,,,,,,,,,,,,,,,,,,,,,,,110.0,21.29,72.42,,,,,,,,,,,6.3366,,,158700.0,186500.0,,160400.0,,,160400.0,160600.0,194800.0,,,,,,hilmarmercedca,Hilmar,Merced,CA
967294,2002-02-28,hilmarmercedca,,,,,,,,,,,,,,,,,,,,,,,,,,,,,,,,,,,,,,,,,,,,,,,,,,,,,,110.0,23.23,70.05,,,,,,,,,,,6.5347,,,159600.0,185600.0,,161500.0,,,161500.0,161400.0,193600.0,,,,,,hilmarmercedca,Hilmar,Merced,CA
967295,2002-03-31,hilmarmercedca,,,,,,,,,,,,,,,,,,,,,,,,,,,,,,,,,,,,,,,,,,,,,,,,,,,,,,111.0,19.5,74.73,,,,,,,,,,,6.4026,,,159700.0,184700.0,,161500.0,,,161500.0,161600.0,190700.0,,,,,,hilmarmercedca,Hilmar,Merced,CA
967296,2002-04-30,hilmarmercedca,,,,,,,,,,,,,,,,,,,,,,,,,,,,,,,,,,,,,,,,,,,,,,,,,,,,,,111.0,17.52,76.72,,,,,,,,,,,5.8746,,,160500.0,185300.0,,162600.0,,,162600.0,163000.0,190100.0,,,,,,hilmarmercedca,Hilmar,Merced,CA
967297,2002-05-31,hilmarmercedca,,,,,,,,,,,,,,,,,,,,,,,,,,,,,,,,,,,,,,,,,,,,,,,,,,,,,,112.0,14.16,82.63,,,,,,,,,,,6.0066,,,162000.0,188200.0,,164500.0,,,164500.0,165000.0,191900.0,,,,,,hilmarmercedca,Hilmar,Merced,CA
967298,2002-06-30,hilmarmercedca,,,,,,,,,,,,,,,,,,,,,,,,,,,,,,,,,,,,,,,,,,,,,,,,,,,,,,113.0,10.22,85.91,,,,,,,,,,,5.8086,,,163700.0,193600.0,,166400.0,,,166400.0,166600.0,195500.0,,,,,,hilmarmercedca,Hilmar,Merced,CA
967299,2002-07-31,hilmarmercedca,,,,,,,,,,,,,,,,,,,,,,,,,,,,,,,,,,,,,,,,,,,,,,,,,,,,,,114.0,8.1,88.62,,,,,,,,,,,5.6766,,,165200.0,198000.0,,167800.0,,,167800.0,167800.0,198700.0,,,,,,hilmarmercedca,Hilmar,Merced,CA
967300,2002-08-31,hilmarmercedca,,,,,,,,,,,,,,,,,,,,,,,,,,,,,,,,,,,,,,,,,,,,,,,,,,,,,,115.0,7.43,89.67,,,,,,,,,,,5.5446,,,167800.0,201100.0,,170200.0,,,170200.0,170200.0,202300.0,,,,,,hilmarmercedca,Hilmar,Merced,CA
967301,2002-09-30,hilmarmercedca,,,,,,,,,,,,,,,,,,,,,,,,,,,,,,,,,,,,,,,,,,,,,,,,,,,,,,117.0,5.5,91.23,,,,,,,,,,,5.5446,,,170900.0,204400.0,,173300.0,,,173300.0,173400.0,206300.0,,,,,,hilmarmercedca,Hilmar,Merced,CA
967302,2002-10-31,hilmarmercedca,,,,,,,,,,,,,,,,,,,,,,,,,,,,,,,,,,,,,,,,,,,,,,,,,,137.96992481203,,137.96992481203,185000.0,119.0,3.34,95.39,,,,,,,,,,,5.8746,,,172700.0,207700.0,,175600.0,,,175600.0,175900.0,209400.0,,,,,,hilmarmercedca,Hilmar,Merced,CA
967303,2002-11-30,hilmarmercedca,,,,,,,,,,,,,,,,,,,,,,,,,,,,,,,,,,,,,,,,,,,,,,,,,,,,,,120.0,5.65,92.35,,,,,,,,,,,5.6106,,,172900.0,210800.0,,176400.0,,,176400.0,176900.0,212000.0,,,,,,hilmarmercedca,Hilmar,Merced,CA
967304,2002-12-31,hilmarmercedca,,,,,,,,,,,,,,,,,,,,,,,,,,,,,,,,,,,,,,,,,,,,,,,,,,,,,,121.0,5.72,92.12,,,,,,,,,,,5.4785,,,173300.0,214300.0,,176700.0,,,176700.0,177000.0,214600.0,,,,,,hilmarmercedca,Hilmar,Merced,CA
967305,2003-01-31,hilmarmercedca,4.1017,,,,,,,,,,,,,,,,,,,,,,,,,,,,,,,,,,,,,,,,,,,,,,,,,,,,,122.0,3.0,95.83,,,,,,,,,,,5.1485,,,174500.0,217900.0,,177400.0,,,177400.0,177600.0,217500.0,,,,,,hilmarmercedca,Hilmar,Merced,CA
967306,2003-02-28,hilmarmercedca,,,,,,,,,,,,,,,,,,,,,,,,,,,,,,,,,,,,,,,,,,,,,,,,,,,,,,123.0,4.83,93.56,,,,,,,,,,,4.8185,,,174800.0,221200.0,,177200.0,,,177200.0,177500.0,221000.0,,,,,,hilmarmercedca,Hilmar,Merced,CA
967307,2003-03-31,hilmarmercedca,,,,,,,,,,,,,,,,,,,,,,,,,,,,,,,,,,,,,,,,,,,,,,,,,,,,,,123.0,7.39,90.64,,,,,,,,,,,4.7525,,,173500.0,223300.0,,175800.0,,,175800.0,176000.0,224800.0,,,,,,hilmarmercedca,Hilmar,Merced,CA
967308,2003-04-30,hilmarmercedca,,,,,,,,,,,,,,,,,,,,,,,,,,,,,,,,,,,,,,,,,,,,,,,,,,,,,,123.0,7.39,90.56,,,,,,,,,,,4.8185,,,172700.0,225100.0,,174800.0,,,174800.0,174800.0,227700.0,,,,,,hilmarmercedca,Hilmar,Merced,CA
967309,2003-05-31,hilmarmercedca,,,,,,,,,,,,,,,,,,,,,,,,,,,,,,,,,,,,,,,,,,,,,,,,,,,,,,125.0,6.22,91.08,,,,,,,,,,,4.8185,,,176100.0,229100.0,,178100.0,,,178100.0,178300.0,231900.0,,,,,,hilmarmercedca,Hilmar,Merced,CA
967310,2003-06-30,hilmarmercedca,,,,,,,,,,,,,,,,,,,,,,,,,,,,,,,,,,,,,,,,,,,,,,,,,,,,,,131.0,5.19,93.05,,,,,,,,,,,4.9505,,,184800.0,237300.0,,187100.0,,,187100.0,187500.0,238600.0,,,,,,hilmarmercedca,Hilmar,Merced,CA
967311,2003-07-31,hilmarmercedca,,,,,,,,,,,,,,,,,,,,,,,,,,,,,,,,,,,,,,,,,,,,,,,,,,141.242937853107,,141.242937853107,226500.0,137.0,6.0,92.32,,,,,,,,,,,5.6766,,,195500.0,246300.0,,198400.0,,,198400.0,199100.0,246100.0,,,,,,hilmarmercedca,Hilmar,Merced,CA
967312,2003-08-31,hilmarmercedca,,,,,,,,,,,,,,,,,,,,,,,,,,,,,,,,,,,,,,,,,,,,,,,,,,132.5562,,132.5562,231500.0,142.0,2.85,95.98,,,,,,,,,,,6.6007,,,203500.0,252300.0,,206600.0,,,206600.0,207500.0,251900.0,,,,,,hilmarmercedca,Hilmar,Merced,CA
967313,2003-09-30,hilmarmercedca,,,,,,,,,,,,,,,,,,,,,,,,,,,,,,,,,,,,,,,,,,,,,,,,,,,,,,145.0,1.98,97.29,,,,,,,,,,,6.9307,,,208300.0,255300.0,,211300.0,,,211300.0,212100.0,256200.0,,,,,,hilmarmercedca,Hilmar,Merced,CA
967314,2003-10-31,hilmarmercedca,,,,,,,,,,,,,,,,,,,,,,,,,,,,,,,,,,,,,,,,,,,,,,,,,,142.9672,,142.9672,231923.0769,148.0,1.83,97.81,,,,,,,,,,,7.5908,,,212400.0,259000.0,,215200.0,,,215200.0,215400.0,260500.0,,,,,,hilmarmercedca,Hilmar,Merced,CA
967315,2003-11-30,hilmarmercedca,,,,,,,,,,,,,,,,,,,,,,,,,,,,,,,,,,,,,,,,,,,,,,,,,,,,,,149.0,1.02,98.83,,,,,,,,,,,7.8548,,,215400.0,261500.0,,218000.0,,,218000.0,218000.0,262500.0,,,,,,hilmarmercedca,Hilmar,Merced,CA
967316,2003-12-31,hilmarmercedca,,,,,,,,,,,,,,,,,,,,,,,,,,,,,,,,,,,,,,,,,,,,,,,,,,148.6703,,148.6703,230230.7692,149.0,0.95,98.9,,,,,,,,,,,8.3168,,,215800.0,261700.0,,217900.0,,,217900.0,218100.0,260900.0,,,,,,hilmarmercedca,Hilmar,Merced,CA
967317,2004-01-31,hilmarmercedca,,,,,,,,,,,,,,,,,,,,,,,,,,,,,,,,,,,,,,,,,,,,,,,,,,,,,,151.0,2.07,96.89,,,,,,,,,,,8.7129,,,216500.0,261700.0,,218400.0,,,218400.0,218500.0,259700.0,,,,,,hilmarmercedca,Hilmar,Merced,CA
967318,2004-02-29,hilmarmercedca,,,,,,,,,,,,,,,,,,,,,,,,,,,,,,,,,,,,,,,,,,,,,,,,,,,,,,153.0,1.66,97.93,,,,,,,,,,,9.1089,,,219800.0,264100.0,,221600.0,,,221600.0,221800.0,261900.0,,,,,,hilmarmercedca,Hilmar,Merced,CA
967319,2004-03-31,hilmarmercedca,,,,,,,,,,,,,,,,,,,,,,,,,,,,,,,,,,,,,,,,,,,,,,,,,,145.63716258631501,,145.63716258631501,230000.0,155.0,1.04,98.69,,,,,,,,,,,9.505,,,223900.0,266800.0,,225600.0,,,225600.0,226000.0,265300.0,,,,,,hilmarmercedca,Hilmar,Merced,CA
967320,2004-04-30,hilmarmercedca,,,,,,,,,,,,,,,,,,,,,,,,,,,,,,,,,,,,,,,,,,,,,,,,,,150.5998,,150.5998,231176.4706,157.0,0.69,99.03,,,,,,,,,,,9.703,,,227500.0,270000.0,,229400.0,,,229400.0,229800.0,267900.0,,,,,,hilmarmercedca,Hilmar,Merced,CA
967321,2004-05-31,hilmarmercedca,,,,,,,,,,,,,,,,,,,,,,,,,,,,,,,,,,,,,,,,,,,,,,,,,,,,,,159.0,0.28,99.24,,,,,,,,,,,9.769,,,230300.0,273800.0,,232700.0,,,232700.0,233000.0,271100.0,,,,,,hilmarmercedca,Hilmar,Merced,CA
967322,2004-06-30,hilmarmercedca,,,,,,,,,,,,,,,,,,,,,,,,,,,,,,,,,,,,,,,,,,,,,,,,,,,,,,162.0,0.07,99.79,,,,,,,,,,,9.637,,,232400.0,277900.0,,235400.0,,,235400.0,235800.0,276100.0,,,,,,hilmarmercedca,Hilmar,Merced,CA
967323,2004-07-31,hilmarmercedca,,,,,,,,,,,,,,,,,,,,,,,,,,,,,,,,,,,,,,,,,,,,,,,,,,,,,,165.0,0.14,99.86,,,,,,,,,,,8.9769,,,235100.0,282400.0,,238500.0,,,238500.0,239000.0,282500.0,,,,,,hilmarmercedca,Hilmar,Merced,CA
967324,2004-08-31,hilmarmercedca,,,,,,,,,,,,,,,,,,,,,,,,,,,,,,,,,,,,,,,,,,,,,,,,,,,,,,169.0,0.14,99.79,,,,,,,,,,,7.9208,,,240300.0,287300.0,,244300.0,,,244300.0,244500.0,288000.0,,,,,,hilmarmercedca,Hilmar,Merced,CA
967325,2004-09-30,hilmarmercedca,,,,,,,,,,,,,,,,,,,,,,,,,,,,,,,,,,,,,,,,,,,,,,,,,,,,,,172.0,0.14,99.72,,,,,,,,,,,7.5248,,,246500.0,292400.0,,250300.0,,,250300.0,250500.0,292700.0,,,,,,hilmarmercedca,Hilmar,Merced,CA
967326,2004-10-31,hilmarmercedca,,,,,,,,,,,,,,,,,,,,,,,,,,,,,,,,,,,,,,,,,,,,,,,,,,,,,,176.0,0.21,99.72,,,,,,,,,,,6.4686,,,253100.0,297700.0,,256100.0,,,256100.0,256400.0,298000.0,,,,,,hilmarmercedca,Hilmar,Merced,CA
967327,2004-11-30,hilmarmercedca,,,,,,,,,,,,,,,,,,,,,,,,,,,,,,,,,,,,,,,,,,,,,,,,,,,,,,180.0,0.28,99.65,,,,,,,,,,,6.6667,,,259200.0,305000.0,,262100.0,,,262100.0,262300.0,305300.0,,,,,,hilmarmercedca,Hilmar,Merced,CA
967328,2004-12-31,hilmarmercedca,,,,,,,,,,,,,,,,,,,,,,,,,,,,,,,,,,,,,,,,,,,,,,,,,,,,,,185.0,0.14,99.86,,,,,,,,,,,6.3366,,,265200.0,314900.0,,268800.0,,,268800.0,269100.0,314600.0,,,,,,hilmarmercedca,Hilmar,Merced,CA
967329,2005-01-31,hilmarmercedca,,,,,,,,,,,,,,,,,,,,,,,,,,,,,,,,,,,,,,,,,,,,,,,,,,,,,,190.0,0.2,99.46,,,,,,,,,,,6.1386,,,270200.0,325600.0,,275000.0,,,275000.0,275700.0,323800.0,,,,,,hilmarmercedca,Hilmar,Merced,CA
967330,2005-02-28,hilmarmercedca,3.7908,,,,,,,,,,,,,,,,,,,,,,,,,,,,,,,,,,,,,,,,,,,,,,,,,,,,,195.0,0.2,99.8,,,,,,,,,,,6.0726,,,275900.0,334700.0,,281100.0,,,281100.0,281800.0,331500.0,,,,,,hilmarmercedca,Hilmar,Merced,CA
967331,2005-03-31,hilmarmercedca,,,,,,,,,,,,,,,,,,,,,,,,,,,,,,,,,,,,,,,,,,,,,,,,,,,,,,199.0,0.2,99.73,,,,,,,,,,,5.6106,,,282600.0,345300.0,,287400.0,,,287400.0,287800.0,340900.0,,,,,,hilmarmercedca,Hilmar,Merced,CA
967332,2005-04-30,hilmarmercedca,4.502,,,,,,,,,,,,,,,,,,,,,,,,,,,,,,,,,,,,,,,,,,,,,,,,,,,,,206.0,0.2,99.66,,,,,,,,,,,5.6766,,,292100.0,358600.0,,296500.0,,,296500.0,296800.0,354400.0,,,,,,hilmarmercedca,Hilmar,Merced,CA
967333,2005-05-31,hilmarmercedca,,,,,,,,,,,,,,,,,,,,,,,,,,,,,,,,,,,,,,,,,,,,,,,,,,,,,,214.0,0.0,99.93,,,,,,,,,,,5.7426,,,305000.0,373200.0,,308800.0,,,308800.0,309300.0,369400.0,,,,,,hilmarmercedca,Hilmar,Merced,CA
967334,2005-06-30,hilmarmercedca,,,,,,,,,,,,,,,,,,,,,,,,,,,,,,,,,,,,,,,,,,,,,,,,,,,,,,222.0,0.0,100.0,,,,,,,,,,,5.8746,,,317400.0,385200.0,,320600.0,,,320600.0,320700.0,380900.0,,,,,,hilmarmercedca,Hilmar,Merced,CA
967335,2005-07-31,hilmarmercedca,,,,,,,,,,,,,,,,,,,,,,,,,,,,,,,,,,,,,,,,,,,,,,,,,,,,,,226.0,0.0,100.0,,,,,,,,,,,5.4785,,,324900.0,393100.0,,327900.0,,,327900.0,327800.0,387700.0,,,,,,hilmarmercedca,Hilmar,Merced,CA
967336,2005-08-31,hilmarmercedca,,,,,,,,,,,,,,,,,,,,,,,,,,,,,,,,,,,,,,,,,,,,,,,,,,,,,,229.0,0.07,99.86,,,,,,,,,,,6.0066,,,329700.0,398300.0,,333300.0,,,333300.0,333300.0,393500.0,,,,,,hilmarmercedca,Hilmar,Merced,CA
967337,2005-09-30,hilmarmercedca,,,,,,,,,,,,,,,,,,,,,,,,,,,,,,,,,,,,,,,,,,,,,,,,,,,,,,233.0,0.07,99.93,,,,,,,,,,,6.1386,,,334900.0,403900.0,,338700.0,,,338700.0,339000.0,400000.0,,,,,,hilmarmercedca,Hilmar,Merced,CA
967338,2005-10-31,hilmarmercedca,,,,,,,,,,,,,,,,,,,,,,,,,,,,,,,,,,,,,,,,,,,,,,,,,,,,,,236.0,0.0,100.0,,,,,,,,,,,6.6007,,,338800.0,407400.0,,342700.0,,,342700.0,342800.0,403400.0,,,,,,hilmarmercedca,Hilmar,Merced,CA
967339,2005-11-30,hilmarmercedca,,,,,,,,,,,,,,,,,,,,,,,,,,,,,,,,,,,,,,,,,,,,,,,,,,,,,,236.0,0.0,100.0,,,,,,,,,,,6.9307,,,341500.0,408100.0,,345700.0,,,345700.0,345800.0,403700.0,,,,,,hilmarmercedca,Hilmar,Merced,CA
967340,2005-12-31,hilmarmercedca,,,,,,,,,,,,,,,,,,,,,,,,,,,,,,,,,,,,,,,,,,,,,,,,,,,,,,238.0,0.0,100.0,,,,,,,,,,,7.1287,,,344500.0,407100.0,,349300.0,,,349300.0,349600.0,403400.0,,,,,,hilmarmercedca,Hilmar,Merced,CA
967341,2006-01-31,hilmarmercedca,,,,,,,,,,,,,,,,,,,,,,,,,,,,,,,,,,,,,,,,,,,,,,,,,,,,,,240.0,0.0,99.93,,,,,,,,,,,6.9967,,,347700.0,407000.0,,352600.0,,,352600.0,353400.0,403800.0,,,,,,hilmarmercedca,Hilmar,Merced,CA
967342,2006-02-28,hilmarmercedca,,,,,,,,,,,,,,,,,,,,,,,,,,,,,,,,,,,,,,,,,,,,,,,,,,,,,,240.0,0.07,99.8,,,,,,,,,,,6.7327,,,349900.0,406300.0,,354900.0,,,354900.0,355800.0,403000.0,,,,,,hilmarmercedca,Hilmar,Merced,CA
967343,2006-03-31,hilmarmercedca,,,,,,,,,,,,,,,,,,,,,,,,,,,,,,,,,,,,,,,,,,,,,,,,,,,,,,239.0,0.33,98.87,,,,,,,,,,,6.4686,,,350800.0,404700.0,,355200.0,,,355200.0,355800.0,400500.0,,,,,,hilmarmercedca,Hilmar,Merced,CA
967344,2006-04-30,hilmarmercedca,,,,,,,,,,,,,,,,,,,,,,,,,,,,,,,,,,,,,,,,,,,,,,,,,,,,,,241.0,1.32,97.68,,,,,,,,,,,6.0066,,,352300.0,403100.0,,355400.0,,,355400.0,355800.0,399200.0,,,,,,hilmarmercedca,Hilmar,Merced,CA
967345,2006-05-31,hilmarmercedca,,,,,,,,,,,,,,,,,,,,,,,,,,,,,,,,,,,,,,,,,,,,,,,,,,,,,,241.0,3.31,94.83,,,,,,,,,,,6.0726,,,351600.0,401500.0,,354300.0,,,354300.0,354700.0,399000.0,,,,,,hilmarmercedca,Hilmar,Merced,CA
967346,2006-06-30,hilmarmercedca,,,,,,,,,,,,,,,,,,,,,,,,,,,,,,,,,,,,,,,,,,,,,,,,,,236.779794790845,,236.779794790845,327500.0,240.0,10.53,80.13,,,,,,,,,,,6.0726,,,348600.0,400900.0,,352000.0,,,352000.0,352600.0,399600.0,,,,,,hilmarmercedca,Hilmar,Merced,CA
967347,2006-07-31,hilmarmercedca,,,,,,,,,,,,,,,,,,,,,,,,,,,,,,,,,,,,,,,,,,,,,,,,,,,,,,240.0,18.87,67.88,,,,,,,,,,,6.1386,,,346400.0,402000.0,,349900.0,,,349900.0,350600.0,401800.0,,,,,,hilmarmercedca,Hilmar,Merced,CA
967348,2006-08-31,hilmarmercedca,,,,,,,,,,,,,,,,,,,,,,,,,,,,,,,,,,,,,,,,,,,,,,,,,,,,,,239.0,31.92,50.33,,,,,,,,,,,5.5446,,,345000.0,402400.0,,348400.0,,,348400.0,349100.0,403600.0,,,,,,hilmarmercedca,Hilmar,Merced,CA
967349,2006-09-30,hilmarmercedca,,,,,,,,,,,,,,,,,,,,,,,,,,,,,,,,,,,,,,,,,,,,,,,,,,,,,,236.0,55.5,22.78,,,,,,,,,,,5.4785,,,339500.0,397800.0,,343100.0,,,343100.0,343700.0,399100.0,,,,,,hilmarmercedca,Hilmar,Merced,CA
967350,2006-10-31,hilmarmercedca,,,,,,,,,,,,,,,,,,,,,,,,,,,,,,,,,,,,,,,,,,,,,,,,,,,,,,232.0,84.5,5.5,,,,,,,,,,,5.0825,,,332300.0,391800.0,,336400.0,,,336400.0,337200.0,392800.0,,,,,,hilmarmercedca,Hilmar,Merced,CA
967351,2006-11-30,hilmarmercedca,,,,,,,,,,,,,,,,,,,,,,,,,,,,,,,,,,,,,,,,,,,,,,,,,,,,,,228.0,91.99,3.44,,,,,,,,,,,4.6205,,,326100.0,386200.0,,330600.0,,,330600.0,331400.0,388000.0,,,,,,hilmarmercedca,Hilmar,Merced,CA
967352,2006-12-31,hilmarmercedca,,,,,,,,,,,,,,,,,,,,,,,,,,,,,,,,,,,,,,,,,,,,,,,,,,,,,,225.0,96.95,1.06,,,,,,,,,,,4.2244,,,321900.0,381200.0,,326000.0,,,326000.0,326600.0,383100.0,,,,,,hilmarmercedca,Hilmar,Merced,CA
967353,2007-01-31,hilmarmercedca,3.8344,,,,,,,,,,,,,,,,,,,,,,,,,,,,,,,,,,,,,,,,,,,,,,,,,,,,,222.0,98.28,0.93,,,,,,,,,,,4.2244,,,317400.0,374400.0,,320300.0,,,320300.0,320700.0,375500.0,,,,,,hilmarmercedca,Hilmar,Merced,CA
967354,2007-02-28,hilmarmercedca,7.3395,,,,,,,,,,,,,,,,,,,,,,,,,,,,,,,,,,,,,,,,,,,,,,,,,,,,,218.0,98.15,1.06,,,,,,,,,,,4.2244,,,313100.0,369900.0,,315000.0,,,315000.0,315100.0,369700.0,,,,,,hilmarmercedca,Hilmar,Merced,CA
967355,2007-03-31,hilmarmercedca,11.282,,,,,,,,,,,,,,,,,,,,,,,,,,,,,,,,,,,,,,,,,,,,,,,,,,,,,215.0,98.41,0.73,,,,,,,,,,,4.4224,,,310500.0,367400.0,,312000.0,,,312000.0,312000.0,365800.0,,,,,,hilmarmercedca,Hilmar,Merced,CA
967356,2007-04-30,hilmarmercedca,6.2076,,,,,,,,,,,,,,,,,,,,,,,,,,,,,,,,,,,,,,,,,,,,,,,,,,,,,212.0,98.87,0.2,,,,,,,,,,,4.1584,,,308500.0,364400.0,,309700.0,,,309700.0,310000.0,362400.0,,,,,,hilmarmercedca,Hilmar,Merced,CA
967357,2007-05-31,hilmarmercedca,6.1006,,,,,,,,,,,,,,,,,,,,,,,,,,,,,,,,,,,,,,,,,,,,,,,,,,,,,209.0,99.74,0.07,,,,,,,,,,,3.6964,,,304100.0,359700.0,,305400.0,,,305400.0,305700.0,358400.0,,,,,,hilmarmercedca,Hilmar,Merced,CA
967358,2007-06-30,hilmarmercedca,,,,,,,,,,,,,,,,,,,,,,,,,,,,,,,,,,,,,,,,,,,,,,,,,,,,,,204.0,99.74,0.13,,,,,,,,,,,3.3663,,,297000.0,353800.0,,298800.0,,,298800.0,299000.0,352900.0,,,,,,hilmarmercedca,Hilmar,Merced,CA
967359,2007-07-31,hilmarmercedca,,,,,,,,,,,,,,,,,,,,,,,,,,,,,,,,,,,,,,,,,,,,,,,,,,,,,,199.0,99.8,0.07,,,,,,,,,,,3.4323,,,287700.0,345600.0,,290200.0,,,290200.0,290500.0,345500.0,,,,,,hilmarmercedca,Hilmar,Merced,CA
967360,2007-08-31,hilmarmercedca,,,,,,,,,,,,,,,,,,,,,,,,,,,,,,,,,,,,,,,,,,,,,,,,,,,,,,193.0,100.0,0.0,,,,,,,,,,,3.5644,,,278800.0,339500.0,,282300.0,,,282300.0,282800.0,339200.0,,,,,,hilmarmercedca,Hilmar,Merced,CA
967361,2007-09-30,hilmarmercedca,6.9013,,,,,,,,,,,,,,,,,,,,,,,,,,,,,,,,,,,,,,,,,,,,,,,,,,,,,190.0,100.0,0.0,,,,,,,,,,,3.5644,,,274300.0,337200.0,,278800.0,,,278800.0,279400.0,337000.0,,,,,,hilmarmercedca,Hilmar,Merced,CA
967362,2007-10-31,hilmarmercedca,13.0344,,,,,,,,,,,,,,,,,,,,,,,,,,,,,,,,,,,,,,,,,,,,,,,,,,,,,189.0,100.0,0.0,,,,,,,,,,,3.4323,,,273800.0,335200.0,,279100.0,,,279100.0,279700.0,336400.0,,,,,,hilmarmercedca,Hilmar,Merced,CA
967363,2007-11-30,hilmarmercedca,19.3159,,,,,,,,,,,,,,,,,,,,,,,,,,,,,,,,,,,,,,,,,,,,,,,,,,,,,189.0,99.93,0.07,,,,,,,,,,,3.4323,,,274400.0,333600.0,,279800.0,,,279800.0,280700.0,336600.0,,,,,,hilmarmercedca,Hilmar,Merced,CA
967364,2007-12-31,hilmarmercedca,24.2873,,,,,,,,,,,,,,,,,,,,,,,,,,,,,,,,,,,,,,,,,,,,,,,,,,,,,190.0,99.93,0.0,,,,,,,,,,,3.4983,,,274700.0,334800.0,,280100.0,,,280100.0,280900.0,337600.0,,,,,,hilmarmercedca,Hilmar,Merced,CA
967365,2008-01-31,hilmarmercedca,21.2962,,,,,,,,,,,,,,,,,,,,,,,,,,,,,,,,,,,,,,,,,,,,,,,,,,,,,191.0,99.93,0.07,,,,,,,,,,,3.4983,,,274400.0,337000.0,,280000.0,,,280000.0,280600.0,337800.0,,,,,,hilmarmercedca,Hilmar,Merced,CA
967366,2008-02-29,hilmarmercedca,13.709000000000001,,,,,,,,,,,,,,,,,,,,,,,,,,,,,,,,,,,,,,,,,,,,,,,,,,,,,190.0,99.93,0.07,,,,,,,,,,,3.6304,,,270200.0,334800.0,,276700.0,,,276700.0,277300.0,332100.0,,,,,,hilmarmercedca,Hilmar,Merced,CA
967367,2008-03-31,hilmarmercedca,9.8006,,,,,,,,,,,,,,,,,,,,,,,,,,,,,,,,,,,,,,,,,,,,,,,,,,,,,188.0,99.6,0.26,,,,,,,,,,,3.3003,,,262400.0,332400.0,,273000.0,,,273000.0,273800.0,328100.0,,,,,,hilmarmercedca,Hilmar,Merced,CA
967368,2008-04-30,hilmarmercedca,18.2118,,,,,,,,,,,,,,,,,,,,,,,,,,,,,,,,,,,,,,,,,,,,,,,,,,,,,180.0,99.8,0.2,,,,,,,,,,,3.6304,,,249200.0,322500.0,,263400.0,,,263400.0,264500.0,319300.0,,,,,,hilmarmercedca,Hilmar,Merced,CA
967369,2008-05-31,hilmarmercedca,21.2834,,,,,,,,,,,,,,,,,,,,,,,,,,,,,,,,,,,,,,,,,,,,,,,,,,,,,166.0,100.0,0.0,,,,,,,,,,,3.9604,,,230500.0,300800.0,,245200.0,,,245200.0,246400.0,298300.0,,,,,,hilmarmercedca,Hilmar,Merced,CA
967370,2008-06-30,hilmarmercedca,15.1326,,,,,,,,,,,,,,,,,,,,,,,,,,,,,,,,,,,,,,,,,,,,,,,,,,,,,154.0,100.0,0.0,,,,,,,,,,,3.9604,,,216500.0,280400.0,,228000.0,,,228000.0,229100.0,277000.0,,,,,,hilmarmercedca,Hilmar,Merced,CA
967371,2008-07-31,hilmarmercedca,19.5541,,,,,,,,,,,,,,,,,,,,,,,,,,,,,,,,,,,,,,,,,,,,,,,,,,,,,150.0,100.0,0.0,,,,,,,,,,,4.1584,,,213100.0,271400.0,,221200.0,,,221200.0,222000.0,267700.0,,,,,,hilmarmercedca,Hilmar,Merced,CA
967372,2008-08-31,hilmarmercedca,14.2628,,,,,,,,,,,,,,,,,,,,,,,,,,,,,,,,,,,,,,,,,,,,,,,,,,,,,148.0,99.93,0.0,,,,,,,,,,,4.1584,,,212200.0,266600.0,,218100.0,,,218100.0,218900.0,264600.0,,,,,,hilmarmercedca,Hilmar,Merced,CA
967373,2008-09-30,hilmarmercedca,6.5562,,,,,,,,,,,,,,,,,,,,,,,,,,,,,,,,,,,,,,,,,,,,,,,,,,,,,148.0,99.93,0.0,,,,,,,,,,,4.0264,,,210100.0,265600.0,,216000.0,,,216000.0,216800.0,265100.0,,,,,,hilmarmercedca,Hilmar,Merced,CA
967374,2008-10-31,hilmarmercedca,5.6907,,,,,,,,,,,,,,,,,,,,,,,,,,,,,,,,,,,,,,,,,,,,,,,,,,,,,148.0,100.0,0.0,,,,,,,,,,,4.0264,,,210000.0,268200.0,,215900.0,,,215900.0,216500.0,269600.0,,,,,,hilmarmercedca,Hilmar,Merced,CA
967375,2008-11-30,hilmarmercedca,7.3605,,,,,,,,,,,,,,,,,,,,,,,,,,,,,,,,,,,,,,,,,,,,,,,,,,,,,150.0,100.0,0.0,,,,,,,,,,,3.9604,,,212300.0,270700.0,,217500.0,,,217500.0,217900.0,273000.0,,,,,,hilmarmercedca,Hilmar,Merced,CA
967376,2008-12-31,hilmarmercedca,8.1022,,,,,,,,,,,,,,,,,,,,,,,,,,,,,,,,,,,,,,,,,,,,,,,,,,,,,152.0,99.67,0.07,,,,,,,,,,,3.8944,,,214900.0,275300.0,,220500.0,,,220500.0,221000.0,277800.0,,,,,,hilmarmercedca,Hilmar,Merced,CA
967377,2009-01-31,hilmarmercedca,12.118,,,,,,,,,,,,,,,,,,,,,,,,,,,,,,,,,,,,,,,,,,,,,,,,,,,,,153.0,94.83,3.98,,,,,,,,,,,3.8284,,,216500.0,281300.0,,223400.0,,,223400.0,224000.0,284400.0,,,,,,hilmarmercedca,Hilmar,Merced,CA
967378,2009-02-28,hilmarmercedca,29.8989,,,,,,,,,,,,,,,,,,,,,,,,,,,,,,,,,,,,,,,,,,,,,,,,,,,,,154.0,94.04,4.57,,,,,,,,,,,3.9604,,,216300.0,283800.0,,223900.0,,,223900.0,224400.0,289500.0,,,,,,hilmarmercedca,Hilmar,Merced,CA
967379,2009-03-31,hilmarmercedca,32.3679,,,,,,,,,,,,,,,,,,,,,,,,,,,,,,,,,,,,,,,,,,,,,,,,,,,,,152.0,91.72,7.02,,,,,,,,,,,4.2244,,,214000.0,277900.0,,220200.0,,,220200.0,220900.0,285600.0,,,,,,hilmarmercedca,Hilmar,Merced,CA
967380,2009-04-30,hilmarmercedca,16.5637,,,,,,,,,,,,,,,,,,,,,,,,,,,,,,,,,,,,,,,,,,,,,,,,,,,,,150.0,92.51,6.1,,,,,,,,,,,3.9604,,,212400.0,271200.0,,217000.0,,,217000.0,217800.0,279400.0,,,,,,hilmarmercedca,Hilmar,Merced,CA
967381,2009-05-31,hilmarmercedca,11.0421,,,,,,,,,,,,,,,,,,,,,,,,,,,,,,,,,,,,,,,,,,,,,,,,,,,,,151.0,84.69,13.19,,,,,,,,,,,3.7624,,,214900.0,272000.0,,218900.0,,,218900.0,219500.0,281200.0,,,,,,hilmarmercedca,Hilmar,Merced,CA
967382,2009-06-30,hilmarmercedca,14.1419,,,,,,,,,,,,,,,,,,,,,,,,,,,,,,,,,,,,,,,,,,,,,,,,,,,,,150.0,49.97,39.3,,,,,,,,,,,3.3663,,,214900.0,272400.0,,220000.0,,,220000.0,220400.0,283200.0,,,,,,hilmarmercedca,Hilmar,Merced,CA
967383,2009-07-31,hilmarmercedca,22.3907,,,,,,,,,,,,,,,,,,,,,,,,,,,,,,,,,,,,,,,,,,,,,,,,,,,,,146.0,59.71,32.87,,,,,,,,,,,3.6988,,,208300.0,262900.0,,214300.0,,,214300.0,214700.0,271900.0,,,,,,hilmarmercedca,Hilmar,Merced,CA
967384,2009-08-31,hilmarmercedca,15.9058,,,,,,,,,,,,,,,,,,,,,,,,,,,,,,,,,,,,,,,,,,,,,,,,,,,,,140.0,62.49,28.43,,,,,,,,,,,3.4346,,,200500.0,251200.0,,206200.0,,,206200.0,206800.0,256700.0,,,,,,hilmarmercedca,Hilmar,Merced,CA
967385,2009-09-30,hilmarmercedca,15.8672,,,,,,,,,,,,,,,,,,,,,,,,,,,,,,,,,,,,,,,,,,,,,,,,,,,,,136.0,63.15,26.84,,,,,,,,,,,3.4278,,,195800.0,244000.0,,201100.0,,,201100.0,201500.0,248800.0,,,,,,hilmarmercedca,Hilmar,Merced,CA
967386,2009-10-31,hilmarmercedca,28.2568,,,,,,,,,,,,,,,,,,,,,,,,,,,,,,,,,,,,,,,,,,,,,,,,,,,,,131.0,73.36,18.56,,,,,,,,,,,3.5995,,,190300.0,236500.0,,194900.0,,,194900.0,195100.0,242800.0,,,,,,hilmarmercedca,Hilmar,Merced,CA
967387,2009-11-30,hilmarmercedca,37.99,,,,,,,,,,,,,,,,,,,,,,,,,,,,,,,,,,,,,,,,,,,,,,,,,,,,,128.0,87.01,8.75,,,,,,,,,,,4.123,,,184100.0,229400.0,,187700.0,,,187700.0,187900.0,237300.0,,,,,,hilmarmercedca,Hilmar,Merced,CA
967388,2009-12-31,hilmarmercedca,27.6052,,,,,,,,,,,,,,,,,,,,,,,,,,,,,,,,,,,,,,,,,,,,,,,,,,,,,120.0,92.11,4.97,,,,,,,,,,,4.3848,,,173400.0,218400.0,,176600.0,,,176600.0,176700.0,228100.0,,,,,,hilmarmercedca,Hilmar,Merced,CA
967389,2010-01-31,hilmarmercedca,15.1438,,,,,,,,,,,,,,,,,,,,,,,,,,,,,,,,,,,,,,,,,,,,,,,,,,,,,111.0,95.03,2.25,,,,,,,,,,,4.6466,,,163700.0,207200.0,,166600.0,,,166600.0,166700.0,221100.0,,,,,,hilmarmercedca,Hilmar,Merced,CA
967390,2010-02-28,hilmarmercedca,8.7759,,,,,,,,,,,,,,,,,,,,,,,,,,,,,,,,,,,,,,,,,,,,,,,,,,,,,105.0,98.08,0.99,,,,,,,,,,,4.712,,,157700.0,199000.0,,160100.0,,,160100.0,160500.0,218000.0,,,,,,hilmarmercedca,Hilmar,Merced,CA
967391,2010-03-31,hilmarmercedca,7.3159,,,,,,,,,,,,,,,,,,,,,,,,,,,,,,,,,,,,,,,,,,,,,,,,,,,,,103.0,98.28,1.06,,,,,,,,,,,4.7775,,,156200.0,193900.0,,158000.0,,,158000.0,158500.0,217400.0,,,,,,hilmarmercedca,Hilmar,Merced,CA
967392,2010-04-30,hilmarmercedca,17.3338,,,,,,,,,,,,,,,,,,,,,,,,,,,,,,,,,,,,,,,,,,,,,,,,,,,,,103.0,94.3,2.72,,,,,,,,,,,5.0393,,,155500.0,190400.0,,157000.0,,,157000.0,157500.0,215800.0,,,,,,hilmarmercedca,Hilmar,Merced,CA
967393,2010-05-31,hilmarmercedca,19.8397,,,,,,,,,,,,,,,,,,,,,,,,,,,,,,,,,,,,,,,,,,,,,,,,,,,,,105.0,95.03,2.92,,,,,,,,,,,4.8525,,,156500.0,192900.0,,157900.0,,,157900.0,158300.0,217300.0,,,,,,hilmarmercedca,Hilmar,Merced,CA
967394,2010-06-30,hilmarmercedca,20.7969,,,,,,,,,,,,,,,,,,,,,,,,,,,,,,,,,,,,,,,,,,,,,,,,,,,,,107.0,96.29,2.52,,,,,,,,,,,5.0492,,,156200.0,195200.0,,157800.0,,,157800.0,158200.0,218300.0,,,,,,hilmarmercedca,Hilmar,Merced,CA
967395,2010-07-31,hilmarmercedca,19.2304,,,,,,,,,,,,,,,,,,,,,,,,,,,,,,,,,,,,,,,,,,,,,,,,,,,,,108.0,88.54,6.89,,,,,,,,,,,4.7213,,,156200.0,196000.0,,158400.0,,,158400.0,158700.0,219000.0,,,,,,hilmarmercedca,Hilmar,Merced,CA
967396,2010-08-31,hilmarmercedca,24.7201,,,,,,,,,,,,,,,,,,,,,,,,,,,,,,,,,,,,,,,,,,,,,,,,,,,,,110.0,77.34,15.11,,,,,,,,,,,4.8525,,,157700.0,197100.0,,160200.0,,,160200.0,160400.0,220300.0,,,,,,hilmarmercedca,Hilmar,Merced,CA
967397,2010-09-30,hilmarmercedca,20.2846,,,,,,,,,,,,,,,,,,,,,,,,,,,,,,,,,,,,,,,,,,,,,,,,,,,,,110.0,76.81,15.04,,,,,,,,,,,4.9836,,,159600.0,197700.0,,161300.0,,,161300.0,161500.0,221500.0,,,,,,hilmarmercedca,Hilmar,Merced,CA
967398,2010-10-31,hilmarmercedca,9.3695,,,,,,,,,,,,,,,,,,,,,,,,,,,,,,,,,,,,,,,,,,,,,,,,,,,,,110.0,74.95,16.24,,,,,,,,,,10.74,5.2459,,,160200.0,196500.0,,160900.0,,,160900.0,161300.0,218800.0,,,,,,hilmarmercedca,Hilmar,Merced,CA
967399,2010-11-30,hilmarmercedca,10.2738,,,,,,,,,,,,,,,,,,,,,,,,,,,,,,,,,,,,,,,,,,,,,,,,,,,,,107.0,69.18,22.47,,,,,,,,,,10.71,4.9116,,,158900.0,192400.0,,159000.0,,,159000.0,159500.0,211100.0,1317.0,1317.0,0.898,,1320.0,hilmarmercedca,Hilmar,Merced,CA
967400,2010-12-31,hilmarmercedca,5.7424,,,,,,,,,,,,,,,,,,,,,,,,,,,,,,,,,,,,,,,,,,,,,,,,,,,,,105.0,70.51,19.95,,,,,,,,,,10.61,4.6466,,,158000.0,185100.0,,158000.0,,,158000.0,158300.0,202100.0,1300.0,1300.0,0.89,,1303.0,hilmarmercedca,Hilmar,Merced,CA
967401,2011-01-31,hilmarmercedca,9.3623,,,,,,,,,,,,,,,,,,,,,,,,,,,,,,,,,,,,,,,,,,,,,,,,,,,,,103.0,77.8,15.18,,,,,,,,,,11.31,4.712,,,155400.0,177200.0,,156100.0,,,156100.0,156300.0,193400.0,1259.0,1259.0,0.872,,1263.0,hilmarmercedca,Hilmar,Merced,CA
967402,2011-02-28,hilmarmercedca,8.2816,,,,,,,,,,,,,,,,,,,,,,,,,,,,,,,,,,,,,,,,,,,,,,,,,,,,,103.0,75.02,17.56,,,,,,,,,,11.79,4.4503,,,154800.0,175000.0,,156400.0,,,156400.0,156400.0,191200.0,1207.0,1207.0,0.846,,1209.0,hilmarmercedca,Hilmar,Merced,CA
967403,2011-03-31,hilmarmercedca,12.1545,,,,,,,,,,,,,,,,,,,,,,,,,,,,,,,,,,,,,,,,,,,,,,,,,,,,,105.0,70.91,22.33,,,,,,,,,,12.2,4.3194,,,157900.0,180400.0,,159300.0,,,159300.0,159300.0,196100.0,1149.0,1149.0,0.8140000000000001,,1152.0,hilmarmercedca,Hilmar,Merced,CA
967404,2011-04-30,hilmarmercedca,16.7552,,,,,,,,,,,,,,,,,,,,,,,,,,,,,,,,,,,,,,,,,,,,,,,,,,,,,107.0,70.31,21.34,,,,,,,,,,12.37,4.1885,,,162000.0,186800.0,,162500.0,,,162500.0,162500.0,201100.0,1115.0,1113.0,0.794,,1117.0,hilmarmercedca,Hilmar,Merced,CA
967405,2011-05-31,hilmarmercedca,12.9976,,,,,,,,,,,,,,,,,,,,,,,,,,,,,,,,,,,,,,,,,,,,,,,,,,,,,106.0,77.53,15.11,,,,,,,,,,12.32,4.3848,,,162100.0,185200.0,,162100.0,,,162100.0,162100.0,199800.0,1087.0,1084.0,0.778,,1088.0,hilmarmercedca,Hilmar,Merced,CA
967406,2011-06-30,hilmarmercedca,19.4099,,,,,,,,,,,,,,,,,,,,,,,,,,,,,,,,,,,,,,,,,,,,,,,,,,,,,104.0,85.49,8.88,,,,,,,,,,12.04,4.3194,,,161500.0,180800.0,,161400.0,,,161400.0,161600.0,198700.0,1072.0,1070.0,0.77,,1072.0,hilmarmercedca,Hilmar,Merced,CA
967407,2011-07-31,hilmarmercedca,29.456,,,,,,,,,,,,,,,,,,,,,,,,,,,,,,,,,,,,,,,,,,,,,,,,,,,,,102.0,88.73,6.23,,,,,,,,,,11.76,4.712,,,158000.0,178300.0,,158400.0,,,158400.0,158900.0,199200.0,1059.0,1057.0,0.764,,1060.0,hilmarmercedca,Hilmar,Merced,CA
967408,2011-08-31,hilmarmercedca,24.9244,,,,,,,,,,,,,,,,,,,,,,,,,,,,,,,,,,,,,,,,,,,,,,,,,,,,,100.0,93.51,3.11,,,,,,,,,,11.7,4.8429,,,151300.0,176100.0,,152800.0,,,152800.0,153100.0,197000.0,1047.0,1046.0,0.758,,1048.0,hilmarmercedca,Hilmar,Merced,CA
967409,2011-09-30,hilmarmercedca,18.4739,,,,,,,,,,,,,,,,,,,,,,,,,,,,,,,,,,,,,,,,,,,,,,,,,,,,,96.0,90.85,5.1,,,,,,,,,,11.68,4.712,,,143900.0,172200.0,,145800.0,,,145800.0,145900.0,189000.0,1031.0,1030.0,0.754,,1032.0,hilmarmercedca,Hilmar,Merced,CA
967410,2011-10-31,hilmarmercedca,15.1295,,,,,,,,,,,,,,,,,,,,,,,,,,,,,,,,,,,,,,,,,,,,,,,,,,,,,93.0,92.64,3.98,,,,,,,,,,11.71,4.1885,,,137800.0,169300.0,,141100.0,,,141100.0,141300.0,180900.0,1014.0,1014.0,0.748,,1015.0,hilmarmercedca,Hilmar,Merced,CA
967411,2011-11-30,hilmarmercedca,7.5583,,,,,,,,,,,,,,,,,,,,,,,,,,,,,,,,,,,,,,,,,,,,,,,,,,,,,91.0,93.44,3.51,,,,,,,,,,11.79,4.2595,,,133200.0,167400.0,,138400.0,,,138400.0,138600.0,176600.0,994.0,992.0,0.736,,994.0,hilmarmercedca,Hilmar,Merced,CA
967412,2011-12-31,hilmarmercedca,9.1727,,,,,,,,,,,,,,,,,,,,,,,,,,,,,,,,,,,,,,,,,,,,,,,,,,,,,90.0,91.92,4.51,,,,,,,,,,11.79,4.5872,,,131700.0,167400.0,,136800.0,,,136800.0,137200.0,175500.0,988.0,987.0,0.73,,988.0,hilmarmercedca,Hilmar,Merced,CA
967413,2012-01-31,hilmarmercedca,8.2336,,,,,,,,,,,,,,,,,,,,,,,,,,,,,,,,,,,,,,,,,,,,,,,,,,,,,91.0,88.14,7.16,,,,,,,,,,11.78,4.5216,,,133200.0,168800.0,,136600.0,,,136600.0,137200.0,176000.0,994.0,992.0,0.726,,993.0,hilmarmercedca,Hilmar,Merced,CA
967414,2012-02-29,hilmarmercedca,4.4532,,,,,,,,,,,,,,,,,,,,,,,,,,,,,,,,,,,,,,,,,,,,,,,,,,,,,92.0,89.2,6.63,,,,,,,,,,11.73,4.3906,,,135000.0,170400.0,,137700.0,,,137700.0,138300.0,175400.0,1012.0,1009.0,0.728,,1012.0,hilmarmercedca,Hilmar,Merced,CA
967415,2012-03-31,hilmarmercedca,,,,,,,,,,,,,,,,,,,,,,,,,,,,,,,,,,,,,,,,,,,,,,,,,,,,,,91.0,88.2,8.15,,,,,,,,,,11.72,4.2595,,,134800.0,168100.0,,137400.0,,,137400.0,137700.0,170600.0,1037.0,1034.0,0.736,,1038.0,hilmarmercedca,Hilmar,Merced,CA
967416,2012-04-30,hilmarmercedca,3.8314,,,,,,,,,,,,,,,,,,,,,,,,,,,,,,,,,,,,,,,,,,,,,,,,,,,,,91.0,86.75,7.82,,,,,,,,,,11.9,4.1284,,,134800.0,166300.0,,137100.0,,,137100.0,137100.0,166700.0,1052.0,1048.0,0.74,,1053.0,hilmarmercedca,Hilmar,Merced,CA
967417,2012-05-31,hilmarmercedca,7.3331,,,,,,,,,,,,,,,,,,,,,,,,,,,,,,,,,,,,,,,,,,,,,,,,,,,,,92.0,74.75,17.63,,,,,,,,,,12.06,4.2595,,,135600.0,165700.0,,137600.0,,,137600.0,137700.0,165200.0,1054.0,1051.0,0.736,,1055.0,hilmarmercedca,Hilmar,Merced,CA
967418,2012-06-30,hilmarmercedca,4.4052,,,,,,,,,,,,,,,,,,,,,,,,,,,,,,,,,,,,,,,,,,,,,,,,,,,,,94.0,61.9,28.83,,,,,,,,,,12.15,4.194,,,137700.0,166500.0,,139500.0,,,139500.0,139800.0,165400.0,1048.0,1045.0,0.732,,1050.0,hilmarmercedca,Hilmar,Merced,CA
967419,2012-07-31,hilmarmercedca,5.9657,,,,,,,,,,,,,,,,,,,,,,,,,,,,,,,,,,,,,,,,,,,,,,,,,,,,,95.0,54.87,36.85,,,,,,,,,,12.24,4.2595,,,139700.0,167900.0,,142000.0,,,142000.0,142400.0,166700.0,1043.0,1040.0,0.726,,1044.0,hilmarmercedca,Hilmar,Merced,CA
967420,2012-08-31,hilmarmercedca,,,,,,,,,,,,,,,,,,,,,,,,,,,,,,,,,,,,,,,,,,,,,,,,,,,,,,97.0,44.2,47.85,,,,,,,,,,12.26,3.9974,,,142500.0,169700.0,,145400.0,,,145400.0,145500.0,169200.0,1040.0,1037.0,0.7240000000000001,,1041.0,hilmarmercedca,Hilmar,Merced,CA
967421,2012-09-30,hilmarmercedca,5.2236,,,,,,,,,,,,,,,,,,,,,,,,,,,,,,,,,,,,,,,,,,,,,,,,,,,,,98.0,32.07,59.84,,,,,,,,,,12.34,3.8233,,,144000.0,169500.0,,147400.0,,,147400.0,147700.0,170000.0,1042.0,1039.0,0.7240000000000001,,1043.0,hilmarmercedca,Hilmar,Merced,CA
967422,2012-10-31,hilmarmercedca,14.2308,,,,,,,,,,,,,,,,,,,,,,,,,,,,,,,,,,,,,,,,,,,,,,,,,,,,,99.0,22.33,72.37,,,,,,,,,,12.45,3.6256,,,145100.0,170300.0,,149000.0,122500.0,,149000.0,149600.0,172000.0,1043.0,1041.0,0.726,,1043.0,hilmarmercedca,Hilmar,Merced,CA
967423,2012-11-30,hilmarmercedca,9.2308,,,,,,,,,,,,,,,,,,,,,,,,,,,,,,,,,,,,,,,,,,,,,,,,,,,,,100.0,14.71,80.52,,,,,,,,,,12.75,3.4278,,,146300.0,173400.0,,150400.0,125400.0,,150400.0,151100.0,176500.0,1033.0,1031.0,0.722,,1033.0,hilmarmercedca,Hilmar,Merced,CA
967424,2012-12-31,hilmarmercedca,7.3077,,,,,,,,,,,,,,,,,,,,,,,,,,,,,,,,,,,,,,,,,,,,,,,,,,,,,103.0,8.35,87.67,,,,,,,,,,12.99,3.5597,,,148800.0,178300.0,,153100.0,130500.0,,153100.0,153600.0,182200.0,1034.0,1032.0,0.72,,1034.0,hilmarmercedca,Hilmar,Merced,CA
967425,2013-01-31,hilmarmercedca,7.3652,,,,,,,,,,,,,,,,,,,,,,,,,,,,,,,,,,,,,,,,,,,,,,,,,,,,,106.0,5.43,90.99,,,,,,,,,,13.24,3.1641,,,151400.0,182700.0,,155600.0,135400.0,,155600.0,156100.0,186600.0,1035.0,1032.0,0.718,,1035.0,hilmarmercedca,Hilmar,Merced,CA
967426,2013-02-28,hilmarmercedca,8.271,,,,,,,,,,,,,,,,,,,,,,,,,,,,,,,,,,,,,,,,,,,,,,,,,,,,,108.0,3.11,93.97,,,,,,,,,,13.62,3.1641,,,153200.0,185200.0,,157100.0,138000.0,,157100.0,157800.0,190700.0,1030.0,1027.0,0.716,,1031.0,hilmarmercedca,Hilmar,Merced,CA
967427,2013-03-31,hilmarmercedca,4.0942,,,,,,,,,,,,,,,,,,,,,,,,,,,,,,,,,,,,,,,,,,,,,,,,,,,,,108.0,0.66,98.41,,,,,,,,,,13.85,3.2301,,,152900.0,187700.0,,156500.0,138500.0,,156500.0,157200.0,197200.0,1026.0,1024.0,0.716,,1027.0,hilmarmercedca,Hilmar,Merced,CA
967428,2013-04-30,hilmarmercedca,,,,,,,,,,,,,,,,,,,,,,,,,,,,,,,,,,,,,,,,,,,,,,,,,,,,,,108.0,0.2,99.34,,,,,,,,,,14.16,3.5597,,,152100.0,191400.0,,155900.0,137500.0,,155900.0,156500.0,204400.0,1024.0,1022.0,0.72,,1026.0,hilmarmercedca,Hilmar,Merced,CA
967429,2013-05-31,hilmarmercedca,,,,,,,,,,,,,,,,,,,,,,,,,,,,,,,,,,,,,,,,,,,,,,,,,,,,,,108.0,0.4,99.4,,,,,,,,,,14.46,3.4278,,,152800.0,196100.0,,157000.0,136300.0,,157000.0,157500.0,209600.0,1027.0,1025.0,0.7240000000000001,,1028.0,hilmarmercedca,Hilmar,Merced,CA
967430,2013-06-30,hilmarmercedca,4.1322,,,,,,,,,,,,,,,,,,,,,,,,,,,,,,,,,,,,,,,,,,,,,,,,,,,,,110.0,0.46,99.27,,,,,,,,,,14.73,3.3619,,,155000.0,202100.0,,160100.0,136200.0,,160100.0,160400.0,214800.0,1030.0,1027.0,0.726,,1030.0,hilmarmercedca,Hilmar,Merced,CA
967431,2013-07-31,hilmarmercedca,7.5655,,,,,,,,,,,,,,,,,,,,,,,,,,,,,,,,,,,,,,,,,,,,,,,,,,,,,113.0,0.2,99.6,,,,,,,,,,14.79,3.3619,,,159800.0,209200.0,,164800.0,137600.0,,164800.0,164900.0,221000.0,1035.0,1033.0,0.726,,1036.0,hilmarmercedca,Hilmar,Merced,CA
967432,2013-08-31,hilmarmercedca,4.5107,,,,,,,,,,,,,,,,,,,,,,,,,,,,,,,,,,,,,,,,,,,,,,,,,,,,,116.0,0.13,99.73,,,,,,,,,,14.92,3.8918,,,166200.0,216700.0,,170100.0,138500.0,,170100.0,170100.0,227000.0,1045.0,1043.0,0.7240000000000001,,1045.0,hilmarmercedca,Hilmar,Merced,CA
967433,2013-09-30,hilmarmercedca,,,,,,,,,,,,,,,,,,,,,,,,,,,,,,,,,,,,,,,,,,,,,,,,,,,,,,119.0,0.2,99.73,,,,,,,,,,15.15,3.8918,,,171700.0,223600.0,,174600.0,140600.0,,174600.0,174800.0,232700.0,1061.0,1060.0,0.726,,1062.0,hilmarmercedca,Hilmar,Merced,CA
967434,2013-10-31,hilmarmercedca,3.427,,,,,,,,,,,,,,,,,,,,,,,,,,,,,,,,,,,,,,,,,,,,,,,,,,,,,123.0,0.4,99.27,,,,,,,,,,15.38,4.1557,,,176300.0,229400.0,,178900.0,144200.0,,178900.0,179300.0,237800.0,1073.0,1071.0,0.728,,1073.0,hilmarmercedca,Hilmar,Merced,CA
967435,2013-11-30,hilmarmercedca,6.2496,,,,,,,,,,,,,,,,,,,,,,,,,,,,,,,,,,,,,,,,,,,,,,,,,,,,,127.0,0.66,99.2,,,,,,,,,,15.69,4.2189,,,181700.0,234300.0,,184900.0,147900.0,,184900.0,185400.0,242800.0,1071.0,1069.0,0.7240000000000001,,1071.0,hilmarmercedca,Hilmar,Merced,CA
967436,2013-12-31,hilmarmercedca,3.7232,,,,,,,,,,,,,,,,,,,,,,,,,,,,,,,,,,,,,,,,,,,,,,,,,,,,,131.0,0.8,98.74,,,,,,,,,,15.81,4.0211,,,187800.0,239700.0,,192100.0,151400.0,,192100.0,192700.0,248100.0,1072.0,1070.0,0.726,,1072.0,hilmarmercedca,Hilmar,Merced,CA
967437,2014-01-31,hilmarmercedca,,,,,,,,,,,,,,,,,,,,,,,,,,,,,,,,,,,,,,,,,,,,,,,,,,,,,,134.0,0.86,99.01,,,,,,,,,,16.25,4.4166,,,193200.0,243400.0,,197600.0,154100.0,,197600.0,198100.0,250500.0,1075.0,1072.0,0.728,,1074.0,hilmarmercedca,Hilmar,Merced,CA
967438,2014-02-28,hilmarmercedca,,,,,,,,,,,,,,,,,,,,,,,,,,,,,,,,,,,,,,,,,,,,,,,,,,,,,,136.0,0.99,98.74,,,,,,,,,,16.72,4.3507,,,196700.0,245100.0,,200100.0,155100.0,,200100.0,200300.0,249300.0,1076.0,1074.0,0.732,,1075.0,hilmarmercedca,Hilmar,Merced,CA
967439,2014-03-31,hilmarmercedca,,,,,,,,,,,,,,,,,,,,,,,,,,,,,,,,,,,,,,,,,,,,,,,,,,,,,,136.0,1.33,98.14,,,,,,,,,,16.9,4.5485,,,198800.0,244900.0,,202300.0,156100.0,,202300.0,202600.0,247100.0,1076.0,1075.0,0.736,,1076.0,hilmarmercedca,Hilmar,Merced,CA
967440,2014-04-30,hilmarmercedca,,,,,,,,,,,,,,,,,,,,,,,,,,,,,,,,,,,,,,,,,,,,,,,,,,,,,,137.0,2.45,97.02,,,,,,,,,,17.29,4.2848,,,199400.0,244300.0,,203900.0,157700.0,,203900.0,204400.0,246500.0,1074.0,1074.0,0.736,,1074.0,hilmarmercedca,Hilmar,Merced,CA
967441,2014-05-31,hilmarmercedca,3.7908,,,,,,,,,,,,,,,,,,,,,,,,,,,,,,,,,,,,,,,,,,,,,,,,,,,,,138.0,3.32,96.15,,,,,,,,,,17.55,4.5485,,,199800.0,243900.0,,204500.0,159200.0,,204500.0,205200.0,247600.0,1069.0,1070.0,0.738,,1070.0,hilmarmercedca,Hilmar,Merced,CA
967442,2014-06-30,hilmarmercedca,,,,,,,,,,,,,,,,,,,,,,,,,,,,,,,,,,,,,,,,,,,,,,,,,,,,,,139.0,3.98,94.96,,,,,,,,,,17.88,4.7462,,,199700.0,244700.0,,204400.0,160700.0,,204400.0,205500.0,249100.0,1067.0,1067.0,0.74,,1068.0,hilmarmercedca,Hilmar,Merced,CA
967443,2014-07-31,hilmarmercedca,,,,,,,,,,,,,,,,,,,,,,,,,,,,,,,,,,,,,,,,,,,,,,,,,,,,,,140.0,3.32,95.42,,,,,,,,,,17.61,4.8121,,,199600.0,246700.0,,205000.0,161700.0,,205000.0,206000.0,251700.0,1069.0,1068.0,0.748,,1069.0,hilmarmercedca,Hilmar,Merced,CA
967444,2014-08-31,hilmarmercedca,,,,,,,,,,,,,,,,,,,,,,,,,,,,,,,,,,,,,,,,,,,,,,,,,,,,,,141.0,2.32,96.15,,,,,,,,,,17.65,4.2189,,,200400.0,249100.0,,206300.0,162600.0,,206300.0,207200.0,256500.0,1073.0,1072.0,0.7559999999999999,,1073.0,hilmarmercedca,Hilmar,Merced,CA
967445,2014-09-30,hilmarmercedca,4.6729,,,,,,,,,,,,,,,,,,,,,,,,,,,,,,,,,,,,,,,,,,,,,,,,,,,,,143.0,6.43,92.57,,,,,,,,,,17.31,4.1529,,,202300.0,251600.0,,207800.0,164800.0,,207800.0,208700.0,262300.0,1085.0,1082.0,0.768,,1086.0,hilmarmercedca,Hilmar,Merced,CA
967446,2014-10-31,hilmarmercedca,,,,,,,,,,,,,,,,,,,,,,,,,,,,,,,,,,,,,,,,,,,,,,,,,,,,,,144.0,9.21,88.34,,,,,,,,,,17.22,4.2189,,,203600.0,254000.0,,208500.0,166400.0,,208500.0,208900.0,266300.0,1094.0,1090.0,0.7759999999999999,,1096.0,hilmarmercedca,Hilmar,Merced,CA
967447,2014-11-30,hilmarmercedca,,,,,,,,,,,,,,,,,,,,,,,,,,,,,,,,,,,,,,,,,,,,,,,,,,,,,,144.0,12.26,84.76,,,,,,,,,,17.32,4.1529,,,204600.0,255600.0,,208600.0,166600.0,,208600.0,208900.0,268300.0,1095.0,1091.0,0.78,,1098.0,hilmarmercedca,Hilmar,Merced,CA
967448,2014-12-31,hilmarmercedca,,,,,,,,,,,,,,,,,,,,,,,,,,,,,,,,,,,,,,,,,,,,,,,,,,,,,,145.0,11.06,86.42,,,,,,,,,,17.58,4.2848,,,206100.0,256600.0,,209700.0,169100.0,,209700.0,210000.0,270500.0,1097.0,1093.0,0.782,,1099.0,hilmarmercedca,Hilmar,Merced,CA
967449,2015-01-31,hilmarmercedca,4.6642,,,,,,,,,,,,,,,,,,,,,,,,,,,,,,,,,,,,,,,,,,,,,,,,,,,,,147.0,12.91,82.58,,,,,,,,,,17.84,4.087,,,208100.0,258000.0,,212000.0,174400.0,,212000.0,212300.0,273800.0,1094.0,1092.0,0.782,,1096.0,hilmarmercedca,Hilmar,Merced,CA
967450,2015-02-28,hilmarmercedca,,,,,,,,,,,,,,,,,,,,,,,,,,,,,,,,,,,,,,,,,,,,,,,,,,,,,,149.0,13.77,81.26,,,,,,,,,,18.01,4.3507,,,209100.0,258900.0,,213900.0,178700.0,,213900.0,214200.0,275100.0,1095.0,1094.0,0.782,,1097.0,hilmarmercedca,Hilmar,Merced,CA
967451,2015-03-31,hilmarmercedca,4.8763,,,,,,,,,,,,,,,,,,,,,,,,,,,,,,,,,,,,,,,,,,,,,,,,,,,,,151.0,12.45,81.52,,,,,,,,,,17.9,4.3507,,,209900.0,260000.0,,215300.0,181300.0,,215300.0,215700.0,274300.0,1100.0,1099.0,0.784,,1101.0,hilmarmercedca,Hilmar,Merced,CA
967452,2015-04-30,hilmarmercedca,,,,,,,,,,,,,,,,,,,,,,,,,,,,,,,,,,,,,,,,,,,,,,,,,,,,,,152.0,14.34,79.31,,,,,,,,,,17.82,4.2189,,,212200.0,261800.0,,218400.0,183600.0,,218400.0,219000.0,274600.0,1107.0,1106.0,0.7859999999999999,,1107.0,hilmarmercedca,Hilmar,Merced,CA
967453,2015-05-31,hilmarmercedca,,,,,,,,,,,,,,,,,,,,,,,,,,,,,,,,,,,,,,,,,,,,,,,,,,,,,,155.0,19.5,73.89,,,,,,,,,,17.68,4.087,,,216800.0,264400.0,,224100.0,186400.0,,224100.0,224900.0,276400.0,1122.0,1119.0,0.7879999999999999,,1122.0,hilmarmercedca,Hilmar,Merced,CA
967454,2015-06-30,hilmarmercedca,,,,,,,,,,,,,,,,,,,,,,,,,,,,,,,,,,,,,,,,,,,,,,,,,,,,,,157.0,24.19,66.62,,,,,,,,,,17.65,4.2848,,,223000.0,267500.0,,229800.0,187600.0,,229800.0,230300.0,277800.0,1132.0,1129.0,0.7879999999999999,,1133.0,hilmarmercedca,Hilmar,Merced,CA
967455,2015-07-31,hilmarmercedca,,,,,,,,,,,,,,,,,,,,,,,,,,,,,,,,,,,,,,,,,,,,,,,,,,,,,,159.0,20.75,70.79,,,,,,,,,,17.74,4.2189,,,229400.0,270900.0,,234400.0,186400.0,,234400.0,234700.0,278200.0,1137.0,1133.0,0.7879999999999999,,1138.0,hilmarmercedca,Hilmar,Merced,CA
967456,2015-08-31,hilmarmercedca,3.8491,,,,,,,,,,,,,,,,,,,,,,,,,,,,,,,,,,,,,,,,,,,,,,,,,,,,,160.0,31.92,58.1,,,,,,,,,,17.72,4.1529,,,234700.0,272600.0,,238800.0,185900.0,,238800.0,239400.0,279100.0,1131.0,1128.0,0.7859999999999999,,1133.0,hilmarmercedca,Hilmar,Merced,CA
967457,2015-09-30,hilmarmercedca,,,,,,,,,,,,,,,,,,,,,,,,,,,,,,,,,,,,,,,,,,,,,,,,,,,,,,163.0,27.3,61.86,,,,,,,,,,17.8,4.0211,,,240300.0,272700.0,,244300.0,188900.0,,244300.0,244800.0,280600.0,1132.0,1130.0,0.7859999999999999,,1134.0,hilmarmercedca,Hilmar,Merced,CA
967458,2015-10-31,hilmarmercedca,,,,,,,,,,,,,,,,,,,,,,,,,,,,,,,,,,,,,,,,,,,,,,,,,,,,,,165.0,27.5,64.84,,,,,,,,,,17.92,3.8233,,,245300.0,270900.0,,248500.0,193000.0,,248500.0,248600.0,281400.0,1134.0,1131.0,0.784,,1134.0,hilmarmercedca,Hilmar,Merced,CA
967459,2015-11-30,hilmarmercedca,,,,,,,,,,,,,,,,,,,,,,,,,,,,,,,,,,,,,,,,,,,,,,,,,,,,,,167.0,30.2,62.13,,,,,,,,,,17.66,4.087,,,247800.0,270400.0,,249900.0,196400.0,,249900.0,249800.0,281500.0,1136.0,1134.0,0.784,,1136.0,hilmarmercedca,Hilmar,Merced,CA
967460,2015-12-31,hilmarmercedca,,,,,,,,,,,,,,,,,,,,,,,,,,,,,,,,,,,,,,,,,,,,,,,,,,,,,,167.0,32.58,61.53,,,,,,,,,,17.54,4.087,,,248200.0,272000.0,,249800.0,198900.0,,249800.0,249900.0,281500.0,1147.0,1145.0,0.792,,1149.0,hilmarmercedca,Hilmar,Merced,CA
967461,2016-01-31,hilmarmercedca,,,,,,,,,,,,,,,,,,,,,,,,,,,,,,,,,,,,,,,,,,,,,,,,,,,,,,168.0,26.24,69.2,,,,,,,,,,17.32,4.2189,,,248000.0,273900.0,,249600.0,200900.0,,249600.0,249900.0,281000.0,1165.0,1163.0,0.8059999999999999,,1166.0,hilmarmercedca,Hilmar,Merced,CA
967462,2016-02-29,hilmarmercedca,,,,,,,,,,,,,,,,,,,,,,,,,,,,,,,,,,,,,,,,,,,,,,,,,,,,,,170.0,24.98,69.99,,,,,,,,,,17.57,4.087,,,247600.0,274000.0,,249400.0,205000.0,,249400.0,249700.0,278900.0,1178.0,1177.0,0.8140000000000001,,1180.0,hilmarmercedca,Hilmar,Merced,CA
967463,2016-03-31,hilmarmercedca,,,,,,,,,,,,,,,,,,,,,,,,,,,,,,,,,,,,,,,,,,,,,,,,,,,,,,172.0,21.94,73.1,,,,,,,,,,17.57,3.8893,,,248000.0,273900.0,,250100.0,211400.0,,250100.0,250400.0,277400.0,1190.0,1189.0,0.82,,1191.0,hilmarmercedca,Hilmar,Merced,CA
967464,2016-04-30,hilmarmercedca,,,,,,,,,,,,,,,,,,,,,,,,,,,,,,,,,,,,,,,,,,,,,,,,,,,,,,174.0,21.15,72.7,,,,,,,,,,17.5,3.6915,,,248600.0,274300.0,,250900.0,216300.0,,250900.0,251300.0,277600.0,1199.0,1198.0,0.8240000000000001,,1200.0,hilmarmercedca,Hilmar,Merced,CA
967465,2016-05-31,hilmarmercedca,,,,,,,,,,,,,,,,,,,,,,,,,,,,,,,,,,,,,,,,,,,,,,,,,,,,,,174.0,13.28,83.15,,,,,,,,,,16.79,3.4278,,,248400.0,276000.0,,250800.0,218100.0,,250800.0,250900.0,278900.0,1210.0,1209.0,0.8340000000000001,,1211.0,hilmarmercedca,Hilmar,Merced,CA
967466,2016-06-30,hilmarmercedca,,,,,,,,,,,,,,,,,,,,,,,,,,,,,,,,,,,,,,,,,,,,,,,,,,,,,,174.0,14.28,81.49,,,,,,,,,,16.73,3.5597,,,247400.0,277700.0,,249800.0,218500.0,,249800.0,249900.0,279900.0,1220.0,1219.0,0.84,,1221.0,hilmarmercedca,Hilmar,Merced,CA
967467,2016-07-31,hilmarmercedca,,,,,,,,,,,,,,,,,,,,,,,,,,,,,,,,,,,,,,,,,,,,,,,,,,,,,,174.0,13.35,80.83,,,,,,,,,,16.64,3.5597,,,246000.0,278100.0,,248500.0,218700.0,,248500.0,249100.0,280100.0,1228.0,1227.0,0.8440000000000001,,1229.0,hilmarmercedca,Hilmar,Merced,CA
967468,2016-08-31,hilmarmercedca,,,,,,,,,,,,,,,,,,,,,,,,,,,,,,,,,,,,,,,,,,,,,,,,,,,,,,174.0,12.16,78.12,,,,,,,,,,16.62,3.6256,,,245600.0,279100.0,,248800.0,220400.0,,248800.0,249600.0,280800.0,1232.0,1230.0,0.846,,1233.0,hilmarmercedca,Hilmar,Merced,CA
967469,2016-09-30,hilmarmercedca,,,,,,,,,,,,,,,,,,,,,,,,,,,,,,,,,,,,,,,,,,,,,,,,,,,,,,175.0,8.86,79.71,,,,,,,,,,16.67,3.7574,,,247400.0,281900.0,,251500.0,224300.0,,251500.0,252100.0,283400.0,1236.0,1234.0,0.852,,1236.0,hilmarmercedca,Hilmar,Merced,CA
967470,2016-10-31,hilmarmercedca,,,,,,,,,,,,,,,,,,,,,,,,,,,,,,,,,,,,,,,,,,,,,,,,,,,,,,177.0,6.15,83.67,,,,,,,,,,16.72,3.4278,,,249900.0,284400.0,,253800.0,228200.0,,253800.0,254400.0,286900.0,1236.0,1235.0,0.8540000000000001,,1236.0,hilmarmercedca,Hilmar,Merced,CA
967471,2016-11-30,hilmarmercedca,,,,,,,,,,,,,,,,,,,,,,,,,,,,,,,,,,,,,,,,,,,,,,,,,,,,,,179.0,7.53,85.92,,,,,,,,,,16.85,3.4278,,,251500.0,286000.0,,254500.0,230800.0,,254500.0,255300.0,289600.0,1231.0,1231.0,0.852,,1232.0,hilmarmercedca,Hilmar,Merced,CA
967472,2016-12-31,hilmarmercedca,,,,,,,,,,,,,,,,,,,,,,,,,,,,,,,,,,,,,,,,,,,,,,,,,,,,,,180.0,6.35,87.44,,,,,,,,,,16.91,3.3619,,,252700.0,287800.0,,255400.0,233100.0,,255400.0,256200.0,291100.0,1235.0,1233.0,0.8540000000000001,,1234.0,hilmarmercedca,Hilmar,Merced,CA
967473,2017-01-31,hilmarmercedca,,,,,,,,,,,,,,,,,,,,,,,,,,,,,,,,,,,,,,,,,,,,,,,,,,,,,,182.0,7.07,88.1,,,,,,,,,,16.72,3.0982,,,253800.0,289900.0,,256600.0,234900.0,,256600.0,257500.0,291900.0,1245.0,1243.0,0.86,,1245.0,hilmarmercedca,Hilmar,Merced,CA
967474,2017-02-28,hilmarmercedca,,,,,,,,,,,,,,,,,,,,,,,,,,,,,,,,,,,,,,,,,,,,,,,,,,,,,,181.0,6.48,87.31,,,,,,,,,,16.69,3.1641,,,253800.0,291000.0,,256500.0,235100.0,,256500.0,257200.0,291000.0,1262.0,1258.0,0.872,,1262.0,hilmarmercedca,Hilmar,Merced,CA
967475,2017-03-31,hilmarmercedca,,,,,,,,,,,,,,,,,,,,,,,,,,,,,,,,,,,,,,,,,,,,,,,,,,,,,,180.0,11.63,79.38,,,,,,,,,,16.64,3.4937,,,253500.0,291000.0,,256100.0,235900.0,,256100.0,256500.0,289400.0,1278.0,1273.0,0.882,,1279.0,hilmarmercedca,Hilmar,Merced,CA
967476,2017-04-30,hilmarmercedca,3.8491,,,,,,,,,,,,,,,,,,,,,,,,,,,,,,,,,,,,,,,,,,,,,,,,,,,,,181.0,11.76,80.17,,,,,,,,,,16.8,3.7574,,,254500.0,290700.0,,256800.0,238400.0,,256800.0,257100.0,288900.0,1288.0,1282.0,0.89,,1289.0,hilmarmercedca,Hilmar,Merced,CA
967477,2017-05-31,hilmarmercedca,,,,,,,,,,,,,,,,,,,,,,,,,,,,,,,,,,,,,,,,,,,,,,,,,,,,,,182.0,8.66,85.53,,,,,,,,,,16.98,3.6915,,,256500.0,291300.0,,258500.0,239500.0,,258500.0,258900.0,289900.0,1291.0,1285.0,0.894,,1292.0,hilmarmercedca,Hilmar,Merced,CA
967478,2017-06-30,hilmarmercedca,,,,,,,,,,,,,,,,,,,,,,,,,,,,,,,,,,,,,,,,,,,,,,,,,,,,,,184.0,9.05,85.53,,,,,,,,,,16.78,3.1641,,,258500.0,292900.0,,260100.0,238800.0,,260100.0,260200.0,291200.0,1297.0,1293.0,0.9,,1298.0,hilmarmercedca,Hilmar,Merced,CA
967479,2017-07-31,hilmarmercedca,,,,,,,,,,,,,,,,,,,,,,,,,,,,,,,,,,,,,,,,,,,,,,,,,,,,,,184.0,6.54,89.03,,,,,,,,,,16.84,2.9005,,,260800.0,295100.0,,262100.0,239200.0,,262100.0,262300.0,293500.0,1303.0,1300.0,0.9059999999999999,,1304.0,hilmarmercedca,Hilmar,Merced,CA
967480,2017-08-31,hilmarmercedca,,,,,,,,,,,,,,,,,,,,,,,,,,,,,,,,,,,,,,,,,,,,,,,,,,,,,,185.0,6.28,89.56,,,,,,,,,,16.9,2.7027,,,262900.0,296900.0,,264300.0,240700.0,,264300.0,264700.0,295900.0,1314.0,1310.0,0.912,,1315.0,hilmarmercedca,Hilmar,Merced,CA
1213298,1996-04-30,livingstonmercedca,,,,,,,,,,,,,,,,,,,,,,,,,,,,,,,,,,,,,,,,,,,,,,,,,,,,,,,,,,,,,,,,,,,,,,80900.0,104700.0,,85100.0,,,85100.0,85100.0,118600.0,,,,,,livingstonmercedca,Livingston,Merced,CA
1213299,1996-05-31,livingstonmercedca,,,,,,,,,,,,,,,,,,,,,,,,,,,,,,,,,,,,,,,,,,,,,,,,,,,,,,,,,,,,,,,,,,,,,,80200.0,99700.0,,83600.0,,,83600.0,83600.0,112000.0,,,,,,livingstonmercedca,Livingston,Merced,CA
1213300,1996-06-30,livingstonmercedca,,,,,,,,,,,,,,,,,,,,,,,,,,,,,,,,,,,,,,,,,,,,,,,,,,,,,,,,,,,,,,,,,,,,,,79400.0,98200.0,,82600.0,,,82600.0,82600.0,108000.0,,,,,,livingstonmercedca,Livingston,Merced,CA
1213301,1996-07-31,livingstonmercedca,,,,,,,,,,,,,,,,,,,,,,,,,,,,,,,,,,,,,,,,,,,,,,,,,,,,,,,,,,,,,,,,,,,,,,79300.0,97900.0,,82300.0,,,82300.0,82300.0,106900.0,,,,,,livingstonmercedca,Livingston,Merced,CA
1213302,1996-08-31,livingstonmercedca,,,,,,,,,,,,,,,,,,,,,,,,,,,,,,,,,,,,,,,,,,,,,,,,,,,,,,,,,,,,,,,,,,,,,,79300.0,96900.0,,82200.0,,,82200.0,82200.0,106200.0,,,,,,livingstonmercedca,Livingston,Merced,CA
1213303,1996-09-30,livingstonmercedca,,,,,,,,,,,,,,,,,,,,,,,,,,,,,,,,,,,,,,,,,,,,,,,,,,,,,,,,,,,,,,,,,,,,,,79200.0,95900.0,,82100.0,,,82100.0,82100.0,105400.0,,,,,,livingstonmercedca,Livingston,Merced,CA
1213304,1996-10-31,livingstonmercedca,,,,,,,,,,,,,,,,,,,,,,,,,,,,,,,,,,,,,,,,,,,,,,,,,,,,,,,,,,,,,,,,,,,,,,79200.0,95200.0,,82000.0,,,82000.0,82000.0,104900.0,,,,,,livingstonmercedca,Livingston,Merced,CA
1213305,1996-11-30,livingstonmercedca,,,,,,,,,,,,,,,,,,,,,,,,,,,,,,,,,,,,,,,,,,,,,,,,,,,,,,,,,,,,,,,,,,,,,,79100.0,94700.0,,82300.0,,,82300.0,82300.0,104800.0,,,,,,livingstonmercedca,Livingston,Merced,CA
1213306,1996-12-31,livingstonmercedca,,,,,,,,,,,,,,,,,,,,,,,,,,,,,,,,,,,,,,,,,,,,,,,,,,,,,,,,,,,,,,,,,,,,,,79100.0,95500.0,,83000.0,,,83000.0,83000.0,106700.0,,,,,,livingstonmercedca,Livingston,Merced,CA
1213307,1997-01-31,livingstonmercedca,,,,,,,,,,,,,,,,,,,,,,,,,,,,,,,,,,,,,,,,,,,,,,,,,,,,,,,,,,,,,,,,,,,,,,79000.0,96800.0,,83000.0,,,83000.0,83000.0,109200.0,,,,,,livingstonmercedca,Livingston,Merced,CA
1213308,1997-02-28,livingstonmercedca,,,,,,,,,,,,,,,,,,,,,,,,,,,,,,,,,,,,,,,,,,,,,,,,,,,,,,,71.48,22.01,,,,,,,,,,,,,,79000.0,97400.0,,82400.0,,,82400.0,82400.0,110500.0,,,,,,livingstonmercedca,Livingston,Merced,CA
1213309,1997-03-31,livingstonmercedca,,,,,,,,,,,,,,,,,,,,,,,,,,,,,,,,,,,,,,,,,,,,,,,,,,,,,,,83.77,12.97,,,,,,,,,,,,,,79100.0,98200.0,,82600.0,,,82600.0,82600.0,111900.0,,,,,,livingstonmercedca,Livingston,Merced,CA
1213310,1997-04-30,livingstonmercedca,,,,,,,,,,,,,,,,,,,,,,,,,,,,,,,,,,,,,,,,,,,,,,,,,,,,,,,54.28,32.7,,,,,,,,,,,,,,79000.0,100600.0,,83000.0,,,83000.0,83000.0,113800.0,,,,,,livingstonmercedca,Livingston,Merced,CA
1213311,1997-05-31,livingstonmercedca,,,,,,,,,,,,,,,,,,,,,,,,,,,,,,,,,,,,,,,,,,,,,,,,,,,,,,,63.9,24.0,,,,,,,,,,,,,,78900.0,102300.0,,82900.0,,,82900.0,82900.0,116200.0,,,,,,livingstonmercedca,Livingston,Merced,CA
1213312,1997-06-30,livingstonmercedca,,,,,,,,,,,,,,,,,,,,,,,,,,,,,,,,,,,,,,,,,,,,,,,,,,,,,,,71.43,20.12,,,,,,,,,,,,,,79300.0,102400.0,,82900.0,,,82900.0,82900.0,119000.0,,,,,,livingstonmercedca,Livingston,Merced,CA
1213313,1997-07-31,livingstonmercedca,,,,,,,,,,,,,,,,,,,,,,,,,,,,,,,,,,,,,,,,,,,,,,,,,,,,,,,79.01,14.04,,,,,,,,,,,,,,79800.0,102000.0,,83100.0,,,83100.0,83100.0,120600.0,,,,,,livingstonmercedca,Livingston,Merced,CA
1213314,1997-08-31,livingstonmercedca,,,,,,,,,,,,,,,,,,,,,,,,,,,,,,,,,,,,,,,,,,,,,,,,,,,,,,,53.37,31.05,,,,,,,,,,,,,,80500.0,103300.0,,83600.0,,,83600.0,83600.0,121900.0,,,,,,livingstonmercedca,Livingston,Merced,CA
1213315,1997-09-30,livingstonmercedca,,,,,,,,,,,,,,,,,,,,,,,,,,,,,,,,,,,,,,,,,,,,,,,,,,,,,,,74.87,17.92,,,,,,,,,,,,,,81600.0,105800.0,,85100.0,,,85100.0,85100.0,123800.0,,,,,,livingstonmercedca,Livingston,Merced,CA
1213316,1997-10-31,livingstonmercedca,,,,,,,,,,,,,,,,,,,,,,,,,,,,,,,,,,,,,,,,,,,,,,,,,,,,,,,51.81,35.17,,,,,,,,,,,,,,82700.0,108300.0,,86800.0,,,86800.0,86800.0,125100.0,,,,,,livingstonmercedca,Livingston,Merced,CA
1213317,1997-11-30,livingstonmercedca,,,,,,,,,,,,,,,,,,,,,,,,,,,,,,,,,,,,,,,,,,,,,,,,,,,,,,,74.03,18.09,,,,,,,,,,,,,,82800.0,109200.0,,87200.0,,,87200.0,87200.0,125600.0,,,,,,livingstonmercedca,Livingston,Merced,CA
1213318,1997-12-31,livingstonmercedca,,,,,,,,,,,,,,,,,,,,,,,,,,,,,,,,,,,,,,,,,,,,,,,,,,,,,,,53.57,34.35,,,,,,,,,,,,,,82900.0,109500.0,,87000.0,,,87000.0,87000.0,126400.0,,,,,,livingstonmercedca,Livingston,Merced,CA
1213319,1998-01-31,livingstonmercedca,3.9373,,,,,,,,,,,,,,,,,,,,,,,,,,,,,,,,,,,,,,,,,,,,,,,,,,,,,,27.59,58.21,,,,,,,,,,,2.0125,,,83200.0,108800.0,,87200.0,,,87200.0,87200.0,125400.0,,,,,,livingstonmercedca,Livingston,Merced,CA
1213320,1998-02-28,livingstonmercedca,1.9598,,,,,,,,,,,,,,,,,,,,,,,,,,,,,,,,,,,,,,,,,,,,,,,,,,,,,,29.61,56.48,,,,,,,,,,,1.9084,,,83600.0,107900.0,,87300.0,,,87300.0,87300.0,123700.0,,,,,,livingstonmercedca,Livingston,Merced,CA
1213321,1998-03-31,livingstonmercedca,4.7129,,,,,,,,,,,,,,,,,,,,,,,,,,,,,,,,,,,,,,,,,,,,,,,,,,,,,,7.13,88.3,,,,,,,,,,,1.9431,,,83900.0,107800.0,,87300.0,,,87300.0,87300.0,123300.0,,,,,,livingstonmercedca,Livingston,Merced,CA
1213322,1998-04-30,livingstonmercedca,5.6674,,,,,,,,,,,,,,,,,,,,,,,,,,,,,,,,,,,,,,,,,,,,,,,,,,,,,,16.36,71.99,,,,,,,,,,,1.8737,,,84000.0,107100.0,,88000.0,,,88000.0,88000.0,124300.0,,,,,,livingstonmercedca,Livingston,Merced,CA
1213323,1998-05-31,livingstonmercedca,8.7209,,,,,,,,,,,,,,,,,,,,,,,,,,,,,,,,,,,,,,,,,,,,,,,,,,,,,,,,,,,,,,,,,,1.8737,,,,,,,,,,,,,,,,,livingstonmercedca,Livingston,Merced,CA
1213324,1998-06-30,livingstonmercedca,4.7091,,,,,,,,,,,,,,,,,,,,,,,,,,,,,,,,,,,,,,,,,,,,,,,,,,,,,,,,,,,,,,,,,,1.8043,,,,,,,,,,,,,,,,,livingstonmercedca,Livingston,Merced,CA
1213325,1998-07-31,livingstonmercedca,5.2296,,,,,,,,,,,,,,,,,,,,,,,,,,,,,,,,,,,,,,,,,,,,,,,,,,,,,,7.56,86.86,,,,,,,,,,,1.7696,,,84000.0,105700.0,,88900.0,,,88900.0,88900.0,125400.0,,,,,,livingstonmercedca,Livingston,Merced,CA
1213326,1998-08-31,livingstonmercedca,4.5669,,,,,,,,,,,,,,,,,,,,,,,,,,,,,,,,,,,,,,,,,,,,,,,,,,,,,,24.63,66.62,,,,,,,,,,,1.7349,,,84200.0,105100.0,,89400.0,,,89400.0,89400.0,126000.0,,,,,,livingstonmercedca,Livingston,Merced,CA
1213327,1998-09-30,livingstonmercedca,2.519,,,,,,,,,,,,,,,,,,,,,,,,,,,,,,,,,,,,,,,,,,,,,,,,,,,,,,16.74,67.92,,,,,,,,,,,1.7696,,,84800.0,105400.0,,89900.0,,,89900.0,89900.0,125900.0,,,,,,livingstonmercedca,Livingston,Merced,CA
1213328,1998-10-31,livingstonmercedca,4.7599,,,,,,,,,,,,,,,,,,,,,,,,,,,,,,,,,,,,,,,,,,,,,,,,,,,,,,7.26,84.27,,,,,,,,,,,1.7002,,,84700.0,106100.0,151100.0,90500.0,,,90500.0,90500.0,125500.0,,,,,,livingstonmercedca,Livingston,Merced,CA
1213329,1998-11-30,livingstonmercedca,8.6555,,,,,,,,,,,,,,,,,,,,,,,,,,,,,,,,,,,,,,,,,,,,,,,,,,,,,,5.82,89.75,,,,,,,,,,,1.7696,,,84100.0,106900.0,151200.0,90400.0,,,90400.0,90400.0,125200.0,,,,,,livingstonmercedca,Livingston,Merced,CA
1213330,1998-12-31,livingstonmercedca,9.3641,,,,,,,,,,,,,,,,,,,,,,,,,,,,,,,,,,,,,,,,,,,,,,,,,,,,,,14.05,74.27,,,,,,,,,,,2.0125,,,83600.0,107200.0,151300.0,89400.0,,,89400.0,89400.0,125200.0,,,,,,livingstonmercedca,Livingston,Merced,CA
1213331,1999-01-31,livingstonmercedca,7.702999999999999,,,,,,,,,,,,,,,,,,,,,,,,,,,,,,,,,,,,,,,,,,,,,,,,,,,,,,17.07,72.26,,,,,,,,,,,1.9778,,,83600.0,107700.0,152100.0,88500.0,,,88500.0,88500.0,124900.0,,,,,,livingstonmercedca,Livingston,Merced,CA
1213332,1999-02-28,livingstonmercedca,5.475,,,,,,,,,,,,,,,,,,,,,,,,,,,,,,,,,,,,,,,,,,,,,,,,,,,,,,23.08,62.88,,,,,,,,,,,1.9778,,,83900.0,107900.0,153400.0,88400.0,,,88400.0,88400.0,125100.0,,,,,,livingstonmercedca,Livingston,Merced,CA
1213333,1999-03-31,livingstonmercedca,4.428,,,,,,,,,,,,,,,,,,,,,,,,,,,,,,,,,,,,,,,,,,,,,,,,,,,,,,17.4,66.44,,,,,,,,,,,2.0819,,,83900.0,107300.0,154600.0,88400.0,,,88400.0,88400.0,125600.0,,,,,,livingstonmercedca,Livingston,Merced,CA
1213334,1999-04-30,livingstonmercedca,2.053,,,,,,,,,,,,,,,,,,,,,,,,,,,,,,,,,,,,,,,,,,,,,,,,,,,,,,13.03,72.55,,,,,,,,,,,2.1513,,,83700.0,106800.0,156400.0,88500.0,,,88500.0,88500.0,126300.0,,,,,,livingstonmercedca,Livingston,Merced,CA
1213335,1999-05-31,livingstonmercedca,2.6833,,,,,,,,,,,,,,,,,,,,,,,,,,,,,,,,,,,,,,,,,,,,,,,,,,,,,,28.51,64.04,,,,,,,,,,,2.2901,,,83500.0,107200.0,158900.0,88800.0,,,88800.0,88800.0,127400.0,,,,,,livingstonmercedca,Livingston,Merced,CA
1213336,1999-06-30,livingstonmercedca,3.3615,,,,,,,,,,,,,,,,,,,,,,,,,,,,,,,,,,,,,,,,,,,,,,,,,,,,,,29.66,62.21,,,,,,,,,,,2.3595,,,83400.0,108500.0,161800.0,88900.0,,,88900.0,88900.0,129000.0,,,,,,livingstonmercedca,Livingston,Merced,CA
1213337,1999-07-31,livingstonmercedca,8.1684,,,,,,,,,,,,,,,,,,,,,,,,,,,,,,,,,,,,,,,,,,,,,,,,,,,,,,25.96,64.62,,,,,,,,,,,2.2901,,,84100.0,110200.0,163200.0,89400.0,,,89400.0,89400.0,130500.0,,,,,,livingstonmercedca,Livingston,Merced,CA
1213338,1999-08-31,livingstonmercedca,4.9199,,,,,,,,,,,,,,,,,,,,,,,,,,,,,,,,,,,,,,,,,,,,,,,,,,,,,,25.67,62.31,,,,,,,,,,,2.2901,,,84800.0,112300.0,163900.0,90300.0,,,90300.0,90300.0,132400.0,,,,,,livingstonmercedca,Livingston,Merced,CA
1213339,1999-09-30,livingstonmercedca,6.0016,,,,,,,,,,,,,,,,,,,,,,,,,,,,,,,,,,,,,,,,,,,,,,,,,,,,,,13.84,80.25,,,,,,,,,,,2.3595,,,85300.0,115300.0,165300.0,90800.0,,,90800.0,90800.0,134700.0,,,,,,livingstonmercedca,Livingston,Merced,CA
1213340,1999-10-31,livingstonmercedca,2.8973,,,,,,,,,,,,,,,,,,,,,,,,,,,,,,,,,,,,,,,,,,,,,,,,,,,,,,18.64,73.78,,,,,,,,,,,2.3942,,,86000.0,118300.0,166300.0,91300.0,,,91300.0,91300.0,136900.0,,,,,,livingstonmercedca,Livingston,Merced,CA
1213341,1999-11-30,livingstonmercedca,,,,,,,,,,,,,,,,,,,,,,,,,,,,,,,,,,,,,,,,,,,,,,,,,,,,,,,53.86,35.96,,,,,,,,,,,2.3942,,,86800.0,119600.0,166600.0,92000.0,,,92000.0,92000.0,138100.0,,,,,,livingstonmercedca,Livingston,Merced,CA
1213342,1999-12-31,livingstonmercedca,2.0696,,,,,,,,,,,,,,,,,,,,,,,,,,,,,,,,,,,,,,,,,,,,,,,,,,,,,,44.94,47.0,,,,,,,,,,,2.1513,,,87400.0,119700.0,166100.0,92700.0,,,92700.0,92700.0,137500.0,,,,,,livingstonmercedca,Livingston,Merced,CA
1213343,2000-01-31,livingstonmercedca,3.5182,,,,,,,,,,,,,,,,,,,,,,,,,,,,,,,,,,,,,,,,,,,,,,,,,,,,,,51.01,37.33,,,,,,,,,,,2.2207,,,88500.0,120600.0,166700.0,94000.0,,,94000.0,94000.0,137800.0,,,,,,livingstonmercedca,Livingston,Merced,CA
1213344,2000-02-29,livingstonmercedca,2.0696,,,,,,,,,,,,,,,,,,,,,,,,,,,,,,,,,,,,,,,,,,,,,,,,,,,,,,41.79,47.07,,,,,,,,,,,2.2207,,,89700.0,122500.0,168900.0,95200.0,,,95200.0,95200.0,139400.0,,,,,,livingstonmercedca,Livingston,Merced,CA
1213345,2000-03-31,livingstonmercedca,,,,,,,,,,,,,,,,,,,,,,,,,,,,,,,,,,,,,,,,,,,,,,,,,,,,,,,48.7,42.18,,,,,,,,,,,1.9778,,,90800.0,123800.0,171900.0,95900.0,,,95900.0,95900.0,139400.0,,,,,,livingstonmercedca,Livingston,Merced,CA
1213346,2000-04-30,livingstonmercedca,,,,,,,,,,,,,,,,,,,,,,,,,,,,,,,,,,,,,,,,,,,,,,,,,,,,,,,46.59,40.4,,,,,,,,,,,1.8737,,,92100.0,123300.0,175100.0,97100.0,,,97100.0,97100.0,138600.0,,,,,,livingstonmercedca,Livingston,Merced,CA
1213347,2000-05-31,livingstonmercedca,2.0696,,,,,,,,,,,,,,,,,,,,,,,,,,,,,,,,,,,,,,,,,,,,,,,,,,,,,,30.13,61.56,,,,,,,,,,,1.8737,,,93600.0,122800.0,178600.0,98600.0,,,98600.0,98600.0,140000.0,,,,,,livingstonmercedca,Livingston,Merced,CA
1213348,2000-06-30,livingstonmercedca,3.5182,,,,,,,,,,,,,,,,,,,,,,,,,,,,,,,,,,,,,,,,,,,,,,,,,,,,,,24.33,67.99,,,,,,,,,,,1.8043,,,95200.0,123800.0,183200.0,100300.0,,,100300.0,100300.0,142100.0,,,,,,livingstonmercedca,Livingston,Merced,CA
1213349,2000-07-31,livingstonmercedca,3.8533,,,,,,,,,,,,,,,,,,,,,,,,,,,,,,,,,,,,,,,,,,,,,,,,,,,,,,23.08,69.96,,,,,,,,,15.3846,,2.1513,,,96100.0,123400.0,184100.0,101200.0,,,101200.0,101200.0,141800.0,,,,,,livingstonmercedca,Livingston,Merced,CA
1213350,2000-08-31,livingstonmercedca,1.8695,,,,,,,,,,,,,,,,,,,,,,,,,,,,,,,,,,,,,,,,,,,,,,,,,,,,,,26.54,66.94,,,,,,,,,,,2.186,,,96400.0,122400.0,183800.0,101500.0,,,101500.0,101500.0,141600.0,,,,,,livingstonmercedca,Livingston,Merced,CA
1213351,2000-09-30,livingstonmercedca,3.3191,,,,,,,,,,,,,,,,,,,,,,,,,,,,,,,,,,,,,,,,,,,,,,,,,,,,,,22.22,73.75,,,,,,,,,,,2.186,,,96600.0,122500.0,185900.0,102000.0,,,102000.0,102000.0,144100.0,,,,,,livingstonmercedca,Livingston,Merced,CA
1213352,2000-10-31,livingstonmercedca,,,,,,,,,,,,,,,,,,,,,,,,,,,,,,,,,,,,,,,,,,,,,,,,,,,,,,,22.26,72.89,,,,,,,,,,,2.0819,,,96900.0,123100.0,191800.0,102400.0,,,102400.0,102400.0,148500.0,,,,,,livingstonmercedca,Livingston,Merced,CA
1213353,2000-11-30,livingstonmercedca,2.9047,,,,,,,,,,,,,,,,,,,,,,,,,,,,,,,,,,,,,,,,,,,,,,,,,,,,,,6.24,88.53,,,,,,,,,,,2.1166,,,97000.0,122800.0,198000.0,102500.0,,,102500.0,102500.0,152100.0,,,,,,livingstonmercedca,Livingston,Merced,CA
1213354,2000-12-31,livingstonmercedca,,,,,,,,,,,,,,,,,,,,,,,,,,,,,,,,,,,,,,,,,,,,,,,,,,,,,,,11.08,87.29,,,,,,,,,,,2.2207,,,97600.0,123600.0,205200.0,103500.0,,,103500.0,103500.0,156300.0,,,,,,livingstonmercedca,Livingston,Merced,CA
1213355,2001-01-31,livingstonmercedca,,,,,,,,,,,,,,,,,,,,,,,,,,,,,,,,,,,,,,,,,,,,,,,,,,,,,,,1.82,95.97,,,,,,,,,,,2.2207,,,98400.0,124900.0,208100.0,105100.0,,,105100.0,105100.0,161400.0,,,,,,livingstonmercedca,Livingston,Merced,CA
1213356,2001-02-28,livingstonmercedca,,,,,,,,,,,,,,,,,,,,,,,,,,,,,,,,,,,,,,,,,,,,,,,,,,,,,,,2.25,97.07,,,,,,,,,,,2.4636,,,99400.0,126000.0,208300.0,106600.0,,,106600.0,106600.0,164100.0,,,,,,livingstonmercedca,Livingston,Merced,CA
1213357,2001-03-31,livingstonmercedca,3.1114,,,,,,,,,,,,,,,,,,,,,,,,,,,,,,,,,,,,,,,,,,,,,,,,,,,,,,3.21,95.3,,,,,,,,,,,2.4983,,,100900.0,127700.0,210000.0,108500.0,,,108500.0,108500.0,165100.0,,,,,,livingstonmercedca,Livingston,Merced,CA
1213358,2001-04-30,livingstonmercedca,,,,,,,,,,,,,,,,,,,,,,,,,,,,,,,,,,,,,,,,,,,,,,,,,,,,,,,4.75,93.53,,,,,,,,,,,2.533,,,102400.0,131300.0,215000.0,110600.0,,,110600.0,110600.0,166000.0,,,,,,livingstonmercedca,Livingston,Merced,CA
1213359,2001-05-31,livingstonmercedca,3.7174,,,,,,,,,,,,,,,,,,,,,,,,,,,,,,,,,,,,,,,,,,,,,,,,,,,,,,8.43,89.31,,,,,,,,,,,2.6024,,,103500.0,135200.0,219600.0,112200.0,,,112200.0,112200.0,167000.0,,,,,,livingstonmercedca,Livingston,Merced,CA
1213360,2001-06-30,livingstonmercedca,,,,,,,,,,,,,,,,,,,,,,,,,,,,,,,,,,,,,,,,,,,,,,,,,,,,,,,8.53,89.79,,,,,,,,,,,2.7412,,,104700.0,137200.0,217800.0,113100.0,,,113100.0,113100.0,167300.0,,,,,,livingstonmercedca,Livingston,Merced,CA
1213361,2001-07-31,livingstonmercedca,,,,,,,,,,,,,,,,,,,,,,,,,,,,,,,,,,,,,,,,,,,,,,,,,,,,,,,8.82,89.75,,,,,,,,,,,2.7759,,,106000.0,139200.0,217900.0,114500.0,,,114500.0,114500.0,169000.0,,,,,,livingstonmercedca,Livingston,Merced,CA
1213362,2001-08-31,livingstonmercedca,,,,,,,,,,,,,,,,,,,,,,,,,,,,,,,,,,,,,,,,,,,,,,,,,,,,,,,9.49,88.36,,,,,,,,,,,2.6024,,,106900.0,141800.0,223000.0,116500.0,,,116500.0,116500.0,169800.0,,,,,,livingstonmercedca,Livingston,Merced,CA
1213363,2001-09-30,livingstonmercedca,,,,,,,,,,,,,,,,,,,,,,,,,,,,,,,,,,,,,,,,,,,,,,,,,,,,,,,20.17,77.1,,,,,,,,,,,2.7412,,,107900.0,144000.0,230000.0,117500.0,,,117500.0,117500.0,169000.0,,,,,,livingstonmercedca,Livingston,Merced,CA
1213364,2001-10-31,livingstonmercedca,1.9194,,,,,,,,,,,,,,,,,,,,,,,,,,,,,,,,,,,,,,,,,,,,,,,,,,,,,,24.53,71.39,,,,,,,,,9.0909,,2.9493,,,109900.0,146100.0,234000.0,118400.0,,,118400.0,118400.0,167100.0,,,,,,livingstonmercedca,Livingston,Merced,CA
1213365,2001-11-30,livingstonmercedca,,,,,,,,,,,,,,,,,,,,,,,,,,,,,,,,,,,,,,,,,,,,,,,,,,,,,,,21.08,75.9,,,,,,,,,,,2.8799,,,112200.0,148700.0,238400.0,120200.0,,,120200.0,120200.0,166500.0,,,,,,livingstonmercedca,Livingston,Merced,CA
1213366,2001-12-31,livingstonmercedca,,,,,,,,,,,,,,,,,,,,,,,,,,,,,,,,,,,,,,,,,,,,,,,,,,,,,,,21.71,75.37,,,,,,,,,,,2.984,,,113700.0,150300.0,241300.0,121900.0,,,121900.0,121900.0,166900.0,,,,,,livingstonmercedca,Livingston,Merced,CA
1213367,2002-01-31,livingstonmercedca,2.0459,,,,,,,,,,,,,,,,,,,,,,,,,,,,,,,,,,,,,,,,,,,,,,,,,,,,,,23.7,71.58,,,,,,,,,,,3.0534,,,114500.0,150900.0,246200.0,122800.0,,,122800.0,122800.0,167300.0,,,,,,livingstonmercedca,Livingston,Merced,CA
1213368,2002-02-28,livingstonmercedca,,,,,,,,,,,,,,,,,,,,,,,,,,,,,,,,,,,,,,,,,,,,,,,,,,,,,,,18.52,78.93,,,,,,,,,,,2.9146,,,115600.0,151000.0,250700.0,123600.0,,,123600.0,123600.0,166400.0,,,,,,livingstonmercedca,Livingston,Merced,CA
1213369,2002-03-31,livingstonmercedca,,,,,,,,,,,,,,,,,,,,,,,,,,,,,,,,,,,,,,,,,,,,,,,,,,,,,,,11.97,85.63,,,,,,,,,,,2.9493,,,117600.0,151300.0,250200.0,125100.0,,,125100.0,125100.0,165600.0,,,,,,livingstonmercedca,Livingston,Merced,CA
1213370,2002-04-30,livingstonmercedca,,,,,,,,,,,,,,,,,,,,,,,,,,,,,,,,,,,,,,,,,,,,,,,,,,,,,,,14.04,83.55,,,,,,,,,8.3333,,3.1575,,,119900.0,153300.0,244800.0,127100.0,,,127100.0,127100.0,167600.0,,,,,,livingstonmercedca,Livingston,Merced,CA
1213371,2002-05-31,livingstonmercedca,2.7839,,,,,,,,,,,,,,,,,,,,,,,,,,,,,,,,,,,,,,,,,,,,,,,,,,,,,,10.18,86.48,,,,,,,,,,,3.1575,,,122400.0,158200.0,245100.0,129800.0,,,129800.0,129800.0,172100.0,,,,,,livingstonmercedca,Livingston,Merced,CA
1213372,2002-06-30,livingstonmercedca,,,,,,,,,,,,,,,,,,,,,,,,,,,,,,,,,,,,,,,,,,,,,,,,,,,,,,,7.59,90.15,,,,,,,,,,,2.9146,,,124800.0,164700.0,248300.0,132600.0,,,132600.0,132600.0,177700.0,,,,,,livingstonmercedca,Livingston,Merced,CA
1213373,2002-07-31,livingstonmercedca,,,,,,,,,,,,,,,,,,,,,,,,,,,,,,,,,,,,,,,,,,,,,,,,,,,,,,,6.13,92.32,,,,,,,,,,,2.6371,,,126800.0,171000.0,249500.0,134800.0,,,134800.0,134800.0,183700.0,,,,,,livingstonmercedca,Livingston,Merced,CA
1213374,2002-08-31,livingstonmercedca,,,,,,,,,,,,,,,,,,,,,,,,,,,,,,,,,,,,,,,,,,,,,,,,,,,,,,,7.45,90.45,,,,,,,,,,,2.7759,,,128500.0,175500.0,248700.0,136600.0,,,136600.0,136600.0,189800.0,,,,,,livingstonmercedca,Livingston,Merced,CA
1213375,2002-09-30,livingstonmercedca,1.7838,,,,,,,,,,,,,,,,,,,,,,,,,,,,,,,,,,,,,,,,,,,,,,,,,,,,,,5.67,92.09,,,,,,,,,,,2.7065,,,130500.0,177900.0,249200.0,139200.0,,,139200.0,139200.0,195000.0,,,,,,livingstonmercedca,Livingston,Merced,CA
1213376,2002-10-31,livingstonmercedca,,,,,,,,,,,,,,,,,,,,,,,,,,,,,,,,,,,,,,,,,,,,,,,,,,109.52040085898399,,109.52040085898399,153000.0,,2.45,96.73,,,,,,,,,6.25,,2.8105,,,132100.0,178800.0,246300.0,141900.0,,,141900.0,141900.0,197200.0,,,,,,livingstonmercedca,Livingston,Merced,CA
1213377,2002-11-30,livingstonmercedca,,,,,,,,,,,,,,,,,,,,,,,,,,,,,,,,,,,,,,,,,,,,,,,,,,,,,,,2.4,95.25,,,,,,,,,,,3.0187,,,133900.0,179600.0,243100.0,144000.0,,,144000.0,144000.0,197300.0,,,,,,livingstonmercedca,Livingston,Merced,CA
1213378,2002-12-31,livingstonmercedca,,,,,,,,,,,,,,,,,,,,,,,,,,,,,,,,,,,,,,,,,,,,,,,,,,,,,,,2.6,96.27,,,,,,,,,,,3.1228,,,136300.0,182400.0,241800.0,145900.0,,,145900.0,145900.0,198800.0,,,,,,livingstonmercedca,Livingston,Merced,CA
1213379,2003-01-31,livingstonmercedca,,,,,,,,,,,,,,,,,,,,,,,,,,,,,,,,,,,,,,,,,,,,,,,,,,,,,,,0.35,99.55,,,,,,,,,,,3.3310000000000004,,,139500.0,187000.0,242000.0,148300.0,,,148300.0,148300.0,201800.0,,,,,,livingstonmercedca,Livingston,Merced,CA
1213380,2003-02-28,livingstonmercedca,,,,,,,,,,,,,,,,,,,,,,,,,,,,,,,,,,,,,,,,,,,,,,,,,,93.0232558139535,,93.0232558139535,159000.0,,0.5,99.15,,,,,,,,,7.1429,,3.5392,,,142700.0,191300.0,242000.0,150800.0,,,150800.0,150800.0,205100.0,,,,,,livingstonmercedca,Livingston,Merced,CA
1213381,2003-03-31,livingstonmercedca,,,,,,,,,,,,,,,,,,,,,,,,,,,,,,,,,,,,,,,,,,,,,,,,,,90.7234,,90.7234,177235.2941,,1.0,98.35,,,,,,,,,,,3.8862,,,144800.0,193500.0,245800.0,153300.0,,,153300.0,153300.0,208900.0,,,,,,livingstonmercedca,Livingston,Merced,CA
1213382,2003-04-30,livingstonmercedca,,,,,,,,,,,,,,,,,,,,,,,,,,,,,,,,,,,,,,,,,,,,,,,,,,93.6346,,93.6346,180350.0,,0.5,99.05,,,,,,,,,3.7030000000000003,,4.1291,,,146500.0,194700.0,251000.0,156000.0,,,156000.0,156000.0,212100.0,,,,,,livingstonmercedca,Livingston,Merced,CA
1213383,2003-05-31,livingstonmercedca,,,,,,,,,,,,,,,,,,,,,,,,,,,,,,,,,,,,,,,,,,,,,,,,,,97.7918,,97.7918,191250.0,,0.5,99.1,,,,,,,,,,,4.7189,,,149200.0,195600.0,251600.0,159000.0,,,159000.0,159000.0,212800.0,,,,,,livingstonmercedca,Livingston,Merced,CA
1213384,2003-06-30,livingstonmercedca,,,,,,,,,,,,,,,,,,,,,,,,,,,,,,,,,,,,,,,,,,,,,,,,,,100.7883,,100.7883,189325.0,,0.4,99.0,,,,,,,,,,,5.17,,,152000.0,196600.0,251800.0,161400.0,,,161400.0,161400.0,213400.0,,,,,,livingstonmercedca,Livingston,Merced,CA
1213385,2003-07-31,livingstonmercedca,,,,,,,,,,,,,,,,,,,,,,,,,,,,,,,,,,,,,,,,,,,,,,,,,,108.1087,,108.1087,190675.0,,0.7,98.85,,,,,,,,,,,5.517,,,155200.0,197600.0,256700.0,163800.0,,,163800.0,163800.0,214600.0,,,,,,livingstonmercedca,Livingston,Merced,CA
1213386,2003-08-31,livingstonmercedca,,,,,,,,,,,,,,,,,,,,,,,,,,,,,,,,,,,,,,,,,,,,,,,,,,114.3637,,114.3637,197450.0,,0.75,99.15,,,,,,,,,,,5.9334,,,159100.0,199000.0,262500.0,166700.0,,,166700.0,166700.0,215900.0,,,,,,livingstonmercedca,Livingston,Merced,CA
1213387,2003-09-30,livingstonmercedca,1.7519,,,,,,,,,,,,,,,,,,,,,,,,,,,,,,,,,,,,,,,,,,,,,,,,,117.3898,,117.3898,195550.0,,0.65,99.3,,,,,,,,,,,6.8355,,,162100.0,201700.0,265300.0,169900.0,,,169900.0,169900.0,217700.0,,,,,,livingstonmercedca,Livingston,Merced,CA
1213388,2003-10-31,livingstonmercedca,,,,,,,,,,,,,,,,,,,,,,,,,,,,,,,,,,,,,,,,,,,,,,,,,,125.1672,,125.1672,194500.0,,0.5,99.2,,,,,,,,,,,7.0784,,,164600.0,204400.0,267300.0,173000.0,,,173000.0,173000.0,221000.0,,,,,,livingstonmercedca,Livingston,Merced,CA
1213389,2003-11-30,livingstonmercedca,,,,,,,,,,,,,,,,,,,,,,,,,,,,,,,,,,,,,,,,,,,,,,,,,,128.6722,,128.6722,206575.0,,0.4,99.55,,,,,,,,,,,7.2866,,,167900.0,207300.0,271800.0,176500.0,,,176500.0,176500.0,225600.0,,,,,,livingstonmercedca,Livingston,Merced,CA
1213390,2003-12-31,livingstonmercedca,,,,,,,,,,,,,,,,,,,,,,,,,,,,,,,,,,,,,,,,,,,,,,,,,,131.9822,,131.9822,215175.0,,0.3,99.7,,,,,,,,,1.8519,,7.7724,,,171200.0,209900.0,279500.0,179800.0,,,179800.0,179800.0,230600.0,,,,,,livingstonmercedca,Livingston,Merced,CA
1213391,2004-01-31,livingstonmercedca,1.9194,,,,,,,,,,,,,,,,,,,,,,,,,,,,,,,,,,,,,,,,,,,,,,,,,138.0665,,138.0665,200050.0,,1.2,98.39,,,,,,,,,,,8.0153,,,173700.0,212200.0,288600.0,182700.0,,,182700.0,182700.0,234700.0,,,,,,livingstonmercedca,Livingston,Merced,CA
1213392,2004-02-29,livingstonmercedca,,,,,,,,,,,,,,,,,,,,,,,,,,,,,,,,,,,,,,,,,,,,,,,,,,139.5947,,139.5947,200225.0,,0.83,98.53,,,,,,,,,,,7.9112,,,176400.0,215400.0,295900.0,186000.0,,,186000.0,186000.0,239200.0,,,,,,livingstonmercedca,Livingston,Merced,CA
1213393,2004-03-31,livingstonmercedca,,,,,,,,,,,,,,,,,,,,,,,,,,,,,,,,,,,,,,,,,,,,,,,,,,,,,,,0.65,98.94,,,,,,,,,,,7.7377,,,180100.0,221000.0,298100.0,190400.0,,,190400.0,190400.0,244900.0,,,,,,livingstonmercedca,Livingston,Merced,CA
1213394,2004-04-30,livingstonmercedca,,,,,,,,,,,,,,,,,,,,,,,,,,,,,,,,,,,,,,,,,,,,,,,,,,136.8753,,136.8753,224153.8462,,0.74,99.08,,,,,,,,,1.7242,,8.05,,,184300.0,227300.0,300900.0,195100.0,,,195100.0,195100.0,251300.0,,,,,,livingstonmercedca,Livingston,Merced,CA
1213395,2004-05-31,livingstonmercedca,,,,,,,,,,,,,,,,,,,,,,,,,,,,,,,,,,,,,,,,,,,,,,,,,,143.6688,,143.6688,226058.8235,,0.46,99.35,,,,,,,,,,,8.1888,,,187900.0,232900.0,312000.0,199800.0,,,199800.0,199800.0,257900.0,,,,,,livingstonmercedca,Livingston,Merced,CA
1213396,2004-06-30,livingstonmercedca,,,,,,,,,,,,,,,,,,,,,,,,,,,,,,,,,,,,,,,,,,,,,,,,,,139.7205,,139.7205,235250.0,,0.46,99.45,,,,,,,,,1.8686,,8.9868,,,192000.0,238700.0,327200.0,205400.0,,,205400.0,205400.0,264900.0,,,,,,livingstonmercedca,Livingston,Merced,CA
1213397,2004-07-31,livingstonmercedca,,,,,,,,,,,,,,,,,,,,,,,,,,,,,,,,,,,,,,,,,,,,,,,,,,130.9096,,130.9096,242850.0,,0.37,99.54,,,,,,,,,,,10.34,,,197000.0,245800.0,336300.0,212500.0,,,212500.0,212500.0,272200.0,,,,,,livingstonmercedca,Livingston,Merced,CA
1213398,2004-08-31,livingstonmercedca,,,,,,,,,,,,,,,,,,,,,,,,,,,,,,,,,,,,,,,,,,,,,,,,,,132.6268,,132.6268,252200.0,,0.51,99.45,,,,,,,,,,,10.5135,,,203300.0,251700.0,340800.0,220000.0,,,220000.0,220000.0,278700.0,,,,,,livingstonmercedca,Livingston,Merced,CA
1213399,2004-09-30,livingstonmercedca,,,,,,,,,,,,,,,,,,,,,,,,,,,,,,,,,,,,,,,,,,,,,,,,,,145.8358,,145.8358,250350.0,,0.28,99.63,,,,,,,,,,,10.3053,,,209600.0,256200.0,346900.0,227100.0,,,227100.0,227100.0,284800.0,,,,,,livingstonmercedca,Livingston,Merced,CA
1213400,2004-10-31,livingstonmercedca,,,,,,,,,,,,,,,,,,,,,,,,,,,,,,,,,,,,,,,,,,,,,,,,,,145.6362,,145.6362,250050.0,,0.23,99.68,,,,,,,,,,,10.7564,,,215900.0,260900.0,353900.0,233800.0,,,233800.0,233800.0,291200.0,,,,,,livingstonmercedca,Livingston,Merced,CA
1213401,2004-11-30,livingstonmercedca,1.8762,,,,,,,,,,,,,,,,,,,,,,,,,,,,,,,,,,,,,,,,,,,,,,,,,149.5809,,149.5809,249075.0,,0.18,99.77,,,,,,,,,,,11.2075,,,221100.0,265400.0,356700.0,239300.0,,,239300.0,239300.0,297800.0,,,,,,livingstonmercedca,Livingston,Merced,CA
1213402,2004-12-31,livingstonmercedca,,,,,,,,,,,,,,,,,,,,,,,,,,,,,,,,,,,,,,,,,,,,,,,,,,160.0287,,160.0287,249725.0,,0.05,99.95,,,,,,,,,,,11.2422,,,226700.0,269700.0,358100.0,244300.0,,,244300.0,244300.0,303600.0,,,,,,livingstonmercedca,Livingston,Merced,CA
1213403,2005-01-31,livingstonmercedca,,,,,,,,,,,,,,,,,,,,,,,,,,,,,,,,,,,,,,,,,,,,,,,,,,161.5391,,161.5391,261850.0,,0.04,99.96,,,,,,,,,,,11.1728,,,232000.0,275500.0,360500.0,249700.0,,,249700.0,249700.0,310100.0,,,,,,livingstonmercedca,Livingston,Merced,CA
1213404,2005-02-28,livingstonmercedca,,,,,,,,,,,,,,,,,,,,,,,,,,,,,,,,,,,,,,,,,,,,,,,,,,,,,,,0.0,100.0,,,,,,,,,,,10.9646,,,236100.0,282700.0,365700.0,254700.0,,,254700.0,254700.0,317500.0,,,,,,livingstonmercedca,Livingston,Merced,CA
1213405,2005-03-31,livingstonmercedca,,,,,,,,,,,,,,,,,,,,,,,,,,,,,,,,,,,,,,,,,,,,,,,,,,160.2217,,160.2217,286692.3077,,0.0,100.0,,,,,,,,,5.1282,,11.034,,,239900.0,289400.0,374100.0,259600.0,,,259600.0,259600.0,324800.0,,,,,,livingstonmercedca,Livingston,Merced,CA
1213406,2005-04-30,livingstonmercedca,,,,,,,,,,,,,,,,,,,,,,,,,,,,,,,,,,,,,,,,,,,,,,,,,,176.3516,,176.3516,286676.4706,,0.0,100.0,,,,,,,,,,,10.8258,,,246800.0,297000.0,384900.0,266900.0,,,266900.0,266900.0,333600.0,,,,,,livingstonmercedca,Livingston,Merced,CA
1213407,2005-05-31,livingstonmercedca,,,,,,,,,,,,,,,,,,,,,,,,,,,,,,,,,,,,,,,,,,,,,,,,,,181.5959,,181.5959,283475.0,,0.0,100.0,,,,,,,,,,,10.5829,,,256500.0,307300.0,394400.0,277000.0,,,277000.0,277000.0,345500.0,,,,,,livingstonmercedca,Livingston,Merced,CA
1213408,2005-06-30,livingstonmercedca,,,,,,,,,,,,,,,,,,,,,,,,,,,,,,,,,,,,,,,,,,,,,,,,,,206.6842,,206.6842,283450.0,,0.0,100.0,,,,,,,,,,,9.7849,,,265800.0,319000.0,404700.0,287400.0,,,287400.0,287400.0,358500.0,,,,,,livingstonmercedca,Livingston,Merced,CA
1213409,2005-07-31,livingstonmercedca,,,,,,,,,,,,,,,,,,,,,,,,,,,,,,,,,,,,,,,,,,,,,,,,,,183.6202,,183.6202,292150.0,,0.0,100.0,,,,,,,,,2.2727,,8.7786,,,272400.0,327900.0,414800.0,295300.0,,,295300.0,295300.0,367900.0,,,,,,livingstonmercedca,Livingston,Merced,CA
1213410,2005-08-31,livingstonmercedca,,,,,,,,,,,,,,,,,,,,,,,,,,,,,,,,,,,,,,,,,,,,,,,,,,170.19799999999998,,170.19799999999998,325425.0,,0.0,100.0,,,,,,,,,,,8.847999999999999,,,277400.0,336800.0,422300.0,301300.0,,,301300.0,301300.0,375000.0,,,,,,livingstonmercedca,Livingston,Merced,CA
1213411,2005-09-30,livingstonmercedca,,,,,,,,,,,,,,,,,,,,,,,,,,,,,,,,,,,,,,,,,,,,,,,,,,177.87900000000002,,177.87900000000002,346825.0,,0.0,99.96,,,,,,,,,,,9.0909,,,282200.0,344000.0,427400.0,306700.0,,,306700.0,306700.0,381600.0,,,,,,livingstonmercedca,Livingston,Merced,CA
1213412,2005-10-31,livingstonmercedca,,,,,,,,,,,,,,,,,,,,,,,,,,,,,,,,,,,,,,,,,,,,,,,,,,185.8084,,185.8084,340000.0,,0.0,99.97,,,,,,,,,,,8.5704,,,288200.0,348800.0,436200.0,312600.0,,,312600.0,312600.0,387900.0,,,,,,livingstonmercedca,Livingston,Merced,CA
1213413,2005-11-30,livingstonmercedca,,,,,,,,,,,,,,,,,,,,,,,,,,,,,,,,,,,,,,,,,,,,,,,,,,201.2582,,201.2582,331500.0,,0.03,99.97,,,,,,,,,,,8.3276,,,294300.0,353900.0,444800.0,320100.0,,,320100.0,320100.0,393500.0,,,,,,livingstonmercedca,Livingston,Merced,CA
1213414,2005-12-31,livingstonmercedca,,,,,,,,,,,,,,,,,,,,,,,,,,,,,,,,,,,,,,,,,,,,,,,,,,,,,,,0.03,99.93,,,,,,,,,,,7.8071,,,297500.0,360800.0,448400.0,325800.0,,,325800.0,325800.0,396400.0,,,,,,livingstonmercedca,Livingston,Merced,CA
1213415,2006-01-31,livingstonmercedca,,,,,,,,,,,,,,,,,,,,,,,,,,,,,,,,,,,,,,,,,,,,,,,,,,165.7306,,165.7306,384384.6154,,0.07,99.72,,,,,,,,,,,7.7377,,,297200.0,365300.0,449300.0,326500.0,,,326500.0,326500.0,395800.0,,,,,,livingstonmercedca,Livingston,Merced,CA
1213416,2006-02-28,livingstonmercedca,,,,,,,,,,,,,,,,,,,,,,,,,,,,,,,,,,,,,,,,,,,,,,,,,,157.4914,,157.4914,400411.7647,,0.35,99.62,,,,,,,,,,,8.05,,,295600.0,366100.0,449300.0,324400.0,,,324400.0,324400.0,392600.0,,,,,,livingstonmercedca,Livingston,Merced,CA
1213417,2006-03-31,livingstonmercedca,1.9128,,,,,,,,,,,,,,,,,,,,,,,,,,,,,,,,,,,,,,,,,,,,,,,,,192.2305,,192.2305,382150.0,,0.45,99.45,,,,,,,,,,,8.0153,,,293800.0,363100.0,446400.0,322000.0,,,322000.0,322000.0,388600.0,,,,,,livingstonmercedca,Livingston,Merced,CA
1213418,2006-04-30,livingstonmercedca,,,,,,,,,,,,,,,,,,,,,,,,,,,,,,,,,,,,,,,,,,,,,,,,,,226.8453,,226.8453,337400.0,,0.24,99.41,,,,,,,,,2.9412,,7.8418,,,294800.0,359800.0,444700.0,320100.0,,,320100.0,320100.0,386300.0,,,,,,livingstonmercedca,Livingston,Merced,CA
1213419,2006-05-31,livingstonmercedca,2.4866,,,,,,,,,,,,,,,,,,,,,,,,,,,,,,,,,,,,,,,,,,,,,,,,,219.0152,,219.0152,338350.0,,2.12,95.84,,,,,,,,,,,8.1541,,,297500.0,356100.0,444100.0,318600.0,,,318600.0,318600.0,386200.0,,,,,,livingstonmercedca,Livingston,Merced,CA
1213420,2006-06-30,livingstonmercedca,,,,,,,,,,,,,,,,,,,,,,,,,,,,,,,,,,,,,,,,,,,,,,,,,,194.5552,,194.5552,357125.0,,6.66,89.74,,,,,,,,,,,8.1888,,,298800.0,354200.0,442900.0,317700.0,,,317700.0,317700.0,387800.0,,,,,,livingstonmercedca,Livingston,Merced,CA
1213421,2006-07-31,livingstonmercedca,,,,,,,,,,,,,,,,,,,,,,,,,,,,,,,,,,,,,,,,,,,,,,,,,,,,,,,11.93,78.95,,,,,,,,,,,7.702999999999999,,,298000.0,355400.0,442000.0,317400.0,,,317400.0,317400.0,389600.0,,,,,,livingstonmercedca,Livingston,Merced,CA
1213422,2006-08-31,livingstonmercedca,,,,,,,,,,,,,,,,,,,,,,,,,,,,,,,,,,,,,,,,,,,,,,,,,,184.3214,,184.3214,344000.0,,29.26,55.96,,,,,,,,,,,7.2172,,,296300.0,355400.0,439700.0,315300.0,,,315300.0,315300.0,388900.0,,,,,,livingstonmercedca,Livingston,Merced,CA
1213423,2006-09-30,livingstonmercedca,2.0696,,,,,,,,,,,,,,,,,,,,,,,,,,,,,,,,,,,,,,,,,,,,,,,,,180.3324,,180.3324,306176.4706,,57.42,28.85,,,,,,,,,,,6.8355,,,292200.0,351000.0,431800.0,310000.0,,,310000.0,310000.0,382800.0,,,,,,livingstonmercedca,Livingston,Merced,CA
1213424,2006-10-31,livingstonmercedca,,,,,,,,,,,,,,,,,,,,,,,,,,,,,,,,,,,,,,,,,,,,,,,,,,,,,,,80.34,11.34,,,,,,,,,,,6.2804,,,288200.0,346600.0,421700.0,304500.0,,,304500.0,304500.0,376600.0,,,,,,livingstonmercedca,Livingston,Merced,CA
1213425,2006-11-30,livingstonmercedca,,,,,,,,,,,,,,,,,,,,,,,,,,,,,,,,,,,,,,,,,,,,,,,,,,,,,,,90.78,5.96,,,,,,,,,,,5.7252,,,282600.0,341800.0,412800.0,299300.0,,,299300.0,299300.0,370200.0,,,,,,livingstonmercedca,Livingston,Merced,CA
1213426,2006-12-31,livingstonmercedca,,,,,,,,,,,,,,,,,,,,,,,,,,,,,,,,,,,,,,,,,,,,,,,,,,,,,,,96.46,2.43,,,,,,,,,,,5.6558,,,274600.0,335600.0,405500.0,292600.0,,,292600.0,292600.0,362600.0,,,,,,livingstonmercedca,Livingston,Merced,CA
1213427,2007-01-31,livingstonmercedca,,,,,,,,,,,,,,,,,,,,,,,,,,,,,,,,,,,,,,,,,,,,,,,,,,155.781584582441,,155.781584582441,327000.0,,97.82,1.49,,,,,,,,,,,5.5864,,,265800.0,329300.0,400300.0,284500.0,,,284500.0,284500.0,355100.0,,,,,,livingstonmercedca,Livingston,Merced,CA
1213428,2007-02-28,livingstonmercedca,1.7838,,,,,,,,,,,,,,,,,,,,,,,,,,,,,,,,,,,,,,,,,,,,,,,,,155.7184,,155.7184,338764.7059,,98.54,1.11,,,,,,,,,,,5.7252,,,259400.0,323500.0,396600.0,277400.0,,,277400.0,277400.0,349600.0,,,,,,livingstonmercedca,Livingston,Merced,CA
1213429,2007-03-31,livingstonmercedca,8.7534,,,,,,,,,,,,,,,,,,,,,,,,,,,,,,,,,,,,,,,,,,,,,,,,,,,,,,98.44,1.07,,,,,,,,,,,5.7599,,,256100.0,318500.0,391900.0,273000.0,,,273000.0,273000.0,344900.0,,,,,,livingstonmercedca,Livingston,Merced,CA
1213430,2007-04-30,livingstonmercedca,15.1693,,,,,,,,,,,,,,,,,,,,,,,,,,,,,,,,,,,,,,,,,,,,,,,,,148.7359,,148.7359,335076.9231,,99.48,0.24,,,,,,,,,,,5.864,,,254900.0,314500.0,386600.0,270900.0,,,270900.0,270900.0,340900.0,,,,,,livingstonmercedca,Livingston,Merced,CA
1213431,2007-05-31,livingstonmercedca,16.3227,,,,,,,,,,,,,,,,,,,,,,,,,,,,,,,,,,,,,,,,,,,,,,,,,142.1909,,142.1909,329147.0588,,99.79,0.1,,,,,,,,,,,5.4476,,,252100.0,311200.0,382200.0,268700.0,,,268700.0,268700.0,337900.0,,,,,,livingstonmercedca,Livingston,Merced,CA
1213432,2007-06-30,livingstonmercedca,11.8326,,,,,,,,,,,,,,,,,,,,,,,,,,,,,,,,,,,,,,,,,,,,,,,,,,,,,,99.86,0.1,,,,,,,,,,,5.2741,,,248000.0,306700.0,377600.0,265200.0,,,265200.0,265200.0,333800.0,,,,,,livingstonmercedca,Livingston,Merced,CA
1213433,2007-07-31,livingstonmercedca,16.1821,,,,,,,,,,,,,,,,,,,,,,,,,,,,,,,,,,,,,,,,,,,,,,,,,,,,,,99.93,0.07,,,,,,,,,,,5.517,,,244000.0,300700.0,370300.0,260300.0,,,260300.0,260300.0,328100.0,,,,,,livingstonmercedca,Livingston,Merced,CA
1213434,2007-08-31,livingstonmercedca,16.5409,,,,,,,,,,,,,,,,,,,,,,,,,,,,,,,,,,,,,,,,,,,,,,,,,,,,,,99.9,0.07,,,,,,,,,,,5.4476,,,240300.0,294900.0,362400.0,256200.0,,,256200.0,256200.0,322600.0,,,,,,livingstonmercedca,Livingston,Merced,CA
1213435,2007-09-30,livingstonmercedca,16.1465,,,,,,,,,,,,,,,,,,,,,,,,,,,,,,,,,,,,,,,,,,,,,,,,,,,,,,99.9,0.07,,,,,,,,,,,5.1006,,,235800.0,290600.0,357800.0,252700.0,,,252700.0,252700.0,318800.0,,,,,,livingstonmercedca,Livingston,Merced,CA
1213436,2007-10-31,livingstonmercedca,15.0094,,,,,,,,,,,,,,,,,,,,,,,,,,,,,,,,,,,,,,,,,,,,,,,,,,,,,,99.9,0.07,,,,,,,,,,,5.2047,,,231500.0,286700.0,355200.0,248900.0,,,248900.0,248900.0,314500.0,,,,,,livingstonmercedca,Livingston,Merced,CA
1213437,2007-11-30,livingstonmercedca,11.0723,,,,,,,,,,,,,,,,,,,,,,,,,,,,,,,,,,,,,,,,,,,,,,,,,,,,,,99.9,0.1,,,,,,,,,35.7143,,5.517,,,229100.0,283500.0,352200.0,246700.0,,,246700.0,246700.0,310000.0,,,,,,livingstonmercedca,Livingston,Merced,CA
1213438,2007-12-31,livingstonmercedca,17.8819,,,,,,,,,,,,,,,,,,,,,,,,,,,,,,,,,,,,,,,,,,,,,,,,,,,,,,99.86,0.1,,,,,,,,,,,5.5864,,,227800.0,281900.0,349800.0,247100.0,,,247100.0,247100.0,306300.0,,,,,,livingstonmercedca,Livingston,Merced,CA
1213439,2008-01-31,livingstonmercedca,25.2729,,,,,,,,,,,,,,,,,,,,,,,,,,,,,,,,,,,,,,,,,,,,,,,,,,,,,,99.58,0.14,,,,,,,,,,,5.6211,,,227000.0,281300.0,347700.0,246500.0,,,246500.0,246500.0,303400.0,,,,,,livingstonmercedca,Livingston,Merced,CA
1213440,2008-02-29,livingstonmercedca,31.9658,,,,,,,,,,,,,,,,,,,,,,,,,,,,,,,,,,,,,,,,,,,,,,,,,,,,,,99.72,0.1,,,,,,,,,,,5.4129,,,225800.0,279900.0,342300.0,244900.0,,,244900.0,244900.0,300100.0,,,,,,livingstonmercedca,Livingston,Merced,CA
1213441,2008-03-31,livingstonmercedca,36.0375,,,,,,,,,,,,,,,,,,,,,,,,,,,,,,,,,,,,,,,,,,,,,,,,,,,,,,99.76,0.14,,,,,,,,,16.6667,,5.7599,,,224300.0,278900.0,336400.0,244400.0,,,244400.0,244400.0,298500.0,,,,,,livingstonmercedca,Livingston,Merced,CA
1213442,2008-04-30,livingstonmercedca,52.6379,,,,,,,,,,,,,,,,,,,,,,,,,,,,,,,,,,,,,,,,,,,,,,,,,,,,,,99.55,0.14,,,,,,,,,36.2745,,6.2457,,,214700.0,268800.0,321300.0,234700.0,,,234700.0,234700.0,288800.0,,,,,,livingstonmercedca,Livingston,Merced,CA
1213443,2008-05-31,livingstonmercedca,67.7615,,,,,,,,,,,,,,,,,,,,,,,,,,,,,,,,,,,,,,,,,,,,,,,,,,,,,,100.0,0.0,,,,,,,,,45.0,,6.6967,,,198500.0,248500.0,296800.0,215400.0,,,215400.0,215400.0,268100.0,,,,,,livingstonmercedca,Livingston,Merced,CA
1213444,2008-06-30,livingstonmercedca,67.2712,,,,,,,,,,,,,,,,,,,,,,,,,,,,,,,,,,,,,,,,,,,,,,,,,,,,,,100.0,0.0,,,,,,,,,,,7.0437,,,183400.0,228900.0,274700.0,198400.0,,,198400.0,198400.0,247700.0,,,,,,livingstonmercedca,Livingston,Merced,CA
1213445,2008-07-31,livingstonmercedca,81.4844,,,,,,,,,,,,,,,,,,,,,,,,,,,,,,,,,,,,,,,,,,,,,,,,,,,,,,100.0,0.0,,,,,,,,,74.0385,,7.8418,,,174600.0,218300.0,264400.0,188500.0,,,188500.0,188500.0,237700.0,,,,,,livingstonmercedca,Livingston,Merced,CA
1213446,2008-08-31,livingstonmercedca,107.4353,,,,,,,,,,,,,,,,,,,,,,,,,,,,,,,,,,,,,,,,,,,,,,,,,,,,,,100.0,0.0,,,,,,,,,77.5735,,8.9521,,,168600.0,213100.0,261400.0,181400.0,,,181400.0,181400.0,233600.0,,,,,,livingstonmercedca,Livingston,Merced,CA
1213447,2008-09-30,livingstonmercedca,106.8703,,,,,,,,,,,,,,,,,,,,,,,,,,,,,,,,,,,,,,,,,,,,,,,,,,,,,,100.0,0.0,,,,,,,,,80.7452,,9.7502,,,166200.0,212700.0,262100.0,178300.0,,,178300.0,178300.0,232600.0,,,,,,livingstonmercedca,Livingston,Merced,CA
1213448,2008-10-31,livingstonmercedca,85.3321,,,,,,,,,,,,,,,,,,,,,,,,,,,,,,,,,,,,,,,,,,,,,,,,,,,,,,100.0,0.0,,,,,,,,,79.7543,,10.3747,,,161400.0,213400.0,261700.0,174800.0,,,174800.0,174800.0,231400.0,,,,,,livingstonmercedca,Livingston,Merced,CA
1213449,2008-11-30,livingstonmercedca,58.288000000000004,,,,,,,,,,,,,,,,,,,,,,,,,,,,,,,,,,,,,,,,,,,,,,,,,,,,,,100.0,0.0,,,,,,,,,81.09100000000001,,10.4094,,,154700.0,214300.0,263600.0,165900.0,,,165900.0,165900.0,230700.0,,,,,,livingstonmercedca,Livingston,Merced,CA
1213450,2008-12-31,livingstonmercedca,37.9946,,,,,,,,,,,,,,,,,,,,,,,,,,,,,,,,,,,,,,,,,,,,,,,,,,,,,,100.0,0.0,,,,,,,,,86.3235,,10.4094,,,154000.0,211900.0,262900.0,162500.0,,,162500.0,162500.0,233200.0,,,,,,livingstonmercedca,Livingston,Merced,CA
1213451,2009-01-31,livingstonmercedca,42.551,,,,,,,,,,,,,,,,,,,,,,,,,,,,,,,,,,,,,,,,,,,,,,,,,,,,,,99.41,0.45,,,,,,,,,76.5791,,10.687000000000001,,,159300.0,205200.0,255300.0,168200.0,,,168200.0,168200.0,235300.0,,,,,,livingstonmercedca,Livingston,Merced,CA
1213452,2009-02-28,livingstonmercedca,50.9694,,,,,,,,,,,,,,,,,,,,,,,,,,,,,,,,,,,,,,,,,,,,,,,,,,,,,,99.03,0.69,,,,,,,,,81.4881,,10.9646,,,160900.0,197400.0,247200.0,171500.0,,,171500.0,171500.0,233600.0,,,,,,livingstonmercedca,Livingston,Merced,CA
1213453,2009-03-31,livingstonmercedca,52.0823,,,,,,,,,,,,,,,,,,,,,,,,,,,,,,,,,,,,,,,,,,,,,,,,,,,,,,98.61,1.25,,,,,,,,,79.3095,,11.1381,,,155100.0,189900.0,241700.0,163600.0,,,163600.0,163600.0,226800.0,,,,,,livingstonmercedca,Livingston,Merced,CA
1213454,2009-04-30,livingstonmercedca,34.2272,,,,,,,,,,,,,,,,,,,,,,,,,,,,,,,,,,,,,,,,,,,,,,,,,,,,,,99.1,0.8,,,,,,,,,80.494,,10.687000000000001,,,145500.0,185000.0,237100.0,155300.0,,,155300.0,155300.0,220500.0,,,,,,livingstonmercedca,Livingston,Merced,CA
1213455,2009-05-31,livingstonmercedca,32.2534,,,,,,,,,,,,,,,,,,,,,,,,,,,,,,,,,,,,,,,,,,,,,,,,,,,,,,97.75,1.8,,,,,,,,,83.8566,,10.5482,,,138900.0,184300.0,236100.0,151500.0,,,151500.0,151500.0,217600.0,,,,,,livingstonmercedca,Livingston,Merced,CA
1213456,2009-06-30,livingstonmercedca,47.3403,,,,,,,,,,,,,,,,,,,,,,,,,,,,,,,,,,,,,,,,,,,,,,,,,,,,,,96.36,3.02,,,,,,,,,80.1551,,10.9646,,,135200.0,183800.0,235600.0,148400.0,,,148400.0,148400.0,213800.0,,,,,,livingstonmercedca,Livingston,Merced,CA
1213457,2009-07-31,livingstonmercedca,52.588,,,,,,,,,,,,,,,,,,,,,,,,,,,,,,,,,,,,,,,,,,,,,,,,,,,,,,96.43,2.81,,,,,,,,,69.1677,,11.0534,,,129800.0,178500.0,231400.0,141900.0,,,141900.0,141900.0,204600.0,,,,,,livingstonmercedca,Livingston,Merced,CA
1213458,2009-08-31,livingstonmercedca,48.2723,,,,,,,,,,,,,,,,,,,,,,,,,,,,,,,,,,,,,,,,,,,,,,,,,,,,,,96.95,2.46,,,,,,,,,69.62899999999999,,10.6029,,,123700.0,171800.0,227300.0,135300.0,,,135300.0,135300.0,196500.0,,,,,,livingstonmercedca,Livingston,Merced,CA
1213459,2009-09-30,livingstonmercedca,41.715,,,,,,,,,,,,,,,,,,,,,,,,,,,,,,,,,,,,,,,,,,,,,,,,,,,,,,97.09,2.32,,,,,,,,,71.6009,,10.6523,,,119300.0,166500.0,224900.0,130400.0,,,130400.0,130400.0,192700.0,,,,,,livingstonmercedca,Livingston,Merced,CA
1213460,2009-10-31,livingstonmercedca,30.6143,,,,,,,,,,,,,,,,,,,,,,,,,,,,,,,,,,,,,,,,,,,,,,,,,,,,,,96.74,2.43,,,,,,,,,71.5321,,9.8266,,,114900.0,161900.0,223200.0,125700.0,,,125700.0,125700.0,190700.0,,,,,,livingstonmercedca,Livingston,Merced,CA
1213461,2009-11-30,livingstonmercedca,32.8952,,,,,,,,,,,,,,,,,,,,,,,,,,,,,,,,,,,,,,,,,,,,,,,,,,,,,,95.6,3.36,,,,,,,,,65.2308,,9.8606,,,110500.0,157500.0,221700.0,122700.0,,,122700.0,122700.0,190900.0,,,,,,livingstonmercedca,Livingston,Merced,CA
1213462,2009-12-31,livingstonmercedca,31.2165,,,,,,,,,,,,,,,,,,,,,,,,,,,,,,,,,,,,,,,,,,,,,,,,,,,,,,94.21,4.47,,,,,,,,,64.718,,9.9966,,,103800.0,151700.0,220900.0,115800.0,,,115800.0,115800.0,188400.0,,,,,,livingstonmercedca,Livingston,Merced,CA
1213463,2010-01-31,livingstonmercedca,28.293000000000003,,,,,,,,,,,,,,,,,,,,,,,,,,,,,,,,,,,,,,,,,,,,,,,,,,,,,,91.78,5.58,,,,,,,,,,,9.9286,,,96600.0,147400.0,222000.0,107300.0,,,107300.0,107300.0,184600.0,,,,,,livingstonmercedca,Livingston,Merced,CA
1213464,2010-02-28,livingstonmercedca,27.2436,,,,,,,,,,,,,,,,,,,,,,,,,,,,,,,,,,,,,,,,,,,,,,,,,,,,,,86.51,10.99,,,,,,,,,63.4615,,9.5886,,,91400.0,145600.0,222600.0,102000.0,,,102000.0,102000.0,183100.0,,,,,,livingstonmercedca,Livingston,Merced,CA
1213465,2010-03-31,livingstonmercedca,36.2032,,,,,,,,,,,,,,,,,,,,,,,,,,,,,,,,,,,,,,,,,,,,,,,,,,,,,,84.71,13.07,,,,,,,,,58.4151,,9.3166,,,88900.0,147100.0,224000.0,101100.0,,,101100.0,101100.0,185300.0,,,,,,livingstonmercedca,Livingston,Merced,CA
1213466,2010-04-30,livingstonmercedca,41.0638,,,,,,,,,,,,,,,,,,,,,,,,,,,,,,,,,,,,,,,,,,,,,,,,,,,,,,79.65,17.34,,,,,,,,,,,8.7725,,,88200.0,150400.0,227000.0,101200.0,,,101200.0,101200.0,187600.0,,,,,,livingstonmercedca,Livingston,Merced,CA
1213467,2010-05-31,livingstonmercedca,40.4001,,,,,,,,,,,,,,,,,,,,,,,,,,,,,,,,,,,,,,,,,,,,,,,,,,,,,,79.51,18.48,,,,,,,,,34.6531,,8.8743,,,88900.0,154900.0,230100.0,102300.0,,,102300.0,102300.0,191200.0,,,,,,livingstonmercedca,Livingston,Merced,CA
1213468,2010-06-30,livingstonmercedca,33.8301,,,,,,,,,,,,,,,,,,,,,,,,,,,,,,,,,,,,,,,,,,,,,,,,,,,,,,78.12,19.94,,,,,,,,,46.3235,,8.1492,,,89000.0,156400.0,228400.0,101600.0,,,101600.0,101600.0,192400.0,,,,,,livingstonmercedca,Livingston,Merced,CA
1213469,2010-07-31,livingstonmercedca,26.0145,,,,,,,,,,,,,,,,,,,,,,,,,,,,,,,,,,,,,,,,,,,,,,,,,,,,,,73.34,24.38,,,,,,,,,,,7.6312,,,88900.0,156900.0,226600.0,101300.0,,,101300.0,101300.0,192300.0,,,,,,livingstonmercedca,Livingston,Merced,CA
1213470,2010-08-31,livingstonmercedca,23.6689,,,,,,,,,,,,,,,,,,,,,,,,,,,,,,,,,,,,,,,,,,,,,,,,,86.5896980461812,,86.5896980461812,150000.0,,68.13,29.37,,,,,,,,,44.2308,,7.7693,,,89100.0,158200.0,225500.0,102200.0,,,102200.0,102200.0,191500.0,,,,,,livingstonmercedca,Livingston,Merced,CA
1213471,2010-09-30,livingstonmercedca,43.7138,,,,,,,,,,,,,,,,,,,,,,,,,,,,,,,,,,,,,,,,,,,,,,,,,,,,,,65.74,31.21,,,,,,,,,42.2059,,8.1492,,,89200.0,158900.0,221100.0,102500.0,,,102500.0,102500.0,188900.0,,,,,,livingstonmercedca,Livingston,Merced,CA
1213472,2010-10-31,livingstonmercedca,35.0224,,,,,,,,,,,,,,,,,,,,,,,,,,,,,,,,,,,,,,,,,,,,,,,,,73.0248,,73.0248,111538.4615,,64.77,31.59,,,,,,,,,31.6573,7.82,8.5981,,,89700.0,157700.0,211900.0,101900.0,,,101900.0,101900.0,184000.0,,,,,,livingstonmercedca,Livingston,Merced,CA
1213473,2010-11-30,livingstonmercedca,27.3414,,,,,,,,,,,,,,,,,,,,,,,,,,,,,,,,,,,,,,,,,,,,,,,,,,,,,,61.41,33.39,,,,,,,,,,7.78,7.8938,,,89900.0,155200.0,201900.0,101300.0,,,101300.0,101300.0,177500.0,1122.0,1123.0,0.782,1108.0,1128.0,livingstonmercedca,Livingston,Merced,CA
1213474,2010-12-31,livingstonmercedca,23.1912,,,,,,,,,,,,,,,,,,,,,,,,,,,,,,,,,,,,,,,,,,,,,,,,,,,,,,65.08,27.5,,,,,,,,,64.6154,7.75,7.5784,,,90000.0,154600.0,193800.0,101300.0,,,101300.0,101300.0,172100.0,1109.0,1109.0,0.774,1084.0,1111.0,livingstonmercedca,Livingston,Merced,CA
1213475,2011-01-31,livingstonmercedca,21.5645,,,,,,,,,,,,,,,,,,,,,,,,,,,,,,,,,,,,,,,,,,,,,,,,,,,,,,71.05,21.08,,,,,,,,,70.0981,8.15,7.6817,,,89200.0,155200.0,187000.0,101300.0,,,101300.0,101300.0,168100.0,1089.0,1089.0,0.762,1050.0,1092.0,livingstonmercedca,Livingston,Merced,CA
1213476,2011-02-28,livingstonmercedca,26.5266,,,,,,,,,,,,,,,,,,,,,,,,,,,,,,,,,,,,,,,,,,,,,,,,,,,,,,61.3,27.84,,,,,,,,,57.3106,8.58,7.5439,,,89800.0,156600.0,185800.0,102200.0,,,102200.0,102300.0,167700.0,1051.0,1051.0,0.738,996.0,1054.0,livingstonmercedca,Livingston,Merced,CA
1213477,2011-03-31,livingstonmercedca,35.2046,,,,,,,,,,,,,,,,,,,,,,,,,,,,,,,,,,,,,,,,,,,,,,,,,,,,,,45.01,44.66,,,,,,,,,47.3376,8.92,7.5095,,,91700.0,157000.0,188800.0,103700.0,,,103700.0,103700.0,170000.0,1010.0,1009.0,0.7140000000000001,935.0,1012.0,livingstonmercedca,Livingston,Merced,CA
1213478,2011-04-30,livingstonmercedca,37.3988,,,,,,,,,,,,,,,,,,,,,,,,,,,,,,,,,,,,,,,,,,,,,,,,,,,,,,38.14,51.18,,,,,,,,,46.8182,9.1,7.6473,,,93500.0,157000.0,192900.0,104900.0,,,104900.0,104900.0,172500.0,979.0,977.0,0.696,885.0,980.0,livingstonmercedca,Livingston,Merced,CA
1213479,2011-05-31,livingstonmercedca,31.9097,,,,,,,,,,,,,,,,,,,,,,,,,,,,,,,,,,,,,,,,,,,,,,,,,,,,,,44.14,45.7,,,,,,,,,,9.13,7.1306,,,93400.0,155200.0,195300.0,105100.0,,,105100.0,105100.0,172500.0,958.0,955.0,0.684,849.0,959.0,livingstonmercedca,Livingston,Merced,CA
1213480,2011-06-30,livingstonmercedca,25.9986,,,,,,,,,,,,,,,,,,,,,,,,,,,,,,,,,,,,,,,,,,,,,,,,,,,,,,48.61,39.6,,,,,,,,,62.8205,9.18,7.1306,,,93100.0,154400.0,197800.0,105800.0,,,105800.0,105800.0,173900.0,945.0,942.0,0.6759999999999999,830.0,946.0,livingstonmercedca,Livingston,Merced,CA
1213481,2011-07-31,livingstonmercedca,28.5207,,,,,,,,,,,,,,,,,,,,,,,,,,,,,,,,,,,,,,,,,,,,,,,,,,,,,,55.69,32.45,,,,,,,,,61.0645,9.19,7.4061,,,92500.0,153900.0,197600.0,105500.0,,,105500.0,105500.0,175400.0,937.0,934.0,0.674,822.0,938.0,livingstonmercedca,Livingston,Merced,CA
1213482,2011-08-31,livingstonmercedca,22.1637,,,,,,,,,,,,,,,,,,,,,,,,,,,,,,,,,,,,,,,,,,,,,,,,,,,,,,69.83,22.4,,,,,,,,,65.2941,9.14,6.9583,,,90600.0,151900.0,195300.0,103700.0,,,103700.0,103700.0,173900.0,932.0,928.0,0.672,810.0,933.0,livingstonmercedca,Livingston,Merced,CA
1213483,2011-09-30,livingstonmercedca,20.4731,,,,,,,,,,,,,,,,,,,,,,,,,,,,,,,,,,,,,,,,,,,,,,,,,,,,,,72.54,20.91,,,,,,,,,,9.1,6.7172,,,88200.0,148600.0,194000.0,101600.0,,,101600.0,101600.0,170700.0,930.0,927.0,0.67,800.0,931.0,livingstonmercedca,Livingston,Merced,CA
1213484,2011-10-31,livingstonmercedca,17.1497,,,,,,,,,,,,,,,,,,,,,,,,,,,,,,,,,,,,,,,,,,,,,,,,,,,,,,67.58,22.64,,,,,,,,,,9.17,6.3383,,,87200.0,146900.0,195800.0,101300.0,,,101300.0,101300.0,169900.0,926.0,922.0,0.6679999999999999,788.0,927.0,livingstonmercedca,Livingston,Merced,CA
1213485,2011-11-30,livingstonmercedca,18.0731,,,,,,,,,,,,,,,,,,,,,,,,,,,,,,,,,,,,,,,,,,,,,,,,,,,,,,69.42,20.32,,,,,,,,,,9.19,6.306,,,87000.0,146100.0,195100.0,101300.0,,,101300.0,101300.0,168900.0,917.0,912.0,0.66,764.0,917.0,livingstonmercedca,Livingston,Merced,CA
1213486,2011-12-31,livingstonmercedca,16.6412,,,,,,,,,,,,,,,,,,,,,,,,,,,,,,,,,,,,,,,,,,,,,,,,,,,,,,62.48,28.09,,,,,,,,,,9.25,6.0648,,,86600.0,145700.0,192500.0,100900.0,,,100900.0,100900.0,166500.0,914.0,908.0,0.6579999999999999,758.0,915.0,livingstonmercedca,Livingston,Merced,CA
1213487,2012-01-31,livingstonmercedca,23.5271,,,,,,,,,,,,,,,,,,,,,,,,,,,,,,,,,,,,,,,,,,,,,,,,,,,,,,62.31,27.57,,,,,,,,,,9.27,6.0992,,,86900.0,146500.0,193700.0,100600.0,,,100600.0,100600.0,166400.0,915.0,908.0,0.6579999999999999,756.0,915.0,livingstonmercedca,Livingston,Merced,CA
1213488,2012-02-29,livingstonmercedca,18.7452,,,,,,,,,,,,,,,,,,,,,,,,,,,,,,,,,,,,,,,,,,,,,,,,,,,,,,61.93,27.39,,,,,,,,,,9.27,5.858,,,87800.0,147600.0,196600.0,100900.0,,,100900.0,100900.0,166400.0,916.0,911.0,0.662,766.0,917.0,livingstonmercedca,Livingston,Merced,CA
1213489,2012-03-31,livingstonmercedca,16.2586,,,,,,,,,,,,,,,,,,,,,,,,,,,,,,,,,,,,,,,,,,,,,,,,,,,,,,65.85,24.03,,,,,,,,,,9.25,5.5824,,,87900.0,145800.0,195500.0,100600.0,,,100600.0,100600.0,162900.0,921.0,917.0,0.6659999999999999,782.0,921.0,livingstonmercedca,Livingston,Merced,CA
1213490,2012-04-30,livingstonmercedca,10.9028,,,,,,,,,,,,,,,,,,,,,,,,,,,,,,,,,,,,,,,,,,,,,,,,,,,,,,72.88,18.45,,,,,,,,,,9.25,5.1344,,,89000.0,144600.0,195600.0,101300.0,,,101300.0,101300.0,161600.0,923.0,919.0,0.67,800.0,924.0,livingstonmercedca,Livingston,Merced,CA
1213491,2012-05-31,livingstonmercedca,10.3246,,,,,,,,,,,,,,,,,,,,,,,,,,,,,,,,,,,,,,,,,,,,,,,,,,,,,,66.23,22.61,,,,,,,,,50.0,9.29,5.0999,,,90300.0,143800.0,195500.0,102400.0,,,102400.0,102400.0,162700.0,928.0,925.0,0.67,819.0,930.0,livingstonmercedca,Livingston,Merced,CA
1213492,2012-06-30,livingstonmercedca,10.1494,,,,,,,,,,,,,,,,,,,,,,,,,,,,,,,,,,,,,,,,,,,,,,,,,,,,,,62.83,24.34,,,,,,,,,50.0,9.36,4.9276,,,91200.0,143100.0,194700.0,103800.0,,,103800.0,103800.0,164700.0,936.0,933.0,0.67,827.0,937.0,livingstonmercedca,Livingston,Merced,CA
1213493,2012-07-31,livingstonmercedca,9.11,,,,,,,,,,,,,,,,,,,,,,,,,,,,,,,,,,,,,,,,,,,,,,,,,,,,,,53.85,32.0,,,,,,,,,,9.34,4.652,,,93000.0,142800.0,194100.0,105600.0,,,105600.0,105500.0,168200.0,941.0,938.0,0.6679999999999999,826.0,941.0,livingstonmercedca,Livingston,Merced,CA
1213494,2012-08-31,livingstonmercedca,11.7565,,,,,,,,,,,,,,,,,,,,,,,,,,,,,,,,,,,,,,,,,,,,,,,,,,,,,,32.66,57.63,,,,,,,,,,9.38,4.3074,,,95700.0,143600.0,194700.0,107500.0,,,107500.0,107400.0,172600.0,941.0,937.0,0.6679999999999999,824.0,942.0,livingstonmercedca,Livingston,Merced,CA
1213495,2012-09-30,livingstonmercedca,14.742,,,,,,,,,,,,,,,,,,,,,,,,,,,,,,,,,,,,,,,,,,,,,,,,,,,,,,27.6,62.79,,,,,,,,,,9.36,4.4337,,,96300.0,142800.0,193300.0,107400.0,,,107400.0,107400.0,173800.0,941.0,936.0,0.67,821.0,942.0,livingstonmercedca,Livingston,Merced,CA
1213496,2012-10-31,livingstonmercedca,21.2814,,,,,,,,,,,,,,,,,,,,,,,,,,,,,,,,,,,,,,,,,,,,,,,,,,,,,,18.2,76.46,,,,,,,,,,9.55,4.3298,,,96100.0,142100.0,193300.0,107200.0,,,107200.0,107200.0,174900.0,941.0,937.0,0.672,826.0,943.0,livingstonmercedca,Livingston,Merced,CA
1213497,2012-11-30,livingstonmercedca,21.921999999999997,,,,,,,,,,,,,,,,,,,,,,,,,,,,,,,,,,,,,,,,,,,,,,,,,,,,,,9.95,86.2,,,,,,,,,,9.86,4.1219,,,97200.0,142900.0,195600.0,108500.0,,,108500.0,108500.0,178300.0,936.0,932.0,0.672,823.0,936.0,livingstonmercedca,Livingston,Merced,CA
1213498,2012-12-31,livingstonmercedca,16.8612,,,,,,,,,,,,,,,,,,,,,,,,,,,,,,,,,,,,,,,,,,,,,,,,,,,,,,5.72,92.37,,,,,,,,,,10.05,4.2605,,,99900.0,146200.0,200900.0,111200.0,,,111200.0,111200.0,183300.0,939.0,936.0,0.6779999999999999,835.0,940.0,livingstonmercedca,Livingston,Merced,CA
1213499,2013-01-31,livingstonmercedca,10.9542,,,,,,,,,,,,,,,,,,,,,,,,,,,,,,,,,,,,,,,,,,,,,,,,,,,,,,5.03,93.76,,,,,,,,,,10.17,4.1219,,,102400.0,150100.0,206500.0,113100.0,,,113100.0,113100.0,187000.0,942.0,939.0,0.682,840.0,943.0,livingstonmercedca,Livingston,Merced,CA
1213500,2013-02-28,livingstonmercedca,6.2258,,,,,,,,,,,,,,,,,,,,,,,,,,,,,,,,,,,,,,,,,,,,,,,,,,,,,,3.71,94.66,,,,,,,,,,10.2,4.0526,,,103800.0,151900.0,207600.0,114100.0,,,114100.0,114200.0,188700.0,948.0,946.0,0.6859999999999999,845.0,949.0,livingstonmercedca,Livingston,Merced,CA
1213501,2013-03-31,livingstonmercedca,4.494,,,,,,,,,,,,,,,,,,,,,,,,,,,,,,,,,,,,,,,,,,,,,,,,,,,,,,1.46,97.47,,,,,,,,,,10.43,3.9834,,,104700.0,153200.0,206100.0,115300.0,,,115300.0,115300.0,189700.0,955.0,954.0,0.688,854.0,956.0,livingstonmercedca,Livingston,Merced,CA
1213502,2013-04-30,livingstonmercedca,1.9945,,,,,,,,,,,,,,,,,,,,,,,,,,,,,,,,,,,,,,,,,,,,,,,,,,,,,,0.59,98.93,,,,,,,,,,10.75,4.0873,,,105800.0,155000.0,206200.0,116200.0,,,116200.0,116200.0,190500.0,966.0,964.0,0.69,862.0,967.0,livingstonmercedca,Livingston,Merced,CA
1213503,2013-05-31,livingstonmercedca,2.5540000000000003,,,,,,,,,,,,,,,,,,,,,,,,,,,,,,,,,,,,,,,,,,,,,,,,,,,,,,0.45,99.24,,,,,,,,,,11.12,3.8102,,,108300.0,159600.0,208600.0,118400.0,,,118400.0,118300.0,192700.0,976.0,973.0,0.6920000000000001,861.0,977.0,livingstonmercedca,Livingston,Merced,CA
1213504,2013-06-30,livingstonmercedca,,,,,,,,,,,,,,,,,,,,,,,,,,,,,,,,,,,,,,,,,,,,,,,,,,,,,,,0.35,99.62,,,,,,,,,,11.55,3.5677,,,112500.0,167400.0,212700.0,122700.0,,,122700.0,122700.0,197200.0,982.0,977.0,0.6920000000000001,851.0,982.0,livingstonmercedca,Livingston,Merced,CA
1213505,2013-07-31,livingstonmercedca,,,,,,,,,,,,,,,,,,,,,,,,,,,,,,,,,,,,,,,,,,,,,,,,,,,,,,,0.28,99.62,,,,,,,,,14.2857,11.99,3.6024,,,116900.0,174500.0,217200.0,127500.0,,,127500.0,127500.0,201900.0,977.0,971.0,0.688,837.0,978.0,livingstonmercedca,Livingston,Merced,CA
1213506,2013-08-31,livingstonmercedca,1.9231,,,,,,,,,,,,,,,,,,,,,,,,,,,,,,,,,,,,,,,,,,,,,,,,,,,,,,0.35,99.34,,,,,,,,,16.5775,12.12,3.6024,,,120300.0,177400.0,221300.0,130800.0,,,130800.0,130800.0,205500.0,972.0,966.0,0.6859999999999999,825.0,973.0,livingstonmercedca,Livingston,Merced,CA
1213507,2013-09-30,livingstonmercedca,,,,,,,,,,,,,,,,,,,,,,,,,,,,,,,,,,,,,,,,,,,,,,,,,,,,,,,0.52,98.86,,,,,,,,,,12.32,3.5331,,,123300.0,180600.0,227200.0,134000.0,,,134000.0,134000.0,210100.0,972.0,966.0,0.6859999999999999,817.0,973.0,livingstonmercedca,Livingston,Merced,CA
1213508,2013-10-31,livingstonmercedca,,,,,,,,,,,,,,,,,,,,,,,,,,,,,,,,,,,,,,,,,,,,,,,,,,,,,,,0.73,98.72,,,,,,,,,,12.58,3.3253,,,127100.0,185500.0,234700.0,137800.0,,,137800.0,137800.0,215600.0,977.0,972.0,0.688,811.0,977.0,livingstonmercedca,Livingston,Merced,CA
1213509,2013-11-30,livingstonmercedca,2.0816,,,,,,,,,,,,,,,,,,,,,,,,,,,,,,,,,,,,,,,,,,,,,,,,,,,,,,1.18,97.68,,,,,,,,,,12.98,3.3218,,,131400.0,190400.0,241300.0,142300.0,,,142300.0,142400.0,220300.0,973.0,967.0,0.684,800.0,973.0,livingstonmercedca,Livingston,Merced,CA
1213510,2013-12-31,livingstonmercedca,3.4954,,,,,,,,,,,,,,,,,,,,,,,,,,,,,,,,,,,,,,,,,,,,,,,,,,,,,,2.43,96.01,,,,,,,,,,13.11,3.218,,,134800.0,194100.0,246900.0,146100.0,,,146100.0,146100.0,225100.0,974.0,969.0,0.684,805.0,975.0,livingstonmercedca,Livingston,Merced,CA
1213511,2014-01-31,livingstonmercedca,4.8461,,,,,,,,,,,,,,,,,,,,,,,,,,,,,,,,,,,,,,,,,,,,,,,,,,,,,,1.6,97.43,,,,,,,,,,13.36,3.391,,,135900.0,196600.0,249200.0,147300.0,,,147300.0,147300.0,228300.0,974.0,968.0,0.682,811.0,975.0,livingstonmercedca,Livingston,Merced,CA
1213512,2014-02-28,livingstonmercedca,2.5679,,,,,,,,,,,,,,,,,,,,,,,,,,,,,,,,,,,,,,,,,,,,,,,,,,,,,,1.56,97.85,,,,,,,,,,13.45,3.3218,,,135900.0,198800.0,249300.0,147000.0,,,147000.0,147000.0,231200.0,983.0,974.0,0.684,816.0,984.0,livingstonmercedca,Livingston,Merced,CA
1213513,2014-03-31,livingstonmercedca,4.6995,,,,,,,,,,,,,,,,,,,,,,,,,,,,,,,,,,,,,,,,,,,,,,,,,,,,,,1.8,97.23,,,,,,,,,,13.35,3.391,,,136500.0,202000.0,249900.0,147900.0,,,147900.0,147900.0,235500.0,996.0,983.0,0.684,814.0,996.0,livingstonmercedca,Livingston,Merced,CA
1213514,2014-04-30,livingstonmercedca,4.7843,,,,,,,,,,,,,,,,,,,,,,,,,,,,,,,,,,,,,,,,,,,,,,,,,,,,,,2.39,96.98,,,,,,,,,,13.49,3.1488,,,137900.0,205300.0,250200.0,149700.0,,,149700.0,149900.0,240000.0,1005.0,991.0,0.684,811.0,1005.0,livingstonmercedca,Livingston,Merced,CA
1213515,2014-05-31,livingstonmercedca,2.6154,,,,,,,,,,,,,,,,,,,,,,,,,,,,,,,,,,,,,,,,,,,,,,,,,,,,,,3.74,95.04,,,,,,,,,,13.4,3.0796,,,139400.0,208400.0,252500.0,151400.0,,,151400.0,151600.0,243000.0,1009.0,994.0,0.6859999999999999,809.0,1009.0,livingstonmercedca,Livingston,Merced,CA
1213516,2014-06-30,livingstonmercedca,2.552,,,,,,,,,,,,,,,,,,,,,,,,,,,,,,,,,,,,,,,,,,,,,,,,,,,,,,5.65,92.96,,,,,,,,,,13.54,3.1142,,,139800.0,210800.0,258600.0,152500.0,,,152500.0,152600.0,244800.0,1004.0,990.0,0.6859999999999999,810.0,1003.0,livingstonmercedca,Livingston,Merced,CA
1213517,2014-07-31,livingstonmercedca,3.4309,,,,,,,,,,,,,,,,,,,,,,,,,,,,,,,,,,,,,,,,,,,,,,,,,,,,,,5.93,92.82,,,,,,,,,,13.63,2.9066,,,139600.0,213300.0,266500.0,153700.0,,,153700.0,153800.0,246700.0,997.0,986.0,0.688,812.0,997.0,livingstonmercedca,Livingston,Merced,CA
1213518,2014-08-31,livingstonmercedca,4.117,,,,,,,,,,,,,,,,,,,,,,,,,,,,,,,,,,,,,,,,,,,,,,,,,,,,,,6.76,91.5,,,,,,,,,,13.75,2.8028,,,140300.0,216900.0,272700.0,155300.0,,,155300.0,155600.0,249800.0,991.0,981.0,0.688,818.0,990.0,livingstonmercedca,Livingston,Merced,CA
1213519,2014-09-30,livingstonmercedca,5.6684,,,,,,,,,,,,,,,,,,,,,,,,,,,,,,,,,,,,,,,,,,,,,,,,,,,,,,11.3,86.58,,,,,,,,,,13.66,2.7682,,,142200.0,221100.0,278000.0,157300.0,,,157300.0,157400.0,253800.0,992.0,984.0,0.696,826.0,991.0,livingstonmercedca,Livingston,Merced,CA
1213520,2014-10-31,livingstonmercedca,6.9784,,,,,,,,,,,,,,,,,,,,,,,,,,,,,,,,,,,,,,,,,,,,,,,,,,,,,,15.6,81.17,,,,,,,,,,13.68,2.872,,,144600.0,223700.0,282000.0,159300.0,,,159300.0,159300.0,256900.0,991.0,983.0,0.7,827.0,990.0,livingstonmercedca,Livingston,Merced,CA
1213521,2014-11-30,livingstonmercedca,3.7663,,,,,,,,,,,,,,,,,,,,,,,,,,,,,,,,,,,,,,,,,,,,,,,,,,,,,,18.79,78.26,,,,,,,,,,13.68,2.8374,,,147100.0,225500.0,286200.0,161400.0,,,161400.0,161400.0,258200.0,985.0,977.0,0.7020000000000001,819.0,985.0,livingstonmercedca,Livingston,Merced,CA
1213522,2014-12-31,livingstonmercedca,,,,,,,,,,,,,,,,,,,,,,,,,,,,,,,,,,,,,,,,,,,,,,,,,,,,,,,20.87,75.87,,,,,,,,,,13.72,2.699,,,149100.0,227200.0,290800.0,163300.0,,,163300.0,163300.0,259200.0,986.0,975.0,0.7020000000000001,808.0,986.0,livingstonmercedca,Livingston,Merced,CA
1213523,2015-01-31,livingstonmercedca,2.8074,,,,,,,,,,,,,,,,,,,,,,,,,,,,,,,,,,,,,,,,,,,,,,,,,,,,,,23.27,73.02,,,,,,,,,,13.91,2.6644,,,150300.0,228400.0,294600.0,164400.0,,,164400.0,164400.0,261100.0,988.0,976.0,0.7,796.0,989.0,livingstonmercedca,Livingston,Merced,CA
1213524,2015-02-28,livingstonmercedca,3.8949,,,,,,,,,,,,,,,,,,,,,,,,,,,,,,,,,,,,,,,,,,,,,,,,,,,,,,23.79,72.71,,,,,,,,,,14.22,2.6298,,,151400.0,229700.0,297100.0,165200.0,,,165200.0,165300.0,262500.0,995.0,981.0,0.698,788.0,997.0,livingstonmercedca,Livingston,Merced,CA
1213525,2015-03-31,livingstonmercedca,2.193,,,,,,,,,,,,,,,,,,,,,,,,,,,,,,,,,,,,,,,,,,,,,,,,,,,,,,24.1,72.57,,,,,,,,,,14.22,2.6644,,,153100.0,230600.0,299100.0,166200.0,,,166200.0,166200.0,262800.0,1002.0,989.0,0.698,782.0,1005.0,livingstonmercedca,Livingston,Merced,CA
1213526,2015-04-30,livingstonmercedca,2.5027,,,,,,,,,,,,,,,,,,,,,,,,,,,,,,,,,,,,,,,,,,,,,,,,,,,,,,26.93,69.29,,,,,,,,,8.3333,14.24,3.045,,,155900.0,229900.0,300200.0,167900.0,,,167900.0,167800.0,263200.0,1008.0,997.0,0.7040000000000001,791.0,1011.0,livingstonmercedca,Livingston,Merced,CA
1213527,2015-05-31,livingstonmercedca,3.2764,,,,,,,,,,,,,,,,,,,,,,,,,,,,,,,,,,,,,,,,,,,,,,,,,,,,,,26.07,70.09,,,,,,,,,,14.15,3.0104,,,159700.0,229000.0,301400.0,169900.0,,,169900.0,170000.0,265000.0,1011.0,1002.0,0.7120000000000001,805.0,1013.0,livingstonmercedca,Livingston,Merced,CA
1213528,2015-06-30,livingstonmercedca,1.9280000000000002,,,,,,,,,,,,,,,,,,,,,,,,,,,,,,,,,,,,,,,,,,,,,,,,,,,,,,24.7,70.85,,,,,,,,,,14.0,2.9412,,,163600.0,230100.0,302800.0,172000.0,,,172000.0,172400.0,266400.0,1015.0,1008.0,0.72,829.0,1018.0,livingstonmercedca,Livingston,Merced,CA
1213529,2015-07-31,livingstonmercedca,,,,,,,,,,,,,,,,,,,,,,,,,,,,,,,,,,,,,,,,,,,,,,,,,,,,,,,22.81,72.37,,,,,,,,,,13.95,2.9412,,,166700.0,232700.0,303700.0,174500.0,,,174500.0,174900.0,266800.0,1027.0,1020.0,0.728,853.0,1029.0,livingstonmercedca,Livingston,Merced,CA
1213530,2015-08-31,livingstonmercedca,,,,,,,,,,,,,,,,,,,,,,,,,,,,,,,,,,,,,,,,,,,,,,,,,,,,,,,23.29,70.09,,,,,,,,,,13.93,3.0104,,,169500.0,236600.0,305000.0,178600.0,,,178600.0,178700.0,268800.0,1040.0,1033.0,0.736,874.0,1043.0,livingstonmercedca,Livingston,Merced,CA
1213531,2015-09-30,livingstonmercedca,,,,,,,,,,,,,,,,,,,,,,,,,,,,,,,,,,,,,,,,,,,,,,,,,,,,,,,22.56,71.89,,,,,,,,,,14.26,2.9758,,,172500.0,240100.0,307500.0,183600.0,,,183600.0,183600.0,272900.0,1052.0,1044.0,0.74,887.0,1054.0,livingstonmercedca,Livingston,Merced,CA
1213532,2015-10-31,livingstonmercedca,,,,,,,,,,,,,,,,,,,,,,,,,,,,,,,,,,,,,,,,,,,,,,,,,,,,,,,19.13,75.7,,,,,,,,,,14.57,2.9066,,,175200.0,241400.0,309600.0,187300.0,,,187300.0,187300.0,274800.0,1054.0,1047.0,0.74,895.0,1056.0,livingstonmercedca,Livingston,Merced,CA
1213533,2015-11-30,livingstonmercedca,,,,,,,,,,,,,,,,,,,,,,,,,,,,,,,,,,,,,,,,,,,,,,,,,,,,,,,17.68,77.23,,,,,,,,,,14.53,2.8374,,,176600.0,241200.0,312200.0,189200.0,,,189200.0,189400.0,275100.0,1057.0,1049.0,0.74,897.0,1058.0,livingstonmercedca,Livingston,Merced,CA
1213534,2015-12-31,livingstonmercedca,,,,,,,,,,,,,,,,,,,,,,,,,,,,,,,,,,,,,,,,,,,,,,,,,,,,,,,17.26,77.4,,,,,,,,,,14.48,2.9066,,,176900.0,240800.0,314200.0,190600.0,,,190600.0,190900.0,275400.0,1067.0,1061.0,0.746,907.0,1068.0,livingstonmercedca,Livingston,Merced,CA
1213535,2016-01-31,livingstonmercedca,3.8095,,,,,,,,,,,,,,,,,,,,,,,,,,,,,,,,,,,,,,,,,,,,,,,,,,,,,,16.05,79.62,,,,,,,,,,14.29,3.0104,,,177000.0,240400.0,315400.0,191400.0,,,191400.0,191600.0,275700.0,1081.0,1076.0,0.7559999999999999,928.0,1082.0,livingstonmercedca,Livingston,Merced,CA
1213536,2016-02-29,livingstonmercedca,4.5904,,,,,,,,,,,,,,,,,,,,,,,,,,,,,,,,,,,,,,,,,,,,,,,,,,,,,,15.01,80.69,,,,,,,,,,14.37,3.1142,,,178000.0,240900.0,317000.0,191800.0,,,191800.0,191800.0,275700.0,1091.0,1088.0,0.7659999999999999,943.0,1091.0,livingstonmercedca,Livingston,Merced,CA
1213537,2016-03-31,livingstonmercedca,5.6302,,,,,,,,,,,,,,,,,,,,,,,,,,,,,,,,,,,,,,,,,,,,,,,,,,,,,,13.59,82.53,,,,,,,,,,14.46,3.1488,,,180200.0,242200.0,318900.0,193700.0,,,193700.0,193700.0,276900.0,1099.0,1098.0,0.778,960.0,1099.0,livingstonmercedca,Livingston,Merced,CA
1213538,2016-04-30,livingstonmercedca,4.8349,,,,,,,,,,,,,,,,,,,,,,,,,,,,,,,,,,,,,,,,,,,,,,,,,,,,,,10.68,84.61,,,,,,,,,,14.57,2.8374,,,183200.0,243700.0,318900.0,197100.0,,,197100.0,197200.0,278600.0,1104.0,1103.0,0.784,959.0,1104.0,livingstonmercedca,Livingston,Merced,CA
1213539,2016-05-31,livingstonmercedca,2.3837,,,,,,,,,,,,,,,,,,,,,,,,,,,,,,,,,,,,,,,,,,,,,,,,,,,,,,2.25,96.67,,,,,,,,,,15.28,2.9066,,,186200.0,245400.0,318900.0,200200.0,,,200200.0,200200.0,280700.0,1108.0,1107.0,0.7879999999999999,956.0,1108.0,livingstonmercedca,Livingston,Merced,CA
1213540,2016-06-30,livingstonmercedca,,,,,,,,,,,,,,,,,,,,,,,,,,,,,,,,,,,,,,,,,,,,,,,,,,,,,,,2.77,96.22,,,,,,,,,,15.4,2.8028,,,188500.0,246600.0,318800.0,201700.0,,,201700.0,201600.0,283700.0,1113.0,1111.0,0.79,951.0,1113.0,livingstonmercedca,Livingston,Merced,CA
1213541,2016-07-31,livingstonmercedca,,,,,,,,,,,,,,,,,,,,,,,,,,,,,,,,,,,,,,,,,,,,,,,,,,,,,,,2.56,96.01,,,,,,,,,,15.29,2.6298,,,190900.0,247300.0,317900.0,202800.0,,,202800.0,202700.0,286400.0,1123.0,1121.0,0.794,953.0,1122.0,livingstonmercedca,Livingston,Merced,CA
1213542,2016-08-31,livingstonmercedca,1.9298,,,,,,,,,,,,,,,,,,,,,,,,,,,,,,,,,,,,,,,,,,,,,,,,,,,,,,2.7,95.56,,,,,,,,,,15.37,2.6298,,,194600.0,249400.0,318500.0,205400.0,,,205400.0,205400.0,288700.0,1134.0,1131.0,0.8,959.0,1134.0,livingstonmercedca,Livingston,Merced,CA
1213543,2016-09-30,livingstonmercedca,,,,,,,,,,,,,,,,,,,,,,,,,,,,,,,,,,,,,,,,,,,,,,,,,,,,,,,2.39,96.29,,,,,,,,,,15.43,2.699,,,199200.0,253900.0,320900.0,209300.0,,,209300.0,209300.0,291900.0,1151.0,1145.0,0.8059999999999999,970.0,1151.0,livingstonmercedca,Livingston,Merced,CA
1213544,2016-10-31,livingstonmercedca,,,,,,,,,,,,,,,,,,,,,,,,,,,,,,,,,,,,,,,,,,,,,,,,,,,,,,,2.32,96.22,,,,,,,,,,15.43,2.5952,,,203000.0,258400.0,321200.0,211800.0,,,211800.0,211900.0,294900.0,1164.0,1157.0,0.81,983.0,1165.0,livingstonmercedca,Livingston,Merced,CA
1213545,2016-11-30,livingstonmercedca,,,,,,,,,,,,,,,,,,,,,,,,,,,,,,,,,,,,,,,,,,,,,,,,,,,,,,,2.29,96.08,,,,,,,,,,15.42,2.6644,,,204800.0,262100.0,319900.0,213100.0,,,213100.0,213100.0,297200.0,1173.0,1167.0,0.812,992.0,1173.0,livingstonmercedca,Livingston,Merced,CA
1213546,2016-12-31,livingstonmercedca,6.115,,,,,,,,,,,,,,,,,,,,,,,,,,,,,,,,,,,,,,,,,,,,,,,,,,,,,,2.74,93.79,,,,,,,,,,15.44,2.7336,,,205300.0,264400.0,318200.0,214300.0,,,214300.0,214300.0,298400.0,1179.0,1176.0,0.816,998.0,1179.0,livingstonmercedca,Livingston,Merced,CA
1213547,2017-01-31,livingstonmercedca,4.2805,,,,,,,,,,,,,,,,,,,,,,,,,,,,,,,,,,,,,,,,,,,,,,,,,,,,,,3.43,92.86,,,,,,,,,,15.43,2.6644,,,205600.0,265100.0,317300.0,215500.0,,,215500.0,215500.0,298300.0,1183.0,1182.0,0.8240000000000001,1006.0,1183.0,livingstonmercedca,Livingston,Merced,CA
1213548,2017-02-28,livingstonmercedca,,,,,,,,,,,,,,,,,,,,,,,,,,,,,,,,,,,,,,,,,,,,,,,,,,,,,,,3.81,93.34,,,,,,,,,,15.35,2.3875,,,205500.0,265700.0,317000.0,215800.0,,,215800.0,215900.0,296600.0,1188.0,1187.0,0.8340000000000001,1024.0,1188.0,livingstonmercedca,Livingston,Merced,CA
1213549,2017-03-31,livingstonmercedca,,,,,,,,,,,,,,,,,,,,,,,,,,,,,,,,,,,,,,,,,,,,,,,,,,,,,,,5.55,91.78,,,,,,,,,,15.3,2.3183,,,205400.0,268300.0,317100.0,216300.0,,,216300.0,216400.0,295000.0,1194.0,1193.0,0.846,1049.0,1194.0,livingstonmercedca,Livingston,Merced,CA
1213550,2017-04-30,livingstonmercedca,,,,,,,,,,,,,,,,,,,,,,,,,,,,,,,,,,,,,,,,,,,,,,,,,,,,,,,4.82,92.2,,,,,,,,,,15.38,2.2837,,,207000.0,271700.0,319300.0,218000.0,,,218000.0,218000.0,294600.0,1198.0,1196.0,0.8540000000000001,1066.0,1198.0,livingstonmercedca,Livingston,Merced,CA
1213551,2017-05-31,livingstonmercedca,,,,,,,,,,,,,,,,,,,,,,,,,,,,,,,,,,,,,,,,,,,,,,,,,,,,,,,3.74,92.06,,,,,,,,,,15.46,1.9723,,,209600.0,273900.0,323900.0,220700.0,,,220700.0,220700.0,296000.0,1202.0,1199.0,0.858,1074.0,1202.0,livingstonmercedca,Livingston,Merced,CA
1213552,2017-06-30,livingstonmercedca,,,,,,,,,,,,,,,,,,,,,,,,,,,,,,,,,,,,,,,,,,,,,,,,,,,,,,,2.36,93.83,,,,,,,,,,15.32,1.7993,,,211500.0,275000.0,328400.0,223500.0,,,223500.0,223500.0,298000.0,1213.0,1210.0,0.866,1081.0,1213.0,livingstonmercedca,Livingston,Merced,CA
1213553,2017-07-31,livingstonmercedca,,,,,,,,,,,,,,,,,,,,,,,,,,,,,,,,,,,,,,,,,,,,,,,,,,,,,,,1.53,97.02,,,,,,,,,,15.45,1.6955,,,212900.0,277000.0,332600.0,226200.0,,,226200.0,226200.0,301000.0,1223.0,1220.0,0.8740000000000001,1085.0,1225.0,livingstonmercedca,Livingston,Merced,CA
1213554,2017-08-31,livingstonmercedca,,,,,,,,,,,,,,,,,,,,,,,,,,,,,,,,,,,,,,,,,,,,,,,,,,,,,,,1.91,97.19,,,,,,,,,,15.61,1.4533,,,214200.0,279700.0,336700.0,228300.0,,,228300.0,228200.0,303900.0,1232.0,1228.0,0.878,1085.0,1233.0,livingstonmercedca,Livingston,Merced,CA
1233601,1996-04-30,los_banosmercedca,,,,,,,,,,,,,,,,,,,,,,,,,,,,,,,,,,,,,,,,,,,,,,,,,,72.1362,,72.1362,112350.0,,,,,,,,,,,,,,,,,,,,,,,,,,,,,,,los_banosmercedca,Los Banos,Merced,CA
1233602,1996-05-31,los_banosmercedca,,,,,,,,,,,,,,,,,,,,,,,,,,,,,,,,,,,,,,,,,,,,,,,,,,71.8883,,71.8883,106300.0,,,,,,,,,,,,,,,,,,,,,,,,,,,,,,,los_banosmercedca,Los Banos,Merced,CA
1233603,1996-06-30,los_banosmercedca,,,,,,,,,,,,,,,,,,,,,,,,,,,,,,,,,,,,,,,,,,,,,,,,,,71.9184,,71.9184,104150.0,,,,,,,,,,,,,,,,,,,,,,,,,,,,,,,los_banosmercedca,Los Banos,Merced,CA
1233604,1996-07-31,los_banosmercedca,,,,,,,,,,,,,,,,,,,,,,,,,,,,,,,,,,,,,,,,,,,,,,,,,,72.5491,,72.5491,106750.0,,,,,,,,,,,,,,,,,,,,,,,,,,,,,,,los_banosmercedca,Los Banos,Merced,CA
1233605,1996-08-31,los_banosmercedca,,,,,,,,,,,,,,,,,,,,,,,,,,,,,,,,,,,,,,,,,,,,,,,,,,72.9638,,72.9638,113425.0,,,,,,,,,,,,,,,,,,,,,,,,,,,,,,,los_banosmercedca,Los Banos,Merced,CA
1233606,1996-09-30,los_banosmercedca,,,,,,,,,,,,,,,,,,,,,,,,,,,,,,,,,,,,,,,,,,,,,,,,,,72.5792,,72.5792,113325.0,,,,,,,,,,,,,,,,,,,,,,,,,,,,,,,los_banosmercedca,Los Banos,Merced,CA
1233607,1996-10-31,los_banosmercedca,,,,,,,,,,,,,,,,,,,,,,,,,,,,,,,,,,,,,,,,,,,,,,,,,,71.4433,,71.4433,105525.0,,,,,,,,,,,,,,,,,,,,,,,,,,,,,,,los_banosmercedca,Los Banos,Merced,CA
1233608,1996-11-30,los_banosmercedca,,,,,,,,,,,,,,,,,,,,,,,,,,,,,,,,,,,,,,,,,,,,,,,,,,72.9523,,72.9523,104875.0,,,,,,,,,,,,,,,,,,,,,,,,,,,,,,,los_banosmercedca,Los Banos,Merced,CA
1233609,1996-12-31,los_banosmercedca,,,,,,,,,,,,,,,,,,,,,,,,,,,,,,,,,,,,,,,,,,,,,,,,,,70.7445,,70.7445,103500.0,,,,,,,,,,,,,,,,,,,,,,,,,,,,,,,los_banosmercedca,Los Banos,Merced,CA
1233610,1997-01-31,los_banosmercedca,,,,,,,,,,,,,,,,,,,,,,,,,,,,,,,,,,,,,,,,,,,,,,,,,,70.6113,,70.6113,105150.0,,,,,,,,,,,,,,,,,,,,,,,,,,,,,,,los_banosmercedca,Los Banos,Merced,CA
1233611,1997-02-28,los_banosmercedca,,,,,,,,,,,,,,,,,,,,,,,,,,,,,,,,,,,,,,,,,,,,,,,,,,66.0582,,66.0582,107825.0,,,,,,,,,,,,,,,,,,,,,,,,,,,,,,,los_banosmercedca,Los Banos,Merced,CA
1233612,1997-03-31,los_banosmercedca,,,,,,,,,,,,,,,,,,,,,,,,,,,,,,,,,,,,,,,,,,,,,,,,,,67.6745,,67.6745,103400.0,,,,,,,,,,,,,,,,,,,,,,,,,,,,,,,los_banosmercedca,Los Banos,Merced,CA
1233613,1997-04-30,los_banosmercedca,,,,,,,,,,,,,,,,,,,,,,,,,,,,,,,,,,,,,,,,,,,,,,,,,,67.9564,,67.9564,106700.0,,,,,,,,,,,,,,,,,,,,,,,,,,,,,,,los_banosmercedca,Los Banos,Merced,CA
1233614,1997-05-31,los_banosmercedca,,,,,,,,,,,,,,,,,,,,,,,,,,,,,,,,,,,,,,,,,,,,,,,,,,70.1801,,70.1801,112075.0,,,,,,,,,,,,,,,,,,,,,,,,,,,,,,,los_banosmercedca,Los Banos,Merced,CA
1233615,1997-06-30,los_banosmercedca,,,,,,,,,,,,,,,,,,,,,,,,,,,,,,,,,,,,,,,,,,,,,,,,,,67.584,,67.584,112575.0,,,,,,,,,,,,,,,,,,,,,,,,,,,,,,,los_banosmercedca,Los Banos,Merced,CA
1233616,1997-07-31,los_banosmercedca,,,,,,,,,,,,,,,,,,,,,,,,,,,,,,,,,,,,,,,,,,,,,,,,,,72.3392,,72.3392,115475.0,,,,,,,,,,,,,,,,,,,,,,,,,,,,,,,los_banosmercedca,Los Banos,Merced,CA
1233617,1997-08-31,los_banosmercedca,,,,,,,,,,,,,,,,,,,,,,,,,,,,,,,,,,,,,,,,,,,,,,,,,,75.9291,,75.9291,120150.0,,,,,,,,,,,,,,,,,,,,,,,,,,,,,,,los_banosmercedca,Los Banos,Merced,CA
1233618,1997-09-30,los_banosmercedca,,,,,,,,,,,,,,,,,,,,,,,,,,,,,,,,,,,,,,,,,,,,,,,,,,76.732,,76.732,116250.0,,,,,,,,,,,,,,,,,,,,,,,,,,,,,,,los_banosmercedca,Los Banos,Merced,CA
1233619,1997-10-31,los_banosmercedca,,,,,,,,,,,,,,,,,,,,,,,,,,,,,,,,,,,,,,,,,,,,,,,,,,77.7457,,77.7457,116850.0,,,,,,,,,,,,,,,,,,,,,,,,,,,,,,,los_banosmercedca,Los Banos,Merced,CA
1233620,1997-11-30,los_banosmercedca,,,,,,,,,,,,,,,,,,,,,,,,,,,,,,,,,,,,,,,,,,,,,,,,,,76.8857,,76.8857,117075.0,,,,,,,,,,,,,,,,,,,,,,,,,,,,,,,los_banosmercedca,Los Banos,Merced,CA
1233621,1997-12-31,los_banosmercedca,,,,,,,,,,,,,,,,,,,,,,,,,,,,,,,,,,,,,,,,,,,,,,,,,,78.3498,,78.4128,120800.0,,,,,,,,,,,,,,,,,,,,,,,,,,,,,,,los_banosmercedca,Los Banos,Merced,CA
1233622,1998-01-31,los_banosmercedca,5.4407,,,,,,,,,,,,,,,,,,,,,,,,,,,,,,,,,,,,,,,,,,,,,,,,,77.6569,,77.70100000000001,119850.0,,,,,,,,,,,,20.1459,,4.2834,,,,,,,,,,,,,,,,,los_banosmercedca,Los Banos,Merced,CA
1233623,1998-02-28,los_banosmercedca,4.4279,,,,,,,,,,,,,,,,,,,,,,,,,,,,,,,,,,,,,,,,,,,,,,,,,75.8563,,75.8752,122825.0,,,,,,,,,,,,14.5385,,4.4578,,,,,,,,,,,,,,,,,los_banosmercedca,Los Banos,Merced,CA
1233624,1998-03-31,los_banosmercedca,4.5059,,,,,,,,,,,,,,,,,,,,,,,,,,,,,,,,,,,,,,,,,,,,,,,,,75.6253,,75.6253,122050.0,,,,,,,,,,,,9.9553,,4.5741,,,,,,,,,,,,,,,,,los_banosmercedca,Los Banos,Merced,CA
1233625,1998-04-30,los_banosmercedca,4.7557,,,,,,,,,,,,,,,,,,,,,,,,,,,,,,,,,,,,,,,,,,,,,,,,,77.7845,,77.7845,120075.0,,,,,,,,,,,,8.2297,,4.8260000000000005,,,,,,,,,,,,,,,,,los_banosmercedca,Los Banos,Merced,CA
1233626,1998-05-31,los_banosmercedca,5.0768,,,,,,,,,,,,,,,,,,,,,,,,,,,,,,,,,,,,,,,,,,,,,,,,,80.2623,,80.2623,116375.0,,,,,,,,,,,,9.5164,,4.8842,,,,,,,,,,,,,,,,,los_banosmercedca,Los Banos,Merced,CA
1233627,1998-06-30,los_banosmercedca,8.6571,,,,,,,,,,,,,,,,,,,,,,,,,,,,,,,,,,,,,,,,,,,,,,,,,79.4233,,79.4233,120350.0,,,,,,,,,,,,9.8555,,5.0199,,,,,,,,,,,,,,,,,los_banosmercedca,Los Banos,Merced,CA
1233628,1998-07-31,los_banosmercedca,9.118,,,,,,,,,,,,,,,,,,,,,,,,,,,,,,,,,,,,,,,,,,,,,,,,,77.8333,,77.8333,125775.0,,,,,,,,,,,,7.6716,,5.2331,,,,,,,,,,,,,,,,,los_banosmercedca,Los Banos,Merced,CA
1233629,1998-08-31,los_banosmercedca,8.2524,,,,,,,,,,,,,,,,,,,,,,,,,,,,,,,,,,,,,,,,,,,,,,,,,78.2849,,78.2849,132150.0,,,,,,,,,,,,5.3122,,5.4172,,,,,,,,,,,,,,,,,los_banosmercedca,Los Banos,Merced,CA
1233630,1998-09-30,los_banosmercedca,7.7945,,,,,,,,,,,,,,,,,,,,,,,,,,,,,,,,,,,,,,,,,,,,,,,,,78.9134,,78.9134,127275.0,,,,,,,,,,,,9.0873,,5.4947,,,,,,,,,,,,,,,,,los_banosmercedca,Los Banos,Merced,CA
1233631,1998-10-31,los_banosmercedca,5.4433,,,,,,,,,,,,,,,,,,,,,,,,,,,,,,,,,,,,,,,,,,,,,,,,,81.6816,,81.6816,123075.0,,,,,,,,,,,,5.4158,,5.5722,,,,,,,,,,,,,,,,,los_banosmercedca,Los Banos,Merced,CA
1233632,1998-11-30,los_banosmercedca,3.3006,,,,,,,,,,,,,,,,,,,,,,,,,,,,,,,,,,,,,,,,,,,,,,,,,83.4447,,83.4447,122675.0,,,,,,,,,,,,5.9905,,5.6401,,,,,,,,,,,,,,,,,los_banosmercedca,Los Banos,Merced,CA
1233633,1998-12-31,los_banosmercedca,4.2225,,,,,,,,,,,,,,,,,,,,,,,,,,,,,,,,,,,,,,,,,,,,,,,,,84.6382,,84.6382,122725.0,,,,,,,,,,,,7.0004,,5.6885,,,,,,,,,,,,,,,,,los_banosmercedca,Los Banos,Merced,CA
1233634,1999-01-31,los_banosmercedca,3.4628,,,,,,,,,,,,,,,,,,,,,,,,,,,,,,,,,,,,,,,,,,,,,,,,,83.8065,,83.8065,126375.0,,,,,,,,,,,,10.4052,,5.6692,,,,,,,,,,,,,,,,,los_banosmercedca,Los Banos,Merced,CA
1233635,1999-02-28,los_banosmercedca,2.1398,,,,,,,,,,,,,,,,,,,,,,,,,,,,,,,,,,,,,,,,,,,,,,,,,83.4028,,83.4028,128550.0,,,,,,,,,,,,10.9707,,5.7176,,,,,,,,,,,,,,,,,los_banosmercedca,Los Banos,Merced,CA
1233636,1999-03-31,los_banosmercedca,3.4196,,,,,,,,,,,,,,,,,,,,,,,,,,,,,,,,,,,,,,,,,,,,,,,,,85.4199,,85.4199,126325.0,,,,,,,,,,,,8.5835,,5.9502,,,,,,,,,,,,,,,,,los_banosmercedca,Los Banos,Merced,CA
1233637,1999-04-30,los_banosmercedca,4.1208,,,,,,,,,,,,,,,,,,,,,,,,,,,,,,,,,,,,,,,,,,,,,,,,,85.9646,,85.9646,133475.0,,,,,,,,,,,,4.5473,,6.0083,,,,,,,,,,,,,,,,,los_banosmercedca,Los Banos,Merced,CA
1233638,1999-05-31,los_banosmercedca,4.8011,,,,,,,,,,,,,,,,,,,,,,,,,,,,,,,,,,,,,,,,,,,,,,,,,85.4165,,85.4165,139150.0,,,,,,,,,,,,4.3292,,6.1343,,,,,,,,,,,,,,,,,los_banosmercedca,Los Banos,Merced,CA
1233639,1999-06-30,los_banosmercedca,4.428999999999999,,,,,,,,,,,,,,,,,,,,,,,,,,,,,,,,,,,,,,,,,,,,,,,,,85.3943,,85.3943,137000.0,,,,,,,,,,,,3.5218,,6.3669,,,,,,,,,,,,,,,,,los_banosmercedca,Los Banos,Merced,CA
1233640,1999-07-31,los_banosmercedca,3.2073,,,,,,,,,,,,,,,,,,,,,,,,,,,,,,,,,,,,,,,,,,,,,,,,,85.7948,,85.7948,134750.0,,,,,,,,,,,,3.0978,,6.5316,,,,,,,,,,,,,,,,,los_banosmercedca,Los Banos,Merced,CA
1233641,1999-08-31,los_banosmercedca,3.3507,,,,,,,,,,,,,,,,,,,,,,,,,,,,,,,,,,,,,,,,,,,,,,,,,87.3977,,87.3977,143375.0,,,,,,,,,,,,1.3306,,6.6092,,,,,,,,,,,,,,,,,los_banosmercedca,Los Banos,Merced,CA
1233642,1999-09-30,los_banosmercedca,2.717,,,,,,,,,,,,,,,,,,,,,,,,,,,,,,,,,,,,,,,,,,,,,,,,,87.3779,,87.3779,145225.0,,,,,,,,,,,,5.6002,,6.9677,,,,,,,,,,,,,,,,,los_banosmercedca,Los Banos,Merced,CA
1233643,1999-10-31,los_banosmercedca,4.3596,,,,,,,,,,,,,,,,,,,,,,,,,,,,,,,,,,,,,,,,,,,,,,,,,88.5509,,88.5509,145500.0,,,,,,,,,,,,7.2078,,6.9483,,,,,,,,,,,,,,,,,los_banosmercedca,Los Banos,Merced,CA
1233644,1999-11-30,los_banosmercedca,3.429,,,,,,,,,,,,,,,,,,,,,,,,,,,,,,,,,,,,,,,,,,,,,,,,,90.0146,,90.3155,144200.0,,,,,,,,,,,,5.1223,,6.8999,,,,,,,,,,,,,,,,,los_banosmercedca,Los Banos,Merced,CA
1233645,1999-12-31,los_banosmercedca,2.6247,,,,,,,,,,,,,,,,,,,,,,,,,,,,,,,,,,,,,,,,,,,,,,,,,90.9121,,91.1228,136900.0,,,,,,,,,,,,2.8578,,6.8999,,,,,,,,,,,,,,,,,los_banosmercedca,Los Banos,Merced,CA
1233646,2000-01-31,los_banosmercedca,2.623,,,,,,,,,,,,,,,,,,,,,,,,,,,,,,,,,,,,,,,,,,,,,,,,,89.7416,,89.8319,138925.0,,,,,,,,,,,,5.0483,,7.0549,,,,,,,,,,,,,,,,,los_banosmercedca,Los Banos,Merced,CA
1233647,2000-02-29,los_banosmercedca,4.9048,,,,,,,,,,,,,,,,,,,,,,,,,,,,,,,,,,,,,,,,,,,,,,,,,92.6522,,92.891,145575.0,,,,,,,,,,,,4.9643,,7.1615,,,,,,,,,,,,,,,,,los_banosmercedca,Los Banos,Merced,CA
1233648,2000-03-31,los_banosmercedca,6.4033,,,,,,,,,,,,,,,,,,,,,,,,,,,,,,,,,,,,,,,,,,,,,,,,,92.4777,,92.6449,150625.0,,,,,,,,,,,,5.7571,,7.4426,,,,,,,,,,,,,,,,,los_banosmercedca,Los Banos,Merced,CA
1233649,2000-04-30,los_banosmercedca,5.4671,,,,,,,,,,,,,,,,,,,,,,,,,,,,,,,,,,,,,,,,,,,,,,,,,92.8016,,92.8733,153175.0,,,,,,,,,,,,4.1895,,7.5976,,,,,,,,,,,,,,,,,los_banosmercedca,Los Banos,Merced,CA
1233650,2000-05-31,los_banosmercedca,4.4625,,,,,,,,,,,,,,,,,,,,,,,,,,,,,,,,,,,,,,,,,,,,,,,,,95.1872,,95.1872,160875.0,,,,,,,,,,,,3.5908,,7.9659,,,,,,,,,,,,,,,,,los_banosmercedca,Los Banos,Merced,CA
1233651,2000-06-30,los_banosmercedca,3.0216,,,,,,,,,,,,,,,,,,,,,,,,,,,,,,,,,,,,,,,,,,,,,,,,,97.6112,,97.6894,169475.0,,,,,,,,,,,,2.6137,,8.0919,,,,,,,,,,,,,,,,,los_banosmercedca,Los Banos,Merced,CA
1233652,2000-07-31,los_banosmercedca,4.5626,,,,,,,,,,,,,,,,,,,,,,,,,,,,,,,,,,,,,,,,,,,,,,,,,100.0955,,100.4724,178950.0,,,,,,,,,,,,5.3958,,8.0531,,,,,,,,,,,,,,,,,los_banosmercedca,Los Banos,Merced,CA
1233653,2000-08-31,los_banosmercedca,4.1052,,,,,,,,,,,,,,,,,,,,,,,,,,,,,,,,,,,,,,,,,,,,,,,,,101.7216,,101.9705,172000.0,,,,,,,,,,,,6.0069,,8.1694,,,,,,,,,,,,,,,,,los_banosmercedca,Los Banos,Merced,CA
1233654,2000-09-30,los_banosmercedca,2.0447,,,,,,,,,,,,,,,,,,,,,,,,,,,,,,,,,,,,,,,,,,,,,,,,,104.9146,,105.0112,171450.0,,,,,,,,,,,,5.7718,,8.2857,,,,,,,,,,,,,,,,,los_banosmercedca,Los Banos,Merced,CA
1233655,2000-10-31,los_banosmercedca,,,,,,,,,,,,,,,,,,,,,,,,,,,,,,,,,,,,,,,,,,,,,,,,,,105.5615,,105.8058,177700.0,,,,,,,,,,,,5.2015,,8.4601,,,,,,,,,,,,,,,,,los_banosmercedca,Los Banos,Merced,CA
1233656,2000-11-30,los_banosmercedca,0.9924,,,,,,,,,,,,,,,,,,,,,,,,,,,,,,,,,,,,,,,,,,,,,,,,,106.4223,,106.7606,193850.0,,,,,,,,,,,,3.7175,,8.7702,,,,,,,,,,,,,,,,,los_banosmercedca,Los Banos,Merced,CA
1233657,2000-12-31,los_banosmercedca,0.6946,,,,,,,,,,,,,,,,,,,,,,,,,,,,,,,,,,,,,,,,,,,,,,,,,110.6992,,110.8895,197350.0,,,,,,,,,,,,3.8466,,9.0513,,,,,,,,,,,,,,,,,los_banosmercedca,Los Banos,Merced,CA
1233658,2001-01-31,los_banosmercedca,,,,,,,,,,,,,,,,,,,,,,,,,,,,,,,,,,,,,,,,,,,,,,,,,,115.5603,,115.6105,192900.0,,,,,,,,,,,,3.5231,,9.2257,,,,,,,,,,,,,,,,,los_banosmercedca,Los Banos,Merced,CA
1233659,2001-02-28,los_banosmercedca,,,,,,,,,,,,,,,,,,,,,,,,,,,,,,,,,,,,,,,,,,,,,,,,,,117.3511,,117.3511,201875.0,,,,,,,,,,,,4.0317,,9.3129,,,,,,,,,,,,,,,,,los_banosmercedca,Los Banos,Merced,CA
1233660,2001-03-31,los_banosmercedca,0.496,,,,,,,,,,,,,,,,,,,,,,,,,,,,,,,,,,,,,,,,,,,,,,,,,115.9156,,115.9156,215525.0,,,,,,,,,,,,2.0433,,9.1094,,,,,,,,,,,,,,,,,los_banosmercedca,Los Banos,Merced,CA
1233661,2001-04-30,los_banosmercedca,,,,,,,,,,,,,,,,,,,,,,,,,,,,,,,,,,,,,,,,,,,,,,,,,,121.1456,,121.1456,220850.0,,,,,,,,,,,,1.3661,,9.0997,,,,,,,,,,,,,,,,,los_banosmercedca,Los Banos,Merced,CA
1233662,2001-05-31,los_banosmercedca,1.1459,,,,,,,,,,,,,,,,,,,,,,,,,,,,,,,,,,,,,,,,,,,,,,,,,122.9274,,122.9274,225250.0,,,,,,,,,,,,1.0070000000000001,,9.1772,,,,,,,,,,,,,,,,,los_banosmercedca,Los Banos,Merced,CA
1233663,2001-06-30,los_banosmercedca,0.698,,,,,,,,,,,,,,,,,,,,,,,,,,,,,,,,,,,,,,,,,,,,,,,,,122.8374,,122.8374,222400.0,,,,,,,,,,,,0.5729,,9.1288,,,,,,,,,,,,,,,,,los_banosmercedca,Los Banos,Merced,CA
1233664,2001-07-31,los_banosmercedca,1.7948,,,,,,,,,,,,,,,,,,,,,,,,,,,,,,,,,,,,,,,,,,,,,,,,,122.0028,,122.0028,219825.0,,,,,,,,,,,,0.9139,,9.0997,,,,,,,,,,,,,,,,,los_banosmercedca,Los Banos,Merced,CA
1233665,2001-08-31,los_banosmercedca,1.047,,,,,,,,,,,,,,,,,,,,,,,,,,,,,,,,,,,,,,,,,,,,,,,,,123.0422,,123.0422,213825.0,,,,,,,,,,,,,,9.2548,,,,,,,,,,,,,,,,,los_banosmercedca,Los Banos,Merced,CA
1233666,2001-09-30,los_banosmercedca,,,,,,,,,,,,,,,,,,,,,,,,,,,,,,,,,,,,,,,,,,,,,,,,,,126.0416,,126.0416,218025.0,,,,,,,,,,,,,,8.809,,,,,,,,,,,,,,,,,los_banosmercedca,Los Banos,Merced,CA
1233667,2001-10-31,los_banosmercedca,1.5204,,,,,,,,,,,,,,,,,,,,,,,,,,,,,,,,,,,,,,,,,,,,,,,,,124.9429,,124.9429,206325.0,,,,,,,,,,,,2.2727,,8.4892,,,,,,,,,,,,,,,,,los_banosmercedca,Los Banos,Merced,CA
1233668,2001-11-30,los_banosmercedca,1.5604,,,,,,,,,,,,,,,,,,,,,,,,,,,,,,,,,,,,,,,,,,,,,,,,,122.6746,,122.6746,203650.0,,,,,,,,,,,,3.3151,,8.2082,,,,,,,,,,,,,,,,,los_banosmercedca,Los Banos,Merced,CA
1233669,2001-12-31,los_banosmercedca,2.4385,,,,,,,,,,,,,,,,,,,,,,,,,,,,,,,,,,,,,,,,,,,,,,,,,122.6575,,122.6575,200700.0,,,,,,,,,,,,1.8887,,7.617000000000001,,,,,,,,,,,,,,,,,los_banosmercedca,Los Banos,Merced,CA
1233670,2002-01-31,los_banosmercedca,1.7890000000000001,,,,,,,,,,,,,,,,,,,,,,,,,,,,,,,,,,,,,,,,,,,,,,,,,117.8549,,117.8549,193250.0,,,,,,,,,,,,3.6422,,7.3166,,,,,,,,,,,,,,,,,los_banosmercedca,Los Banos,Merced,CA
1233671,2002-02-28,los_banosmercedca,2.3254,,,,,,,,,,,,,,,,,,,,,,,,,,,,,,,,,,,,,,,,,,,,,,,,,120.5003,,120.5003,209750.0,,,,,,,,,,,,6.2416,,7.0453,,,,,,,,,,,,,,,,,los_banosmercedca,Los Banos,Merced,CA
1233672,2002-03-31,los_banosmercedca,1.6888,,,,,,,,,,,,,,,,,,,,,,,,,,,,,,,,,,,,,,,,,,,,,,,,,120.7949,,120.7949,214250.0,,,,,,,,,,,,5.8587,,6.8224,,,,,,,,,,,,,,,,,los_banosmercedca,Los Banos,Merced,CA
1233673,2002-04-30,los_banosmercedca,1.7925,,,,,,,,,,,,,,,,,,,,,,,,,,,,,,,,,,,,,,,,,,,,,,,,,120.5294,,120.5294,212200.0,,,,,,,,,,,,3.5079,,6.7061,,,,,,,,,,,,,,,,,los_banosmercedca,Los Banos,Merced,CA
1233674,2002-05-31,los_banosmercedca,1.3461,,,,,,,,,,,,,,,,,,,,,,,,,,,,,,,,,,,,,,,,,,,,,,,,,123.9247,,123.9247,208750.0,,,,,,,,,,,,1.8494,,6.5413,,,,,,,,,,,,,,,,,los_banosmercedca,Los Banos,Merced,CA
1233675,2002-06-30,los_banosmercedca,1.1467,,,,,,,,,,,,,,,,,,,,,,,,,,,,,,,,,,,,,,,,,,,,,,,,,126.1278,,126.1278,209200.0,,,,,,,,,,,,0.6987,,6.0568,,,,,,,,,,,,,,,,,los_banosmercedca,Los Banos,Merced,CA
1233676,2002-07-31,los_banosmercedca,0.9938,,,,,,,,,,,,,,,,,,,,,,,,,,,,,,,,,,,,,,,,,,,,,,,,,129.9324,,129.9324,209850.0,,,,,,,,,,,,,,6.0374,,,,,,,,,,,,,,,,,los_banosmercedca,Los Banos,Merced,CA
1233677,2002-08-31,los_banosmercedca,2.4802,,,,,,,,,,,,,,,,,,,,,,,,,,,,,,,,,,,,,,,,,,,,,,,,,127.9541,,127.9541,220250.0,,,,,,,,,,,,0.9434,,5.7661,,,,,,,,,,,,,,,,,los_banosmercedca,Los Banos,Merced,CA
1233678,2002-09-30,los_banosmercedca,4.0183,,,,,,,,,,,,,,,,,,,,,,,,,,,,,,,,,,,,,,,,,,,,,,,,,126.9004,,126.9004,218175.0,,,,,,,,,,,,1.4668,,5.9211,,,,,,,,,,,,,,,,,los_banosmercedca,Los Banos,Merced,CA
1233679,2002-10-31,los_banosmercedca,3.3289,,,,,,,,,,,,,,,,,,,,,,,,,,,,,,,,,,,,,,,,,,,,,,,,,128.0655,,128.0655,208775.0,,,,,,,,,,,,2.9023,,6.1828,,,,,,,,,,,,,,,,,los_banosmercedca,Los Banos,Merced,CA
1233680,2002-11-30,los_banosmercedca,2.9702,,,,,,,,,,,,,,,,,,,,,,,,,,,,,,,,,,,,,,,,,,,,,,,,,132.2429,,132.2429,209800.0,,,,,,,,,,,,3.0136,,6.3475,,,,,,,,,,,,,,,,,los_banosmercedca,Los Banos,Merced,CA
1233681,2002-12-31,los_banosmercedca,3.8614,,,,,,,,,,,,,,,,,,,,,,,,,,,,,,,,,,,,,,,,,,,,,,,,,132.2897,,132.2897,227600.0,,,,,,,,,,,,2.9582,,6.8321,,,,,,,,,,,,,,,,,los_banosmercedca,Los Banos,Merced,CA
1233682,2003-01-31,los_banosmercedca,5.1947,,,,,,,,,,,,,,,,,,,,,,,,,,,,,,,,,,,,,,,,,,,,,,,,,133.4187,,133.4187,231300.0,,,,,,,,,,,,2.9011,,7.1712,,,,,,,,,,,,,,,,,los_banosmercedca,Los Banos,Merced,CA
1233683,2003-02-28,los_banosmercedca,3.9010000000000002,,,,,,,,,,,,,,,,,,,,,,,,,,,,,,,,,,,,,,,,,,,,,,,,,130.8077,,130.8077,224550.0,,,,,,,,,,,,3.0456,,7.4329,,,,,,,,,,,,,,,,,los_banosmercedca,Los Banos,Merced,CA
1233684,2003-03-31,los_banosmercedca,4.6302,,,,,,,,,,,,,,,,,,,,,,,,,,,,,,,,,,,,,,,,,,,,,,,,,135.0057,,135.0057,218000.0,,,,,,,,,,,,6.146,,7.7818,,,,,,,,,,,,,,,,,los_banosmercedca,Los Banos,Merced,CA
1233685,2003-04-30,los_banosmercedca,4.4059,,,,,,,,,,,,,,,,,,,,,,,,,,,,,,,,,,,,,,,,,,,,,,,,,132.5972,,132.5972,233400.0,,,,,,,,,,,,6.2512,,7.9562,,,,,,,,,,,,,,,,,los_banosmercedca,Los Banos,Merced,CA
1233686,2003-05-31,los_banosmercedca,4.2875,,,,,,,,,,,,,,,,,,,,,,,,,,,,,,,,,,,,,,,,,,,,,,,,,136.1667,,136.1667,235075.0,,,,,,,,,,,,4.544,,7.9174,,,,,,,,,,,,,,,,,los_banosmercedca,Los Banos,Merced,CA
1233687,2003-06-30,los_banosmercedca,3.9884,,,,,,,,,,,,,,,,,,,,,,,,,,,,,,,,,,,,,,,,,,,,,,,,,134.4658,,134.4658,234075.0,,,,,,,,,,,,2.4324,,8.2663,,,,,,,,,,,,,,,,,los_banosmercedca,Los Banos,Merced,CA
1233688,2003-07-31,los_banosmercedca,3.4898,,,,,,,,,,,,,,,,,,,,,,,,,,,,,,,,,,,,,,,,,,,,,,,,,135.9785,,135.9785,232700.0,,,,,,,,,,,,4.3353,,8.5861,,,,,,,,,,,,,,,,,los_banosmercedca,Los Banos,Merced,CA
1233689,2003-08-31,los_banosmercedca,4.138,,,,,,,,,,,,,,,,,,,,,,,,,,,,,,,,,,,,,,,,,,,,,,,,,138.2609,,138.2609,234200.0,,,,,,,,,,,,3.6033,,9.061,,,,,,,,,,,,,,,,,los_banosmercedca,Los Banos,Merced,CA
1233690,2003-09-30,los_banosmercedca,2.6922,,,,,,,,,,,,,,,,,,,,,,,,,,,,,,,,,,,,,,,,,,,,,,,,,138.0959,,138.0959,231100.0,,,,,,,,,,,,2.2601,,9.4098,,,,,,,,,,,,,,,,,los_banosmercedca,Los Banos,Merced,CA
1233691,2003-10-31,los_banosmercedca,3.5896,,,,,,,,,,,,,,,,,,,,,,,,,,,,,,,,,,,,,,,,,,,,,,,,,140.7344,,140.7344,227875.0,,,,,,,,,,,,2.8858,,9.8265,,,,,,,,,,,,,,,,,los_banosmercedca,Los Banos,Merced,CA
1233692,2003-11-30,los_banosmercedca,3.3814,,,,,,,,,,,,,,,,,,,,,,,,,,,,,,,,,,,,,,,,,,,,,,,,,140.6589,,141.2653,232725.0,,,,,,,,,,,,5.9653,,9.9622,,,,,,,,,,,,,,,,,los_banosmercedca,Los Banos,Merced,CA
1233693,2003-12-31,los_banosmercedca,3.2843,,,,,,,,,,,,,,,,,,,,,,,,,,,,,,,,,,,,,,,,,,,,,,,,,142.0959,,142.5204,242550.0,,,,,,,,,,,,5.5508,,10.5437,,,,,,,,,,,,,,,,,los_banosmercedca,Los Banos,Merced,CA
1233694,2004-01-31,los_banosmercedca,3.9858,,,,,,,,,,,,,,,,,,,,,,,,,,,,,,,,,,,,,,,,,,,,,,,,,141.895,,142.0769,247350.0,,,,,,,,,,,,6.1419,,10.7181,,,,,,,,,,,,,,,,,los_banosmercedca,Los Banos,Merced,CA
1233695,2004-02-29,los_banosmercedca,4.6718,,,,,,,,,,,,,,,,,,,,,,,,,,,,,,,,,,,,,,,,,,,,,,,,,145.9866,,146.1315,246300.0,,,,,,,,,,,,3.0431,,10.9119,,,,,,,,,,,,,,,,,los_banosmercedca,Los Banos,Merced,CA
1233696,2004-03-31,los_banosmercedca,2.4826,,,,,,,,,,,,,,,,,,,,,,,,,,,,,,,,,,,,,,,,,,,,,,,,,147.6993,,148.4127,255100.0,,,,,,,,,,,,1.8588,,11.222000000000001,,,,,,,,,,,,,,,,,los_banosmercedca,Los Banos,Merced,CA
1233697,2004-04-30,los_banosmercedca,1.7371,,,,,,,,,,,,,,,,,,,,,,,,,,,,,,,,,,,,,,,,,,,,,,,,,149.0214,,149.4933,263350.0,,,,,,,,,,,,2.8327,,11.8519,,,,,,,,,,,,,,,,,los_banosmercedca,Los Banos,Merced,CA
1233698,2004-05-31,los_banosmercedca,2.1886,,,,,,,,,,,,,,,,,,,,,,,,,,,,,,,,,,,,,,,,,,,,,,,,,153.6373,,153.8209,273550.0,,,,,,,,,,,,3.1021,,12.2783,,,,,,,,,,,,,,,,,los_banosmercedca,Los Banos,Merced,CA
1233699,2004-06-30,los_banosmercedca,3.8169999999999997,,,,,,,,,,,,,,,,,,,,,,,,,,,,,,,,,,,,,,,,,,,,,,,,,159.0301,,159.0444,280700.0,,,,,,,,,,,,3.0868,,12.8404,,,,,,,,,,,,,,,,,los_banosmercedca,Los Banos,Merced,CA
1233700,2004-07-31,los_banosmercedca,3.1692,,,,,,,,,,,,,,,,,,,,,,,,,,,,,,,,,,,,,,,,,,,,,,,,,164.7867,,165.0497,281750.0,,,,,,,,,,,,2.3944,,12.8598,,,,,,,,,,,,,,,,,los_banosmercedca,Los Banos,Merced,CA
1233701,2004-08-31,los_banosmercedca,2.432,,,,,,,,,,,,,,,,,,,,,,,,,,,,,,,,,,,,,,,,,,,,,,,,,169.8141,,169.9955,288250.0,,,,,,,,,,,,3.5022,,12.8888,,,,,,,,,,,,,,,,,los_banosmercedca,Los Banos,Merced,CA
1233702,2004-09-30,los_banosmercedca,3.4686,,,,,,,,,,,,,,,,,,,,,,,,,,,,,,,,,,,,,,,,,,,,,,,,,173.5253,,173.6436,302750.0,,,,,,,,,,,,5.2311,,13.1214,,,,,,,,,,,,,,,,,los_banosmercedca,Los Banos,Merced,CA
1233703,2004-10-31,los_banosmercedca,3.5177,,,,,,,,,,,,,,,,,,,,,,,,,,,,,,,,,,,,,,,,,,,,,,,,,179.4393,,179.6153,312000.0,,,,,,,,,,,,4.9511,,13.0051,,,,,,,,,,,,,,,,,los_banosmercedca,Los Banos,Merced,CA
1233704,2004-11-30,los_banosmercedca,1.7830000000000001,,,,,,,,,,,,,,,,,,,,,,,,,,,,,,,,,,,,,,,,,,,,,,,,,184.7409,,184.856,325000.0,,,,,,,,,,,,3.2437,,13.0245,,,,,,,,,,,,,,,,,los_banosmercedca,Los Banos,Merced,CA
1233705,2004-12-31,los_banosmercedca,0.9446,,,,,,,,,,,,,,,,,,,,,,,,,,,,,,,,,,,,,,,,,,,,,,,,,185.4937,,185.5376,339500.0,,,,,,,,,,,,1.9944,,13.0051,,,,,,,,,,,,,,,,,los_banosmercedca,Los Banos,Merced,CA
1233706,2005-01-31,los_banosmercedca,0.845,,,,,,,,,,,,,,,,,,,,,,,,,,,,,,,,,,,,,,,,,,,,,,,,,187.5597,,187.5597,355000.0,,,,,,,,,,,,2.2877,,13.1408,,,,,,,,,,,,,,,,,los_banosmercedca,Los Banos,Merced,CA
1233707,2005-02-28,los_banosmercedca,0.4968,,,,,,,,,,,,,,,,,,,,,,,,,,,,,,,,,,,,,,,,,,,,,,,,,192.5631,,192.5631,357575.0,,,,,,,,,,,,1.6875,,13.4897,,,,,,,,,,,,,,,,,los_banosmercedca,Los Banos,Merced,CA
1233708,2005-03-31,los_banosmercedca,,,,,,,,,,,,,,,,,,,,,,,,,,,,,,,,,,,,,,,,,,,,,,,,,,207.8576,,207.8576,361925.0,,,,,,,,,,,,1.1028,,13.5188,,,,,,,,,,,,,,,,,los_banosmercedca,Los Banos,Merced,CA
1233709,2005-04-30,los_banosmercedca,0.992,,,,,,,,,,,,,,,,,,,,,,,,,,,,,,,,,,,,,,,,,,,,,,,,,217.5448,,217.5448,368850.0,,,,,,,,,,,,0.682,,13.6254,,,,,,,,,,,,,,,,,los_banosmercedca,Los Banos,Merced,CA
1233710,2005-05-31,los_banosmercedca,1.6863,,,,,,,,,,,,,,,,,,,,,,,,,,,,,,,,,,,,,,,,,,,,,,,,,216.7706,,216.7706,384900.0,,,,,,,,,,,,0.695,,13.7513,,,,,,,,,,,,,,,,,los_banosmercedca,Los Banos,Merced,CA
1233711,2005-06-30,los_banosmercedca,0.992,,,,,,,,,,,,,,,,,,,,,,,,,,,,,,,,,,,,,,,,,,,,,,,,,220.1956,,220.1956,393625.0,,,,,,,,,,,,0.6524,,13.9936,,,,,,,,,,,,,,,,,los_banosmercedca,Los Banos,Merced,CA
1233712,2005-07-31,los_banosmercedca,,,,,,,,,,,,,,,,,,,,,,,,,,,,,,,,,,,,,,,,,,,,,,,,,,223.4416,,223.6973,408400.0,,,,,,,,,,,,0.6349,,14.4685,,,,,,,,,,,,,,,,,los_banosmercedca,Los Banos,Merced,CA
1233713,2005-08-31,los_banosmercedca,0.496,,,,,,,,,,,,,,,,,,,,,,,,,,,,,,,,,,,,,,,,,,,,,,,,,233.4802,,233.6591,411475.0,,,,,,,,,,,,0.9336,,14.9239,,,,,,,,,,,,,,,,,los_banosmercedca,Los Banos,Merced,CA
1233714,2005-09-30,los_banosmercedca,,,,,,,,,,,,,,,,,,,,,,,,,,,,,,,,,,,,,,,,,,,,,,,,,,235.1793,,235.25599999999997,413500.0,,,,,,,,,,,,0.5313,,15.2243,,,,,,,,,,,,,,,,,los_banosmercedca,Los Banos,Merced,CA
1233715,2005-10-31,los_banosmercedca,,,,,,,,,,,,,,,,,,,,,,,,,,,,,,,,,,,,,,,,,,,,,,,,,,234.93599999999998,,234.93599999999998,420900.0,,,,,,,,,,,,,,15.6217,,,,,,,,,,,,,,,,,los_banosmercedca,Los Banos,Merced,CA
1233716,2005-11-30,los_banosmercedca,,,,,,,,,,,,,,,,,,,,,,,,,,,,,,,,,,,,,,,,,,,,,,,,,,229.775,,229.775,432500.0,,,,,,,,,,,,0.3846,,15.7961,,,,,,,,,,,,,,,,,los_banosmercedca,Los Banos,Merced,CA
1233717,2005-12-31,los_banosmercedca,0.4918,,,,,,,,,,,,,,,,,,,,,,,,,,,,,,,,,,,,,,,,,,,,,,,,,232.4522,,232.4522,428525.0,,,,,,,,,,,,0.7743,,15.5248,,,,,,,,,,,,,,,,,los_banosmercedca,Los Banos,Merced,CA
1233718,2006-01-31,los_banosmercedca,,,,,,,,,,,,,,,,,,,,,,,,,,,,,,,,,,,,,,,,,,,,,,,,,,230.3089,201.612903225806,233.9612,418075.0,,,,,,,,,,,,0.4689,,15.5054,,,,,,,,,,,,,,,,,los_banosmercedca,Los Banos,Merced,CA
1233719,2006-02-28,los_banosmercedca,1.1409,,,,,,,,,,,,,,,,,,,,,,,,,,,,,,,,,,,,,,,,,,,,,,,,,230.08700000000002,,232.6436,426500.0,,,,,,,,,,,,,,15.3988,,,,,,,,,,,,,,,,,los_banosmercedca,Los Banos,Merced,CA
1233720,2006-03-31,los_banosmercedca,1.1894,,,,,,,,,,,,,,,,,,,,,,,,,,,,,,,,,,,,,,,,,,,,,,,,,234.0089,,235.1046,425500.0,,,,,,,,,,,,0.4274,,15.2825,,,,,,,,,,,,,,,,,los_banosmercedca,Los Banos,Merced,CA
1233721,2006-04-30,los_banosmercedca,0.6439,,,,,,,,,,,,,,,,,,,,,,,,,,,,,,,,,,,,,,,,,,,,,,,,,238.26,,238.26,425500.0,,,,,,,,,,,,1.4619,,14.5654,,,,,,,,,,,,,,,,,los_banosmercedca,Los Banos,Merced,CA
1233722,2006-05-31,los_banosmercedca,,,,,,,,,,,,,,,,,,,,,,,,,,,,,,,,,,,,,,,,,,,,,,,,,,240.903,,240.8485,426250.0,,,,,,,,,,,,2.5047,,14.2649,,,,,,,,,,,,,,,,,los_banosmercedca,Los Banos,Merced,CA
1233723,2006-06-30,los_banosmercedca,1.015,,,,,,,,,,,,,,,,,,,,,,,,,,,,,,,,,,,,,,,,,,,,,,,,,244.49099999999999,,244.4528,418900.0,,,,,,,,,,,,1.4426,,13.6254,,,,,,,,,,,,,,,,,los_banosmercedca,Los Banos,Merced,CA
1233724,2006-07-31,los_banosmercedca,1.7024,,,,,,,,,,,,,,,,,,,,,,,,,,,,,,,,,,,,,,,,,,,,,,,,,246.4394,,246.4231,414850.0,,,,,,,,,,,,,,12.8404,,,,,,,,,,,,,,,,,los_banosmercedca,Los Banos,Merced,CA
1233725,2006-08-31,los_banosmercedca,2.9931,,,,,,,,,,,,,,,,,,,,,,,,,,,,,,,,,,,,,,,,,,,,,,,,,240.2029,,240.2029,410400.0,,,,,,,,,,,,0.5435,,12.2492,,,,,,,,,,,,,,,,,los_banosmercedca,Los Banos,Merced,CA
1233726,2006-09-30,los_banosmercedca,3.67,,,,,,,,,,,,,,,,,,,,,,,,,,,,,,,,,,,,,,,,,,,,,,,,,234.3717,,234.5851,404900.0,,,,,,,,,,,,0.9487,,11.6969,,,,,,,,,,,,,,,,,los_banosmercedca,Los Banos,Merced,CA
1233727,2006-10-31,los_banosmercedca,2.4782,,,,,,,,,,,,,,,,,,,,,,,,,,,,,,,,,,,,,,,,,,,,,,,,,231.2356,,231.385,396700.0,,,,,,,,,,,,0.5608,,10.9313,,,,,,,,,,,,,,,,,los_banosmercedca,Los Banos,Merced,CA
1233728,2006-11-30,los_banosmercedca,4.4758,,,,,,,,,,,,,,,,,,,,,,,,,,,,,,,,,,,,,,,,,,,,,,,,,228.2785,,228.3425,389350.0,,,,,,,,,,,,1.0964,,10.3208,,,,,,,,,,,,,,,,,los_banosmercedca,Los Banos,Merced,CA
1233729,2006-12-31,los_banosmercedca,6.19,,,,,,,,,,,,,,,,,,,,,,,,,,,,,,,,,,,,,,,,,,,,,,,,,221.1974,,221.1974,404400.0,,,,,,,,,,,,1.6482,,9.9331,,,,,,,,,,,,,,,,,los_banosmercedca,Los Banos,Merced,CA
1233730,2007-01-31,los_banosmercedca,9.1104,,,,,,,,,,,,,,,,,,,,,,,,,,,,,,,,,,,,,,,,,,,,,,,,,212.611,,210.2551,400450.0,,,,,,,,,,,,3.4778,,9.4292,,,,,,,,,,,,,,,,,los_banosmercedca,Los Banos,Merced,CA
1233731,2007-02-28,los_banosmercedca,9.8872,,,,,,,,,,,,,,,,,,,,,,,,,,,,,,,,,,,,,,,,,,,,,,,,,218.59099999999998,,217.0801,398300.0,,,,,,,,,,,,2.05,,8.8768,,,,,,,,,,,,,,,,,los_banosmercedca,Los Banos,Merced,CA
1233732,2007-03-31,los_banosmercedca,13.215,,,,,,,,,,,,,,,,,,,,,,,,,,,,,,,,,,,,,,,,,,,,,,,,,215.1973,,216.6305,385450.0,,,,,,,,,,,,,,8.4214,,,,,,,,,,,,,,,,,los_banosmercedca,Los Banos,Merced,CA
1233733,2007-04-30,los_banosmercedca,16.5722,,,,,,,,,,,,,,,,,,,,,,,,,,,,,,,,,,,,,,,,,,,,,,,,,211.6811,,214.6068,388650.0,,,,,,,,,,,,5.8823,,8.0725,,,,,,,,,,,,,,,,,los_banosmercedca,Los Banos,Merced,CA
1233734,2007-05-31,los_banosmercedca,18.0006,,,,,,,,,,,,,,,,,,,,,,,,,,,,,,,,,,,,,,,,,,,,,,,,,209.0032,,210.6339,394650.0,,,,,,,,,,,,6.0407,,7.5686,,,,,,,,,,,,,,,,,los_banosmercedca,Los Banos,Merced,CA
1233735,2007-06-30,los_banosmercedca,25.8811,,,,,,,,,,,,,,,,,,,,,,,,,,,,,,,,,,,,,,,,,,,,,,,,,200.222,,201.5374,371750.0,,,,,,,,,,,,5.1942,,7.3844,,,,,,,,,,,,,,,,,los_banosmercedca,Los Banos,Merced,CA
1233736,2007-07-31,los_banosmercedca,32.3805,,,,,,,,,,,,,,,,,,,,,,,,,,,,,,,,,,,,,,,,,,,,,,,,,188.9701,,189.5855,357750.0,,,,,,,,,,,,4.5353,,7.4232,,,,,,,,,,,,,,,,,los_banosmercedca,Los Banos,Merced,CA
1233737,2007-08-31,los_banosmercedca,39.2892,,,,,,,,,,,,,,,,,,,,,,,,,,,,,,,,,,,,,,,,,,,,,,,,,187.2096,,188.9521,338150.0,,,,,,,,,,,,14.875,,7.2197,,,,,,,,,,,,,,,,,los_banosmercedca,Los Banos,Merced,CA
1233738,2007-09-30,los_banosmercedca,37.6115,,,,,,,,,,,,,,,,,,,,,,,,,,,,,,,,,,,,,,,,,,,,,,,,,185.7614,,186.7966,317850.0,,,,,,,,,,,,22.8333,,6.8224,,,,,,,,,,,,,,,,,los_banosmercedca,Los Banos,Merced,CA
1233739,2007-10-31,los_banosmercedca,43.1187,,,,,,,,,,,,,,,,,,,,,,,,,,,,,,,,,,,,,,,,,,,,,,,,,171.50099999999998,,171.9446,312200.0,,,,,,,,,,,,29.2598,,6.9193,,,,,,,,,,,,,,,,,los_banosmercedca,Los Banos,Merced,CA
1233740,2007-11-30,los_banosmercedca,50.3085,,,,,,,,,,,,,,,,,,,,,,,,,,,,,,,,,,,,,,,,,,,,,,,,,158.8528,,158.8528,301225.0,,,,,,,,,,,,26.3235,,7.2778,,,,,,,,,,,,,,,,,los_banosmercedca,Los Banos,Merced,CA
1233741,2007-12-31,los_banosmercedca,59.7967,,,,,,,,,,,,,,,,,,,,,,,,,,,,,,,,,,,,,,,,,,,,,,,,,155.4026,,155.4026,296675.0,,,,,,,,,,,,27.8307,,7.617000000000001,,,,,,,,,,,,,,,,,los_banosmercedca,Los Banos,Merced,CA
1233742,2008-01-31,los_banosmercedca,77.9599,,,,,,,,,,,,,,,,,,,,,,,,,,,,,,,,,,,,,,,,,,,,,,,,,140.2268,,140.4654,254900.0,,,,,,,,,,,,43.3423,,8.276,,,,,,,,,,,,,,,,,los_banosmercedca,Los Banos,Merced,CA
1233743,2008-02-29,los_banosmercedca,91.8245,,,,,,,,,,,,,,,,,,,,,,,,,,,,,,,,,,,,,,,,,,,,,,,,,,,,,,,,,,,,,,,,58.4602,,9.0125,,,,,,,,,,,,,,,,,los_banosmercedca,Los Banos,Merced,CA
1233744,2008-03-31,los_banosmercedca,93.0328,,,,,,,,,,,,,,,,,,,,,,,,,,,,,,,,,,,,,,,,,,,,,,,,,125.0639,,128.4268,222538.4615,,,,,,,,,,,,61.2286,,9.5358,,,,,,,,,,,,,,,,,los_banosmercedca,Los Banos,Merced,CA
1233745,2008-04-30,los_banosmercedca,99.8051,,,,,,,,,,,,,,,,,,,,,,,,,,,,,,,,,,,,,,,,,,,,,,,,,138.8062,,140.5474,244794.1176,,,,,,,,,,,,67.5587,,10.3208,,,,,,,,,,,,,,,,,los_banosmercedca,Los Banos,Merced,CA
1233746,2008-05-31,los_banosmercedca,118.5899,,,,,,,,,,,,,,,,,,,,,,,,,,,,,,,,,,,,,,,,,,,,,,,,,127.9236,,128.5579,250825.0,,,,,,,,,,,,67.5763,,11.6872,,,,,,,,,,,,,,,,,los_banosmercedca,Los Banos,Merced,CA
1233747,2008-06-30,los_banosmercedca,141.9106,,,,,,,,,,,,,,,,,,,,,,,,,,,,,,,,,,,,,,,,,,,,,,,,,126.4888,,126.4888,237400.0,,,,,,,,,,,,75.5558,,12.8404,,,,,,,,,,,,,,,,,los_banosmercedca,Los Banos,Merced,CA
1233748,2008-07-31,los_banosmercedca,160.1271,,,,,,,,,,,,,,,,,,,,,,,,,,,,,,,,,,,,,,,,,,,,,,,,,124.6169,,124.6169,226700.0,,,,,,,,,,,,77.3053,,14.2456,,,,,,,,,,,,,,,,,los_banosmercedca,Los Banos,Merced,CA
1233749,2008-08-31,los_banosmercedca,174.1823,,,,,,,,,,,,,,,,,,,,,,,,,,,,,,,,,,,,,,,,,,,,,,,,,,,,,,,,,,,,,,,,81.9048,,15.6798,,,,,,,,,,,,,,,,,los_banosmercedca,Los Banos,Merced,CA
1233750,2008-09-30,los_banosmercedca,161.4812,,,,,,,,,,,,,,,,,,,,,,,,,,,,,,,,,,,,,,,,,,,,,,,,,104.7307,,100.4943,196192.3077,,,,,,,,,,,,83.4686,,16.959,,,,,,,,,,,,,,,,,los_banosmercedca,Los Banos,Merced,CA
1233751,2008-10-31,los_banosmercedca,118.3934,,,,,,,,,,,,,,,,,,,,,,,,,,,,,,,,,,,,,,,,,,,,,,,,,93.5082,,91.2404,,,,,,,,,,,,,84.5479,,17.5405,,,,,,,,,,,,,,,,,los_banosmercedca,Los Banos,Merced,CA
1233752,2008-11-30,los_banosmercedca,86.40799999999999,,,,,,,,,,,,,,,,,,,,,,,,,,,,,,,,,,,,,,,,,,,,,,,,,86.1658,,85.3397,146500.0,,,,,,,,,,,,88.9881,,17.7924,,,,,,,,,,,,,,,,,los_banosmercedca,Los Banos,Merced,CA
1233753,2008-12-31,los_banosmercedca,89.2854,,,,,,,,,,,,,,,,,,,,,,,,,,,,,,,,,,,,,,,,,,,,,,,,,84.4468,,84.4468,147200.0,,,,,,,,,,,,88.0552,,18.6161,,,,,,,,,,,,,,,,,los_banosmercedca,Los Banos,Merced,CA
1233754,2009-01-31,los_banosmercedca,84.5662,,,,,,,,,,,,,,,,,,,,,,,,,,,,,,,,,,,,,,,,,,,,,,,,,84.1344,,84.1344,153250.0,,,,,,,,,,,,89.9091,,18.9359,,,,,,,,,,,,,,,,,los_banosmercedca,Los Banos,Merced,CA
1233755,2009-02-28,los_banosmercedca,83.0047,,,,,,,,,,,,,,,,,,,,,,,,,,,,,,,,,,,,,,,,,,,,,,,,,80.3104,,80.3104,155350.0,,,,,,,,,,,,90.2163,,19.4011,,,,,,,,,,,,,,,,,los_banosmercedca,Los Banos,Merced,CA
1233756,2009-03-31,los_banosmercedca,75.0257,,,,,,,,,,,,,,,,,,,,,,,,,,,,,,,,,,,,,,,,,,,,,,,,,75.483,,74.9766,140150.0,,,,,,,,,,,,90.2026,,19.6046,,,,,,,,,,,,,,,,,los_banosmercedca,Los Banos,Merced,CA
1233757,2009-04-30,los_banosmercedca,54.6388,,,,,,,,,,,,,,,,,,,,,,,,,,,,,,,,,,,,,,,,,,,,,,,,,70.2682,,69.8529,139500.0,,,,,,,,,,,,89.8512,,19.2751,,,,,,,,,,,,,,,,,los_banosmercedca,Los Banos,Merced,CA
1233758,2009-05-31,los_banosmercedca,60.7747,,,,,,,,,,,,,,,,,,,,,,,,,,,,,,,,,,,,,,,,,,,,,,,,,66.3932,,66.0663,137000.0,,,,,,,,,,,,87.3665,,19.1473,,,,,,,,,,,,,,,,,los_banosmercedca,Los Banos,Merced,CA
1233759,2009-06-30,los_banosmercedca,82.2116,,,,,,,,,,,,,,,,,,,,,,,,,,,,,,,,,,,,,,,,,,,,,,,,,63.6092,,64.0575,121500.0,,,,,,,,,,,,84.4124,,19.3877,,,,,,,,,,,,,,,,,los_banosmercedca,Los Banos,Merced,CA
1233760,2009-07-31,los_banosmercedca,92.2153,,,,,,,,,,,,,,,,,,,,,,,,,,,,,,,,,,,,,,,,,,,,,,,,,64.5363,,65.1601,112000.0,,,,,,,,,,,,80.6403,,19.2699,,,,,,,,,,,,,,,,,los_banosmercedca,Los Banos,Merced,CA
1233761,2009-08-31,los_banosmercedca,82.2635,,,,,,,,,,,,,,,,,,,,,,,,,,,,,,,,,,,,,,,,,,,,,,,,,64.3371,,64.6953,116750.0,,,,,,,,,,,,75.4827,,19.1924,,,,,,,,,,,,,,,,,los_banosmercedca,Los Banos,Merced,CA
1233762,2009-09-30,los_banosmercedca,67.4325,,,,,,,,,,,,,,,,,,,,,,,,,,,,,,,,,,,,,,,,,,,,,,,,,66.9562,,66.9562,121750.0,,,,,,,,,,,,71.9341,,18.7094,,,,,,,,,,,,,,,,,los_banosmercedca,Los Banos,Merced,CA
1233763,2009-10-31,los_banosmercedca,68.3978,,,,,,,,,,,,,,,,,,,,,,,,,,,,,,,,,,,,,,,,,,,,,,,,,66.085,,66.085,116300.0,,,,,,,,,,,,77.2718,,18.1686,,,,,,,,,,,,,,,,,los_banosmercedca,Los Banos,Merced,CA
1233764,2009-11-30,los_banosmercedca,66.5765,,,,,,,,,,,,,,,,,,,,,,,,,,,,,,,,,,,,,,,,,,,,,,,,,66.1135,,66.1135,114100.0,,,,,,,,,,,,77.5486,,17.6948,,,,,,,,,,,,,,,,,los_banosmercedca,Los Banos,Merced,CA
1233765,2009-12-31,los_banosmercedca,71.8374,,,,,,,,,,,,,,,,,,,,,,,,,,,,,,,,,,,,,,,,,,,,,,,,,65.3125,,65.3617,120350.0,,,,,,,,,,,,71.5654,,17.2887,,,,,,,,,,,,,,,,,los_banosmercedca,Los Banos,Merced,CA
1233766,2010-01-31,los_banosmercedca,58.3466,,,,,,,,,,,,,,,,,,,,,,,,,,,,,,,,,,,,,,,,,,,,,,,,,62.9661,,63.0006,119375.0,,,,,,,,,,,,69.7316,,16.5249,,,,,,,,,,,,,,,,,los_banosmercedca,Los Banos,Merced,CA
1233767,2010-02-28,los_banosmercedca,47.604,,,,,,,,,,,,,,,,,,,,,,,,,,,,,,,,,,,,,,,,,,,,,,,,,63.0227,,63.0375,129375.0,,,,,,,,,,,,73.3411,,15.7706,,,,,,,,,,,,,,,,,los_banosmercedca,Los Banos,Merced,CA
1233768,2010-03-31,los_banosmercedca,44.3822,,,,,,,,,,,,,,,,,,,,,,,,,,,,,,,,,,,,,,,,,,,,,,,,,64.8677,,64.8677,130250.0,,,,,,,,,,,,72.4456,,14.794,,,,,,,,,,,,,,,,,los_banosmercedca,Los Banos,Merced,CA
1233769,2010-04-30,los_banosmercedca,58.7076,,,,,,,,,,,,,,,,,,,,,,,,,,,,,,,,,,,,,,,,,,,,,,,,,68.0285,,68.0285,126300.0,,,,,,,,,,,,67.325,,14.3686,,,,,,,,,,,,,,,,,los_banosmercedca,Los Banos,Merced,CA
1233770,2010-05-31,los_banosmercedca,55.8848,,,,,,,,,,,,,,,,,,,,,,,,,,,,,,,,,,,,,,,,,,,,,,,,,68.9964,,68.9964,120550.0,,,,,,,,,,,,58.6197,,13.5997,,,,,,,,,,,,,,,,,los_banosmercedca,Los Banos,Merced,CA
1233771,2010-06-30,los_banosmercedca,63.7454,,,,,,,,,,,,,,,,,,,,,,,,,,,,,,,,,,,,,,,,,,,,,,,,,68.8647,,68.8647,130450.0,,,,,,,,,,,,48.2563,,13.2108,,,,,,,,,,,,,,,,,los_banosmercedca,Los Banos,Merced,CA
1233772,2010-07-31,los_banosmercedca,53.4853,,,,,,,,,,,,,,,,,,,,,,,,,,,,,,,,,,,,,,,,,,,,,,,,,69.7363,,69.7363,132900.0,,,,,,,,,,,,53.6803,,12.5389,,,,,,,,,,,,,,,,,los_banosmercedca,Los Banos,Merced,CA
1233773,2010-08-31,los_banosmercedca,46.3145,,,,,,,,,,,,,,,,,,,,,,,,,,,,,,,,,,,,,,,,,,,,,,,,,69.92,,69.92,126650.0,,,,,,,,,,,,58.1926,,11.9168,,,,,,,,,,,,,,,,,los_banosmercedca,Los Banos,Merced,CA
1233774,2010-09-30,los_banosmercedca,50.4256,,,,,,,,,,,,,,,,,,,,,,,,,,,,,,,,,,,,,,,,,,,,,,,,,70.3381,,70.3381,124650.0,,,,,,6.06074055577552,,5.99205828054741,6.9364161849711,,6.97674418604651,49.1855,,11.5183,,,,,,,,,,,,,,,,,los_banosmercedca,Los Banos,Merced,CA
1233775,2010-10-31,los_banosmercedca,40.7861,,,,,,,,,,,,,,,,,,,,,,,,,,,,,,,,,,,,,,,,,,,,,,,,,68.4223,,68.4223,132300.0,,,,,,8.59418231887241,,8.57480195175692,9.574468085106382,,9.677419354838712,50.6964,,11.0506,,,,,,,,,,,,,,,,,los_banosmercedca,Los Banos,Merced,CA
1233776,2010-11-30,los_banosmercedca,29.9714,,,,,,,,,,,,,,,,,,,,,,,,,,,,,,,,,,,,,,,,,,,,,,,,,69.811,,69.811,133050.0,,,,,,12.8018180566098,,11.9685531170904,12.371134020618598,,11.5183246073298,61.0796,,10.558,,,,,,,,,,,,1193.0,1189.0,0.716,1025.0,1194.0,los_banosmercedca,Los Banos,Merced,CA
1233777,2010-12-31,los_banosmercedca,30.578000000000003,,,,,,,,,,,,,,,,,,,,,,,,,,,,,,,,,,,,,,,,,,,,,,,,,70.875,,70.875,128000.0,,,,,,13.614795798464598,,13.868784797261501,13.7566137566138,,13.978494623655902,58.3896,,10.0408,,,,,,,,,,,,1187.0,1182.0,0.7120000000000001,1021.0,1189.0,los_banosmercedca,Los Banos,Merced,CA
1233778,2011-01-31,los_banosmercedca,35.4283,,,,,,,,,,,,,,,,,,,,,,,,,,,,,,,,,,,,,,,,,,,,,,,,,72.392,,72.392,118550.0,,,,,,14.4045977561733,,14.7647366312654,15.7068062827225,,16.042780748663098,60.8287,,9.9533,,,,,,,,,,,,1171.0,1165.0,0.7020000000000001,999.0,1174.0,los_banosmercedca,Los Banos,Merced,CA
1233779,2011-02-28,los_banosmercedca,40.6261,,,,,,,,,,,,,,,,,,,,,,,,,,,,,,,,,,,,,,,,,,,,,,,,,71.8296,,71.8296,117650.0,,,,,,12.486260296617,,12.758387265541801,11.5789473684211,,11.827956989247301,63.3633,,9.7492,,,,,,,,,,,,1143.0,1138.0,0.684,959.0,1145.0,los_banosmercedca,Los Banos,Merced,CA
1233780,2011-03-31,los_banosmercedca,48.3571,,,,,,,,,,,,,,,,,,,,,,,,,,,,,,,,,,,,,,,,,,,,,,,,,69.9415,,69.9415,117550.0,,,,,,9.30939243777044,,9.47861081863501,9.66386554621849,,9.78723404255319,55.549,,9.6909,,,,,,,,,,,,1118.0,1111.0,0.664,909.0,1120.0,los_banosmercedca,Los Banos,Merced,CA
1233781,2011-04-30,los_banosmercedca,47.0247,,,,,,,,,,,,,,,,,,,,,,,,,,,,,,,,,,,,,,,,,,,,,,,,,69.8515,,69.8658,123125.0,,,,,,13.936849329329998,,14.1568721355093,11.7903930131004,,11.946902654867301,54.3244,,9.4285,,,,,,,,94000.0,,,,1099.0,1090.0,0.65,875.0,1101.0,los_banosmercedca,Los Banos,Merced,CA
1233782,2011-05-31,los_banosmercedca,44.8497,,,,,,,,,,,,,,,,,,,,,,,,,,,,,,,,,,,,,,,,,,,,,,,,,68.3644,,68.3744,124425.0,,,,,,12.1034646987981,,12.161637915176499,11.946902654867301,,12.0535714285714,52.9874,,9.3021,,,,,,,,93700.0,,,,1078.0,1068.0,0.64,852.0,1081.0,los_banosmercedca,Los Banos,Merced,CA
1233783,2011-06-30,los_banosmercedca,36.8062,,,,,,,,,,,,,,,,,,,,,,,,,,,,,,,,,,,,,,,,,,,,,,,,,68.3063,,68.3106,122600.0,,,,,,15.6082521487488,,15.729262470926699,14.285714285714299,,14.5,57.674,,8.8444,,,,,,,,93300.0,,,,1057.0,1047.0,0.63,839.0,1059.0,los_banosmercedca,Los Banos,Merced,CA
1233784,2011-07-31,los_banosmercedca,33.9417,,,,,,,,,,,,,,,,,,,,,,,,,,,,,,,,,,,,,,,,,,,,,,,,,63.3237,,69.1513,98100.0,,,,,,14.429443612432802,,14.0895456039574,13.716814159292,,13.2420091324201,60.791000000000004,,8.6889,,,,,,,,92800.0,,,,1042.0,1033.0,0.626,834.0,1043.0,los_banosmercedca,Los Banos,Merced,CA
1233785,2011-08-31,los_banosmercedca,30.1874,,,,,,,,,,,,,,,,,,,,,,,,,,,,,,,,,,,,,,,,,,,,,,,,,67.2099,,71.2892,104250.0,,,,,,6.762061595965919,,6.82174548446359,8.78378378378378,,8.8135593220339,59.2777,,8.6889,,,,,,,,91600.0,,,,1030.0,1021.0,0.622,829.0,1031.0,los_banosmercedca,Los Banos,Merced,CA
1233786,2011-09-30,los_banosmercedca,37.5945,,,,,,,,,,,,,,,,,,,,,,,,,,,,,,,,,,,,,,,,,,,,,,,,,69.7566,,71.5049,127750.0,,,,,,10.7185272693551,,10.6657995313941,11.594202898550698,,11.650485436893199,56.2416,,8.7764,,,,,,,,90500.0,,,,1022.0,1014.0,0.62,827.0,1023.0,los_banosmercedca,Los Banos,Merced,CA
1233787,2011-10-31,los_banosmercedca,31.623,,,,,,,,,,,,,,,,,,,,,,,,,,,,,,,,,,,,,,,,,,,,,,,,,68.285,,68.285,127650.0,,,,,,7.6055728196246095,,7.61533131486693,8.58585858585859,,8.717948717948719,50.2498,,8.7764,,,,,,,,90500.0,,,,1010.0,1004.0,0.614,816.0,1011.0,los_banosmercedca,Los Banos,Merced,CA
1233788,2011-11-30,los_banosmercedca,28.2925,,,,,,,,,,,,,,,,,,,,,,,,,,,,,,,,,,,,,,,,,,,,,,,,,68.1191,,68.1191,118100.0,,,,,,9.173853434898321,,9.33911739864944,8.7431693989071,,8.888888888888891,43.8845,,8.6762,,,,,,,,91500.0,,,,1000.0,995.0,0.608,800.0,1002.0,los_banosmercedca,Los Banos,Merced,CA
1233789,2011-12-31,los_banosmercedca,28.5302,,,,,,,,,,,,,,,,,,,,,,,,,,,,,,,,,,,,,,,,,,,,,,,,,67.9735,,67.9735,106600.0,,,,,,12.433032341252,,12.617562900878301,12.5748502994012,,12.727272727272698,43.3208,,8.6081,,,,,,,,91800.0,,,,1001.0,994.0,0.608,793.0,1002.0,los_banosmercedca,Los Banos,Merced,CA
1233790,2012-01-31,los_banosmercedca,28.7348,,,,,,,,,,,,,,,,,,,,,,,,,,,,,,,,,,,,,,,,,,,,,,,,,67.5177,,67.5177,111750.0,,,,,,7.57353111842116,,7.758100460915519,8.87573964497041,,9.03614457831325,43.0518,,8.4428,,,,,,,,91600.0,,,,1007.0,999.0,0.608,798.0,1007.0,los_banosmercedca,Los Banos,Merced,CA
1233791,2012-02-29,los_banosmercedca,22.4615,,,,,,,,,,,,,,,,,,,,,,,,,,,,,,,,,,,,,,,,,,,,,,,,,65.6865,,65.6865,129625.0,,,,,,9.04684781191692,,8.62273796860221,8.13953488372093,,7.692307692307691,49.26,,8.2588,,,,,,,,92500.0,,,,1019.0,1010.0,0.612,810.0,1019.0,los_banosmercedca,Los Banos,Merced,CA
1233792,2012-03-31,los_banosmercedca,19.7299,,,,,,,,,,,,,,,,,,,,,,,,,,,,,,,,,,,,,,,,,,,,,,,,,69.2682,,69.2682,126125.0,,,,,,5.3746935582186195,,5.511482596187639,5.72916666666667,,5.820105820105821,43.3604,,7.9864,,,,,,,,94200.0,,,,1029.0,1021.0,0.616,830.0,1030.0,los_banosmercedca,Los Banos,Merced,CA
1233793,2012-04-30,los_banosmercedca,17.3663,,,,,,,,,,,,,,,,,,,,,,,,,,,,,,,,,,,,,,,,,,,,,,,,,71.3842,,71.3842,126150.0,,,,,,7.91568708546031,,8.170234381304281,5.76923076923077,,5.96026490066225,38.5509,,7.7335,,,,,,,,96400.0,,,,1036.0,1026.0,0.618,845.0,1036.0,los_banosmercedca,Los Banos,Merced,CA
1233794,2012-05-31,los_banosmercedca,15.703,,,,,,,,,,,,,,,,,,,,,,,,,,,,,,,,,,,,,,,,,,,,,,,,,74.732,,74.732,132250.0,,,,,,7.56396945133829,,7.114435913356661,7.40740740740741,,7.00636942675159,40.5398,,7.3638,,,,,,,,97300.0,,,,1035.0,1026.0,0.62,856.0,1036.0,los_banosmercedca,Los Banos,Merced,CA
1233795,2012-06-30,los_banosmercedca,14.3797,,,,,,,,,,,,,,,,,,,,,,,,,,,,,,,,,,,,,,,,,,,,,,,,,69.5255,,69.5255,130150.0,,,,,,6.02842021597573,,6.04853957936041,4.70588235294118,,4.81927710843374,35.6893,,7.1498,,,,,,,,98000.0,,,,1033.0,1026.0,0.62,858.0,1034.0,los_banosmercedca,Los Banos,Merced,CA
1233796,2012-07-31,los_banosmercedca,16.7611,,,,,,,,,,,,,,,,,,,,,,,,,,,,,,,,,,,,,,,,,,,,,,,,,71.3654,,71.3654,126950.0,,,,,,4.806196704602759,,5.0644039414168605,4.09356725146199,,4.21686746987952,31.0448,,7.1394,,,,,,,,98800.0,,,,1030.0,1023.0,0.62,859.0,1031.0,los_banosmercedca,Los Banos,Merced,CA
1233797,2012-08-31,los_banosmercedca,14.843,,,,,,,,,,,,,,,,,,,,,,,,,,,,,,,,,,,,,,,,,,,,,,,,,71.4925,,75.9478,121500.0,,,,,,2.85632659266994,,3.00818616242969,4.878048780487799,,5.0,25.8254,,6.9448,,,,,,,,99700.0,,,,1031.0,1023.0,0.62,853.0,1031.0,los_banosmercedca,Los Banos,Merced,CA
1233798,2012-09-30,los_banosmercedca,20.5727,,,,,,,,,,,,,,,,,,,,,,,,,,,,,,,,,,,,,,,,,,,,,,,,,69.7727,,74.9998,142050.0,,,,,,1.44990576615326,,1.4346689332105702,2.3255813953488396,,2.41935483870968,23.1749,,6.7486,,,,,,,,99000.0,,,,1031.0,1024.0,0.62,845.0,1033.0,los_banosmercedca,Los Banos,Merced,CA
1233799,2012-10-31,los_banosmercedca,22.2888,,,,,,,,,,,,,,,,,,,,,,,,,,,,,,,,,,,,,,,,,,,,,,,,,72.7967,,75.6091,137600.0,,,,,,2.6894390044082304,,2.60108630062192,3.6697247706422003,,3.7037037037037,20.2334,,6.6901,,,,,,,,98900.0,,,,1033.0,1025.0,0.622,838.0,1035.0,los_banosmercedca,Los Banos,Merced,CA
1233800,2012-11-30,los_banosmercedca,16.3333,,,,,,,,,,,,,,,,,,,,,,,,,,,,,,,,,,,,,,,,,,,,,,,,,71.9349,,71.9359,146375.0,,,,,,2.11135630489878,,2.15963021916226,1.6806722689075602,,1.70940170940171,23.3081,,6.495,,,,,,,,100000.0,,,,1028.0,1020.0,0.62,829.0,1029.0,los_banosmercedca,Los Banos,Merced,CA
1233801,2012-12-31,los_banosmercedca,8.9455,,,,,,,,,,,,,,,,,,,,,,,,,,,,,,,,,,,,,,,,,,,,,,,,,73.4396,,73.4396,143000.0,,,,,,3.7416771874818795,,3.8118588010565198,3.8834951456310693,,3.92156862745098,22.5278,,6.2415,,,,,,,,102100.0,,,,1024.0,1015.0,0.622,826.0,1025.0,los_banosmercedca,Los Banos,Merced,CA
1233802,2013-01-31,los_banosmercedca,9.2121,,,,,,,,,,,,,,,,,,,,,,,,,,,,,,,,,,,,,,,,,,,,,,,,,75.9732,,75.9732,138750.0,,,,,,4.467022242681519,,4.54719860104887,5.76923076923077,,5.825242718446599,25.5357,,6.2122,,,,,,,,104700.0,,,,1016.0,1009.0,0.626,828.0,1017.0,los_banosmercedca,Los Banos,Merced,CA
1233803,2013-02-28,los_banosmercedca,10.123,,,,,,,,,,,,,,,,,,,,,,,,,,,,,,,,,,,,,,,,,,,,,,,,,77.8543,,77.8543,140050.0,,,,,,2.9691685982990803,,3.03569343418925,2.06185567010309,,2.1052631578947403,23.4848,,6.1537,,,,,,,,106300.0,,,,1012.0,1006.0,0.628,837.0,1013.0,los_banosmercedca,Los Banos,Merced,CA
1233804,2013-03-31,los_banosmercedca,10.9048,,,,,,,,,,,,,,,,,,,,,,,,,,,,,,,,,,,,,,,,,,,,,,,,,85.3873,,85.3873,154700.0,,,,,,3.25998472287725,,3.34991336144767,3.6144578313252995,,3.6585365853658502,25.8631,,5.9782,,,,,,,,107100.0,,,,1009.0,1004.0,0.63,848.0,1009.0,los_banosmercedca,Los Banos,Merced,CA
1233805,2013-04-30,los_banosmercedca,8.869,,,,,,,,,,,,,,,,,,,,,,,,,,,,,,,,,,,,,,,,,,,,,,,,,85.5321,,85.5321,158050.0,,,,,,4.393647327465501,,4.4826967533693,2.2471910112359597,,2.2727272727272703,21.1607,,6.0562,,,,,,,,108200.0,,,,1008.0,1006.0,0.632,855.0,1009.0,los_banosmercedca,Los Banos,Merced,CA
1233806,2013-05-31,los_banosmercedca,6.5687,,,,,,,,,,,,,,,,,,,,,,,,,,,,,,,,,,,,,,,,,,,,,,,,,91.5049,,91.6413,156950.0,,,,,,1.26767315504199,,1.2444301229687098,1.11111111111111,,1.1363636363636398,15.9636,,6.0464,,,,,,,,111100.0,,,,1008.0,1006.0,0.632,852.0,1009.0,los_banosmercedca,Los Banos,Merced,CA
1233807,2013-06-30,los_banosmercedca,3.2776,,,,,,,,,,,,,,,,,,,,,,,,,,,,,,,,,,,,,,,,,,,,,,,,,90.9179,,91.2716,152250.0,,,,,,3.4730754974431606,,3.42706466872887,2.1505376344086002,,2.1978021978022,17.5959,,5.7831,,,,,,,,115000.0,,,,1009.0,1008.0,0.632,851.0,1010.0,los_banosmercedca,Los Banos,Merced,CA
1233808,2013-07-31,los_banosmercedca,3.0835,,,,,,,,,,,,,,,,,,,,,,,,,,,,,,,,,,,,,,,,,,,,,,,,,90.5295,,90.7512,165050.0,,,,,,3.68292648284374,,3.8778395018403704,2.9702970297029703,,3.03030303030303,19.4263,,5.6749,,,,,,,,120500.0,,,,1013.0,1012.0,0.63,843.0,1014.0,los_banosmercedca,Los Banos,Merced,CA
1233809,2013-08-31,los_banosmercedca,3.0451,,,,,,,,,,,,,,,,,,,,,,,,,,,,,,,,,,,,,,,,,,,,,,,,,96.895,,96.9725,165200.0,,,,,,3.4328232667275898,,3.61566279794371,5.454545454545451,,5.607476635514019,20.7198,,5.5675,,,,,,,,125400.0,,,,1026.0,1023.0,0.632,834.0,1027.0,los_banosmercedca,Los Banos,Merced,CA
1233810,2013-09-30,los_banosmercedca,4.7013,,,,,,,,,,,,,,,,,,,,,,,,,,,,,,,,,,,,,,,,,,,,,,,,,101.6514,,101.6514,190500.0,,,,,,6.020876094942349,,6.03285795415002,6.89655172413793,,7.017543859649121,25.171,,5.3516,,,,,,,,128900.0,,,,1043.0,1039.0,0.634,822.0,1044.0,los_banosmercedca,Los Banos,Merced,CA
1233811,2013-10-31,los_banosmercedca,5.144,,,,,,,,,,,,,,,,,,,,,,,,,,,,,,,,,,,,,,,,,,,,,,,,,107.3503,,107.3503,191750.0,,,,,,10.1308253448771,,10.218137313899302,11.1111111111111,,11.3207547169811,20.61,,5.3617,,,,,,,,132800.0,,,,1056.0,1049.0,0.632,817.0,1057.0,los_banosmercedca,Los Banos,Merced,CA
1233812,2013-11-30,los_banosmercedca,4.2049,,,,,,,,,,,,,,,,,,,,,,,,,,,,,,,,,,,,,,,,,,,,,,,,,109.4344,,109.4344,212000.0,,,,,,8.12299172829891,,8.21721880102269,7.692307692307691,,7.766990291262139,15.9907,,5.3585,,,,,,,,137100.0,,,,1057.0,1048.0,0.63,811.0,1058.0,los_banosmercedca,Los Banos,Merced,CA
1233813,2013-12-31,los_banosmercedca,4.3324,,,,,,,,,,,,,,,234950.0,,,,,,,,,,,,,,,,,,,,,,,,,,,,,,,,,,114.1131,,114.1131,188250.0,,,,,,13.1234881642998,,13.292352029275598,13.265306122449,,13.4020618556701,9.0737,,5.3585,,,,,,,,139300.0,,,,1055.0,1046.0,0.628,808.0,1055.0,los_banosmercedca,Los Banos,Merced,CA
1233814,2014-01-31,los_banosmercedca,3.7111,,,,,,,,,,,,,,,235000.0,,,,,224950.0,,,,,,,,,,,,,,,,,,,,,,,,,,,,,118.5897,,118.5897,184000.0,,,,,,14.4872651576613,,14.651159422425302,15.7894736842105,,15.929203539823,5.4535,,5.2221,,,,,,,,139200.0,,,,1051.0,1043.0,0.63,810.0,1052.0,los_banosmercedca,Los Banos,Merced,CA
1233815,2014-02-28,los_banosmercedca,2.7991,,,,,,,,,,,,,,,240000.0,,220000.0,,,224900.0,,,,,,,,,,,,,,,,,,,,,,,,,,,,,119.7497,,119.7497,194950.0,,,,,,14.2406462615293,,14.489752310192802,13.333333333333302,,13.559322033898301,11.4534,,5.0760000000000005,,,,,,,,139500.0,,,,1050.0,1042.0,0.632,813.0,1051.0,los_banosmercedca,Los Banos,Merced,CA
1233816,2014-03-31,los_banosmercedca,1.6573,,,,,130.04410143329702,,,118.745591761885,,,119.91605994916,,,,239900.0,,229900.0,,,229900.0,,,,,,,,,,,,,,,,,,,,,,,,,,,,,114.3873,,114.3873,196400.0,,,,,,13.0213230698959,,13.416866972160198,13.375796178343899,,13.7254901960784,10.8357,,5.0955,,,,,,,,140700.0,,,,1051.0,1042.0,0.636,820.0,1052.0,los_banosmercedca,Los Banos,Merced,CA
1233817,2014-04-30,los_banosmercedca,4.2174,,,,,133.523646580926,,,128.21482602118,,,128.22195704057302,,,199450.0,247000.0,,229000.0,,,229900.0,,,,,,,,,,,,,,,,,,,,,,,,,,,,,114.1766,,114.1766,196800.0,,,,,,9.732663212781269,,9.202976473649018,7.58620689655172,,6.99300699300699,10.2769,,4.9981,,,,,,,,142500.0,,,,1053.0,1046.0,0.64,824.0,1054.0,los_banosmercedca,Los Banos,Merced,CA
1233818,2014-05-31,los_banosmercedca,5.19,,,,,132.198036389931,116.39185257032,,121.261162878714,,,122.837727641223,,,199450.0,240000.0,,230000.0,,,233000.0,,,,,,,,,,,,,,,,,,,,,,,,,,,,,111.53,,111.53,204650.0,,,,,,16.7033246338589,,16.8963876544883,16.5467625899281,,16.788321167883197,12.4069,,4.8909,,,,,,,,145700.0,,,,1055.0,1051.0,0.644,833.0,1056.0,los_banosmercedca,Los Banos,Merced,CA
1233819,2014-06-30,los_banosmercedca,5.8317,,,,,136.815129020855,123.56451239213001,,125.448028673835,,,126.651982378855,,,210000.0,259450.0,,235000.0,,,237000.0,,,,,,,,,,,,,,,,,,,,,,,,,,,,,115.7296,,115.7296,204450.0,,,,,,9.65587119636789,,9.80069104235524,8.33333333333333,,8.571428571428571,9.8199,,5.1637,,,,,,,,149700.0,,,,1059.0,1055.0,0.6459999999999999,840.0,1060.0,los_banosmercedca,Los Banos,Merced,CA
1233820,2014-07-31,los_banosmercedca,6.0395,,,,,138.524590163934,126.043794510783,,129.217840982547,,,130.202140309156,,,209900.0,261500.0,,235000.0,,,239950.0,,,,,,,,,,,,,,,,,,,,,,,,,,,,,123.5344,,123.5344,209800.0,,,,,,8.78716361463146,,8.6906737264393,8.07453416149068,,7.84313725490196,15.3496,,5.2027,,,,,,,,152800.0,,,,1065.0,1059.0,0.648,847.0,1066.0,los_banosmercedca,Los Banos,Merced,CA
1233821,2014-08-31,los_banosmercedca,4.627,,,,,141.206675224647,124.795523030564,,127.744310575636,,,129.217840982547,,,199900.0,265000.0,,246450.0,,,249900.0,,,,,,,,,,,,,,,,,,,,,,,,,,,,,122.0162,,122.0162,210700.0,,,,,,14.243338053146,,14.1572544854111,16.2650602409639,,16.1490683229814,9.7686,,5.1247,,,,,,,,155700.0,,,,1073.0,1067.0,0.652,851.0,1074.0,los_banosmercedca,Los Banos,Merced,CA
1233822,2014-09-30,los_banosmercedca,3.5,,,,,139.558394918339,127.37997836968201,,130.02411697899998,,,130.447512975303,,,192500.0,269450.0,,239000.0,,,240000.0,,,,,,,,,,,,,,,,,,,,,,,,,,,,,121.4987,,121.4987,205950.0,,,,,,13.321855235002001,,13.5722761198173,14.1975308641975,,14.556962025316501,9.2611,,5.1637,,,,,,,,159400.0,,,,1088.0,1081.0,0.662,851.0,1088.0,los_banosmercedca,Los Banos,Merced,CA
1233823,2014-10-31,los_banosmercedca,3.9810000000000003,,,,,139.86013986014,125.484964483163,,129.61932631853702,,,130.21023765996298,,,200000.0,269450.0,,239000.0,,,242450.0,,,,,,,,,,,,,,,,,,,,,,,,,,,,,122.6962,,122.6962,215650.0,,,,,,10.5348657489175,,10.772382596918199,11.515151515151501,,11.875,7.6266,,4.9883,,,,,,,,162700.0,,,,1098.0,1090.0,0.67,849.0,1098.0,los_banosmercedca,Los Banos,Merced,CA
1233824,2014-11-30,los_banosmercedca,2.1879,,,,,129.675057113607,122.88663422027399,,124.46943972835301,,,125.49253841145901,,,191900.0,261200.0,,235000.0,,,239000.0,,,,,,,,,,,,,,,,,,,,,,,,,,,,,122.1284,,122.1284,213800.0,,,,,,11.5417951471023,,12.1385401980722,11.1111111111111,,11.688311688311698,10.6775,,5.0175,,,,,,,,164000.0,,,,1103.0,1094.0,0.6759999999999999,846.0,1104.0,los_banosmercedca,Los Banos,Merced,CA
1233825,2014-12-31,los_banosmercedca,3.8128,,,,,132.997215331155,127.506850076842,,128.446578631453,,,130.027422303473,,,189900.0,266350.0,,239000.0,,,240000.0,,,,,,,,,,,,,,,,,,,,,,,,,,,,,122.4014,,122.4014,185500.0,,,,,,3.40428133263095,,3.59399387730924,3.5460992907801403,,3.7037037037037,10.9822,,5.0273,,,,,,,,163200.0,,,,1102.0,1096.0,0.6779999999999999,843.0,1102.0,los_banosmercedca,Los Banos,Merced,CA
1233826,2015-01-31,los_banosmercedca,5.2023,,,,,135.62472933588998,120.26103118916001,,127.706659973226,,,128.11778290993098,,,206999.5,268350.0,,247000.0,,,249900.0,,,,,,,,,,,,,,,,,,,,,,,,,,,,,120.7642,,121.0165,197150.0,,,,,,5.840648616307889,,6.284981092686301,7.142857142857139,,7.563025210084031,12.5852,,5.1734,,,,,,,,162300.0,,,,1100.0,1096.0,0.6779999999999999,831.0,1100.0,los_banosmercedca,Los Banos,Merced,CA
1233827,2015-02-28,los_banosmercedca,4.0591,,,,,140.901771336554,129.225824088608,,135.549238949596,,,136.544190665343,,,201999.5,269900.0,,249950.0,,,252000.0,,,,,,,,,,,,,,,,,,,,,,,,,,,,,120.266,,120.4426,222250.0,,,,,,5.992058690907849,,6.2401647895688495,5.084745762711861,,5.30973451327434,12.254000000000001,,5.2416,,,,,,,,162500.0,,,,1101.0,1097.0,0.6779999999999999,824.0,1101.0,los_banosmercedca,Los Banos,Merced,CA
1233828,2015-03-31,los_banosmercedca,2.1253,,,,,144.779702273923,134.598123215014,,136.544190665343,,,137.516802676206,,,199900.0,279500.0,,249500.0,,,251999.0,,,,,,,,,,,,,,,,,,,,,,,,,,,,,121.7504,,121.8261,227500.0,,,,,,8.23927689155195,,8.49137677608182,8.59375,,8.8,16.6182,,5.2319,,,,,,,,162200.0,,,,1104.0,1099.0,0.682,820.0,1104.0,los_banosmercedca,Los Banos,Merced,CA
1233829,2015-04-30,los_banosmercedca,2.6463,,,,,146.078431372549,134.913793103448,,135.68566927570498,,,135.912179822269,,,207450.0,275000.0,,250999.5,,,255000.0,,,,,,,,,,,,,,,,,,,,,,,,,,,,,121.5636,,121.5636,217450.0,,,,,,10.6570946141019,,10.180983973395598,8.51063829787234,,7.97101449275362,18.2803,,5.1247,,,,,,,,160500.0,,,,1108.0,1102.0,0.684,830.0,1109.0,los_banosmercedca,Los Banos,Merced,CA
1233830,2015-05-31,los_banosmercedca,3.5242,,,,,148.809523809524,135.263407688657,,138.38254951999,,,138.568129330254,,,216850.0,279900.0,,249950.0,,,250000.0,,,,,,,,,,,,,,,,,,,,,,,,,,,,,127.2542,,127.2542,221000.0,,,,,,6.44587022003151,,6.518322896861481,6.289308176100629,,6.41025641025641,21.4513,,5.3001,,,,,,,,159500.0,,,,1120.0,1112.0,0.6859999999999999,843.0,1121.0,los_banosmercedca,Los Banos,Merced,CA
1233831,2015-06-30,los_banosmercedca,4.4775,,,,,150.184210526316,132.65306122449,,136.979820799646,,,137.516802676206,,,218900.0,285000.0,,250000.0,,,250000.0,,,,,,,,,,,,,,,,,,,,,,,,,,,,,129.0765,,129.0765,233100.0,,,,,,8.775954012102881,,8.77643228224743,7.45341614906832,,7.5471698113207495,17.3182,,5.3585,,,,,,,,159300.0,,,,1138.0,1127.0,0.6920000000000001,865.0,1139.0,los_banosmercedca,Los Banos,Merced,CA
1233832,2015-07-31,los_banosmercedca,5.8411,,,,,155.54468980732702,132.989031335971,,143.304589540591,,,143.407301360057,,,224500.0,289450.0,,259900.0,,,262450.0,,,,,,,,,,,,,,,,,,,,,,,,,,,,,129.8922,,129.8922,236875.0,,,,,,8.992884230210839,,9.289094913095779,8.28025477707006,,8.44155844155844,11.8559,,5.3196,,,,,,,,160400.0,,,,1158.0,1143.0,0.7,884.0,1159.0,los_banosmercedca,Los Banos,Merced,CA
1233833,2015-08-31,los_banosmercedca,3.6972,,,,,155.502392344498,137.61013215859,,141.862530151915,,,143.289224952741,,,220000.0,285000.0,,265000.0,,,265000.0,,,,,,,,,,,,,,,,,,,,,,,,,,,,,132.3604,,132.3604,235125.0,,,,,,11.587745267803399,,11.6986623529059,13.6094674556213,,13.690476190476199,17.386,,5.3098,,,,,,,,164000.0,,,,1162.0,1148.0,0.7040000000000001,910.0,1163.0,los_banosmercedca,Los Banos,Merced,CA
1233834,2015-09-30,los_banosmercedca,2.8991,,,,,155.068078668684,136.591014358499,,143.394776311101,,,143.598109019262,,,224500.0,277000.0,,249925.0,,,249975.0,,,,,,,,,,,,,,,,,,,,,,,,,,,,,138.9631,,138.9631,229300.0,,,,,,11.841087376584802,,11.880811170524302,12.716763005780301,,12.8654970760234,14.3499,,5.4852,,,,,,,,169500.0,,,,1159.0,1146.0,0.706,926.0,1160.0,los_banosmercedca,Los Banos,Merced,CA
1233835,2015-10-31,los_banosmercedca,1.7108,,,,,150.361129349967,136.93006607929502,,143.177459191699,,,143.289224952741,,,220000.0,289450.0,,257400.0,,,259900.0,,,,,,,,,,,,,,,,,,,,,,,,,,,,,140.2867,,140.2867,231200.0,,,,,,11.677942081867302,,11.636236100102902,12.658227848101301,,12.7388535031847,12.8934,,5.456,,,,,,,,173700.0,,,,1147.0,1138.0,0.7020000000000001,948.0,1148.0,los_banosmercedca,Los Banos,Merced,CA
1233836,2015-11-30,los_banosmercedca,2.3406,,,,,149.61101137043698,141.2476059302,,139.441978440076,,,139.906174405223,,,225000.0,289950.0,,260500.0,,,262750.0,,,,,,,,,,,,,,,,,,,,,,,,,,,,,139.872,,139.872,228500.0,,,,,,10.1529062582134,,10.2404382999703,9.722222222222221,,9.79020979020979,11.3534,,5.4267,,,,,,,,177900.0,,,,1141.0,1135.0,0.7,962.0,1142.0,los_banosmercedca,Los Banos,Merced,CA
1233837,2015-12-31,los_banosmercedca,4.2155,,,,,149.439252336449,141.389263364466,,139.244235870944,,,139.450275520284,,,229000.0,294950.0,,262700.0,,,267400.0,,,,,,,,,,,,,,,,,,,,,,,,,,,,,139.7871,,139.7871,240500.0,,,,,,9.93570142169577,,9.33910907124334,10.077519379845,,9.44881889763779,11.713,,5.4852,,,,,,,,183000.0,,,,1144.0,1138.0,0.7040000000000001,987.0,1145.0,los_banosmercedca,Los Banos,Merced,CA
1233838,2016-01-31,los_banosmercedca,3.5465,,,,,151.96287151595502,135.20159055014201,,140.70903689806102,,,141.519447479042,,,234400.0,298950.0,,280750.0,,,284750.0,,,,,,,,,,,,,,,,,,,,,,,,,,,,,142.2265,,142.2265,242300.0,,,,,,7.78870056435984,,7.12531722714008,9.09090909090909,,8.40336134453782,10.0997,,5.4754,,,,,,,,187500.0,,,,1160.0,1151.0,0.71,1010.0,1161.0,los_banosmercedca,Los Banos,Merced,CA
1233839,2016-02-29,los_banosmercedca,4.5934,,,,,152.79940587867398,138.618032351719,,143.59911395773,,,143.796718112169,,,229450.0,299249.5,,259900.0,,,265000.0,,,,,,,,,,,,,,,,,,,,,,,,,,,,,136.9468,,136.9468,256950.0,,,,,,10.0739795948627,,9.70236010085592,9.16666666666667,,8.7719298245614,9.2896,,5.4657,,,,,,,,191900.0,,,,1174.0,1163.0,0.716,1015.0,1176.0,los_banosmercedca,Los Banos,Merced,CA
1233840,2016-03-31,los_banosmercedca,2.3987,,,,,150.834403080873,141.23495552066998,,145.01891551071898,,,145.71048385811,,,229900.0,300000.0,,255000.0,,,265000.0,,,,,,,,,,,,,,,,,,,,,,,,,,,,,136.3413,,136.3413,252500.0,,,,,,12.2505689083587,,11.2985196332247,12.605042016806701,,11.607142857142902,10.0231,,5.3975,,,,,,,,198200.0,,,,1193.0,1182.0,0.7240000000000001,1006.0,1194.0,los_banosmercedca,Los Banos,Merced,CA
1233841,2016-04-30,los_banosmercedca,1.4003,,,,,155.388471177945,143.51441636783198,,145.01891551071898,,,145.71048385811,,,230000.0,299000.0,,252500.0,,,260000.0,,,,,,,,,,,,,,,,,,,,,,,,,,,,,137.1588,,137.1588,263150.0,,,,,,9.28931345908668,,9.77299469072606,7.142857142857139,,7.563025210084031,18.4104,,5.377999999999999,,,,,,,,203500.0,,,,1206.0,1196.0,0.728,988.0,1206.0,los_banosmercedca,Los Banos,Merced,CA
1233842,2016-05-31,los_banosmercedca,2.3505,,,,,166.508162737822,145.01891551071898,,150.605370841813,,,151.214378749009,,,232850.0,299000.0,,250000.0,,,255000.0,,,,,,,,,,,,,,,,,,,,,,,,,,,,,143.4156,,143.4156,250175.0,,,,,,9.71538557334264,,10.1080664866051,9.55882352941176,,10.0,16.8296,,5.1929,,,,,,,,205800.0,,,,1219.0,1209.0,0.7340000000000001,976.0,1219.0,los_banosmercedca,Los Banos,Merced,CA
1233843,2016-06-30,los_banosmercedca,2.5448,,,,,164.91228070175399,144.739819004525,,153.002309468822,,,153.002309468822,,,235000.0,296500.0,,250000.0,,,255000.0,,,,,,,,,,,,,,,,,,,,,,,,,,,,,146.2762,,146.2762,248425.0,,,,,,8.36479138416132,,8.475639282520879,7.04225352112676,,7.2463768115942,16.2773,,5.0760000000000005,,,,,,,,208000.0,,,,1220.0,1212.0,0.7340000000000001,970.0,1219.0,los_banosmercedca,Los Banos,Merced,CA
1233844,2016-07-31,los_banosmercedca,1.8054,,,,,167.90429713116,146.51317297568198,,153.497250781456,,,153.497250781456,,,246500.0,294750.0,,264950.0,,,265000.0,,,,,,,,,,,,,,,,,,,,,,,,,,,,,144.754,,144.754,,,,,,,11.751590492101801,,12.0317469978531,11.038961038961,,11.184210526315802,13.75,,5.0565,,,,,,,,208800.0,,,,1212.0,1208.0,0.7340000000000001,970.0,1211.0,los_banosmercedca,Los Banos,Merced,CA
1233845,2016-08-31,los_banosmercedca,1.166,,,,,168.021680216802,144.423576007087,,152.70121278941602,,,153.089933432957,,,250000.0,292500.0,,265000.0,,,268500.0,,,,,,,,,,,,,,,,,,,,,,,,,,,,,,,,,,,,,,9.66658950049382,,9.92871596375419,11.688311688311698,,11.9205298013245,15.1573,,5.0955,,,,,,,,207100.0,,,,1201.0,1200.0,0.732,976.0,1201.0,los_banosmercedca,Los Banos,Merced,CA
1233846,2016-09-30,los_banosmercedca,1.5330000000000001,,,,,168.040583386176,149.886877828054,,155.39633792182102,,,155.687624750499,,,255000.0,298000.0,,274999.0,,,275000.0,,,,,,,,,,,,,,,,,,,,,,,,,,,,,,,,,,,,,,10.812636059116098,,10.9358438958254,11.688311688311698,,11.9205298013245,14.6851,,4.9786,,,,,,,,205600.0,,,,1204.0,1203.0,0.738,991.0,1204.0,los_banosmercedca,Los Banos,Merced,CA
1233847,2016-10-31,los_banosmercedca,1.3668,,,,,167.904662094664,147.837338262477,,155.687624750499,,,156.262803579678,,,258700.0,299000.0,,279000.0,,,280000.0,,,,,,,,,,,,,,,,,,,,,,,,,,,,,,,,,,,,,,9.50922472327652,,9.61166831120393,10.4895104895105,,10.7142857142857,12.0349,,5.0273,,,,,,,,206300.0,,,,1217.0,1214.0,0.746,1008.0,1217.0,los_banosmercedca,Los Banos,Merced,CA
1233848,2016-11-30,los_banosmercedca,1.1522,,,,,169.46123690107402,148.195522782245,,155.687624750499,,,156.00444773906602,,,259950.0,299450.0,,285000.0,,,285000.0,,,,,,,,,,,,,,,,,,,,,,,,,,,,,,,,,,,,,,7.35376095906814,,7.48147850976056,6.923076923076921,,7.03125,16.0631,,4.9786,,,,,,,,208800.0,,,,1235.0,1229.0,0.752,1018.0,1235.0,los_banosmercedca,Los Banos,Merced,CA
1233849,2016-12-31,los_banosmercedca,1.9886,,,,,171.29928894634799,148.562237762238,,155.286226990023,,,155.286226990023,,,265000.0,299900.0,,289950.0,,,289950.0,,,,,,,,,,,,,,,,,,,,,,,,,,,,,,,,,,,,,,5.74053498302728,,5.77264311478201,5.882352941176469,,5.882352941176469,18.4192,,5.1734,,,,,,,,211900.0,,,,1256.0,1250.0,0.758,1018.0,1256.0,los_banosmercedca,Los Banos,Merced,CA
1233850,2017-01-31,los_banosmercedca,1.6932,,,,,176.80944645704102,150.61255069876998,,160.583211678832,,,160.61036047247802,,,258250.0,317500.0,,295000.0,,,296950.0,,,,,,,,,,,,,,,,,,,,,,,,,,,,,,,,,,,,,,8.171475683977059,,8.29642396770865,9.47368421052632,,9.574468085106382,22.7842,,5.1247,,,,,,,,213600.0,,,,1273.0,1267.0,0.76,1020.0,1272.0,los_banosmercedca,Los Banos,Merced,CA
1233851,2017-02-28,los_banosmercedca,0.7975,,,,,184.111475193526,139.76772126551901,,160.637509266123,,,161.007296860065,,,269450.0,325000.0,,317950.0,,,320000.0,,,,,,,,,,,,,,,,,,,,,,,,,,,,,,,,,,,,,,6.525290456285879,,6.6122484581127,5.617977528089889,,5.68181818181818,18.1394,,5.1247,,,,,,,,213300.0,,,,1286.0,1282.0,0.7659999999999999,1038.0,1286.0,los_banosmercedca,Los Banos,Merced,CA
1233852,2017-03-31,los_banosmercedca,0.6476,,,,,178.843099095308,144.771723122239,,159.068865179437,,,159.068865179437,,,269000.0,309900.0,,294950.0,,,294950.0,,,,,,,,,,,,,,,,,,,,,,,,,,,,,,,,,,,,,,13.534415780440801,,13.580265664970698,13.8888888888889,,13.8888888888889,11.8174,,4.9883,,,,,,,,213600.0,,,,1292.0,1290.0,0.772,1069.0,1292.0,los_banosmercedca,Los Banos,Merced,CA
1233853,2017-04-30,los_banosmercedca,1.3686,,,,,180.08003557136502,145.900880037054,,160.396879633062,,,160.637509266123,,,269000.0,320000.0,,289900.0,,,289950.0,,,,,,,,,,,,,,,,,,,,,,,,,,,,,,,,,,,,,,9.346456316229538,,9.46803399677106,7.2,,7.25806451612903,10.625,,4.9201,,,,,,,,215500.0,,,,1297.0,1293.0,0.778,1093.0,1297.0,los_banosmercedca,Los Banos,Merced,CA
1233854,2017-05-31,los_banosmercedca,1.4097,,,,,185.95041322314,149.211924382078,,159.566298710741,,,160.15625,,,269999.0,320500.0,,309000.0,,,309450.0,,,,,,,,,,,,,,,,,,,,,,,,,,,,,,,,,,,,,,9.71538557334264,,9.7376961162347,9.55882352941176,,9.629629629629632,,,4.5986,,,,,,,,216900.0,,,,1301.0,1297.0,0.782,1102.0,1301.0,los_banosmercedca,Los Banos,Merced,CA
1233855,2017-06-30,los_banosmercedca,,,,,,185.95041322314,153.958944281525,,164.29745275267,,,164.951798235907,,,268000.0,325000.0,,301900.0,,,303400.0,,,,,,,,,,,,,,,,,,,,,,,,,,,,,,,,,,,,,,12.655871196367901,,12.638658444080999,11.333333333333302,,11.4093959731544,,,4.1212,,,,,,,,216000.0,,,,1315.0,1311.0,0.79,1102.0,1315.0,los_banosmercedca,Los Banos,Merced,CA
1233856,2017-07-31,los_banosmercedca,,,,,,188.46990572878897,158.93037336024202,,165.01369497107902,,,165.01369497107902,,,270000.0,329900.0,,305000.0,,,305000.0,,,,,,,,,,,,,,,,,,,,,,,,,,,,,,,,,,,,,,12.874791615302902,,13.0096986336995,12.162162162162199,,12.162162162162199,,,3.673,,,,,,,,215300.0,,,,1329.0,1324.0,0.8,1100.0,1328.0,los_banosmercedca,Los Banos,Merced,CA
1233857,2017-08-31,los_banosmercedca,,,,,,189.713513954511,161.125319693095,,168.825206490294,,,168.825206490294,,,267900.0,329999.0,,309999.5,,,309999.5,,,,,,,,,,,,,,,,,,,,,,,,,,,,,,,,,,,,,,17.978277812182103,,18.0081861624297,20.0,,20.0,,,3.2054,,,,,,,,215600.0,,,,1341.0,1336.0,0.8079999999999999,1095.0,1341.0,los_banosmercedca,Los Banos,Merced,CA
1344679,1996-04-30,mercedmercedca,,,,,,,,,,,,,,,,,,,,,,,,,,,,,,,,,,,,,,,,,,,,,,,,,,67.7033,,67.8478,90800.0,63.0,,,,,,,,,,,,,,,64800.0,,123400.0,146200.0,94500.0,,72700.0,94500.0,94900.0,,,,,,,mercedmercedca,Merced,Merced,CA
1344680,1996-05-31,mercedmercedca,,,,,,,,,,,,,,,,,,,,,,,,,,,,,,,,,,,,,,,,,,,,,,,,,,65.922,,66.1133,92775.0,63.0,,,,,,,,,,,,,,,65700.0,,122700.0,145600.0,94600.0,,73100.0,94600.0,94900.0,,,,,,,mercedmercedca,Merced,Merced,CA
1344681,1996-06-30,mercedmercedca,,,,,,,,,,,,,,,,,,,,,,,,,,,,,,,,,,,,,,,,,,,,,,,,,,67.3841,,67.5142,94525.0,63.0,,,,,,,,,,,,,,,66200.0,,121800.0,147900.0,94500.0,,72700.0,94500.0,94800.0,,,,,,,mercedmercedca,Merced,Merced,CA
1344682,1996-07-31,mercedmercedca,,,,,,,,,,,,,,,,,,,,,,,,,,,,,,,,,,,,,,,,,,,,,,,,,,68.1445,,68.4288,98425.0,63.0,,,,,,,,,,,,,,,66200.0,,121700.0,148100.0,94400.0,,72800.0,94400.0,94900.0,,,,,,,mercedmercedca,Merced,Merced,CA
1344683,1996-08-31,mercedmercedca,,,,,,,,,,,,,,,,,,,,,,,,,,,,,,,,,,,,,,,,,,,,,,,,,,67.1614,,67.3233,95950.0,63.0,,,,,,,,,,,,,,,66300.0,,121600.0,146500.0,94800.0,,72900.0,94800.0,95400.0,,,,,,,mercedmercedca,Merced,Merced,CA
1344684,1996-09-30,mercedmercedca,,,,,,,,,,,,,,,,,,,,,,,,,,,,,,,,,,,,,,,,,,,,,,,,,,66.27199999999999,,66.3413,97500.0,63.0,,,,,,,,,,,,,,,66700.0,,120600.0,146300.0,95300.0,,73400.0,95300.0,95800.0,,,,,,,mercedmercedca,Merced,Merced,CA
1344685,1996-10-31,mercedmercedca,,,,,,,,,,,,,,,,,,,,,,,,,,,,,,,,,,,,,,,,,,,,,,,,,,65.7026,,65.7026,92050.0,63.0,,,,,,,,,,,,,,,67000.0,,119800.0,146100.0,95200.0,,73800.0,95200.0,95600.0,,,,,,,mercedmercedca,Merced,Merced,CA
1344686,1996-11-30,mercedmercedca,,,,,,,,,,,,,,,,,,,,,,,,,,,,,,,,,,,,,,,,,,,,,,,,,,66.5728,,66.5728,89025.0,63.0,,,,,,,,,,,,,,,66900.0,,120000.0,146400.0,94900.0,,75000.0,94900.0,95300.0,,,,,,,mercedmercedca,Merced,Merced,CA
1344687,1996-12-31,mercedmercedca,,,,,,,,,,,,,,,,,,,,,,,,,,,,,,,,,,,,,,,,,,,,,,,,,,64.294,,64.294,87350.0,64.0,,,,,,,,,,,,,,,66900.0,,120500.0,148100.0,94800.0,,75400.0,94800.0,95300.0,,,,,,,mercedmercedca,Merced,Merced,CA
1344688,1997-01-31,mercedmercedca,,,,,,,,,,,,,,,,,,,,,,,,,,,,,,,,,,,,,,,,,,,,,,,,,,64.5936,,64.5936,90250.0,63.0,,,,,,,,,,,,,,,67100.0,,120900.0,148100.0,94900.0,,75600.0,94900.0,95400.0,,,,,,,mercedmercedca,Merced,Merced,CA
1344689,1997-02-28,mercedmercedca,,,,,,,,,,,,,,,,,,,,,,,,,,,,,,,,,,,,,,,,,,,,,,,,,,62.8582,,62.8582,91175.0,63.0,60.43,31.0,,,,,,,,,,,,,67500.0,,120800.0,146800.0,94700.0,,76000.0,94700.0,95200.0,,,,,,,mercedmercedca,Merced,Merced,CA
1344690,1997-03-31,mercedmercedca,,,,,,,,,,,,,,,,,,,,,,,,,,,,,,,,,,,,,,,,,,,,,,,,,,63.8438,,63.8438,92050.0,63.0,71.25,22.23,,,,,,,,,,,,,67500.0,,119900.0,147900.0,94300.0,,76300.0,94300.0,94800.0,,,,,,,mercedmercedca,Merced,Merced,CA
1344691,1997-04-30,mercedmercedca,,,,,,,,,,,,,,,,,,,,,,,,,,,,,,,,,,,,,,,,,,,,,,,,,,65.3932,,65.3932,91775.0,63.0,42.98,45.31,,,,,,,,,,,,,67400.0,,118800.0,149800.0,93900.0,,76500.0,93900.0,94400.0,,,,,,,mercedmercedca,Merced,Merced,CA
1344692,1997-05-31,mercedmercedca,,,,,,,,,,,,,,,,,,,,,,,,,,,,,,,,,,,,,,,,,,,,,,,,,,65.421,,65.6643,89900.0,63.0,53.6,36.94,,,,,,,,,,,,,67200.0,,119000.0,149400.0,93900.0,,77100.0,93900.0,94500.0,,,,,,,mercedmercedca,Merced,Merced,CA
1344693,1997-06-30,mercedmercedca,,,,,,,,,,,,,,,,,,,,,,,,,,,,,,,,,,,,,,,,,,,,,,,,,,64.0843,,64.2545,90275.0,63.0,56.66,33.58,,,,,,,,,,,,,66900.0,,119800.0,147500.0,94200.0,,78000.0,94200.0,94900.0,,,,,,,mercedmercedca,Merced,Merced,CA
1344694,1997-07-31,mercedmercedca,,,,,,,,,,,,,,,,,,,,,,,,,,,,,,,,,,,,,,,,,,,,,,,,,,67.5677,,67.6407,99225.0,63.0,63.14,27.8,,,,,,,,,,,,,67000.0,,120100.0,147300.0,94700.0,,79100.0,94700.0,95400.0,,,,,,,mercedmercedca,Merced,Merced,CA
1344695,1997-08-31,mercedmercedca,,,,,,,,,,,,,,,,,,,,,,,,,,,,,,,,,,,,,,,,,,,,,,,,,,69.649,,69.649,103025.0,64.0,32.69,53.75,,,,,,,,,,,,,67500.0,,120100.0,149500.0,95300.0,,79900.0,95300.0,95800.0,,,,,,,mercedmercedca,Merced,Merced,CA
1344696,1997-09-30,mercedmercedca,,,,,,,,,,,,,,,,,,,,,,,,,,,,,,,,,,,,,,,,,,,,,,,,,,68.3175,,68.3175,99750.0,64.0,60.42,28.24,,,,,,,,,,,,,67900.0,,120400.0,152000.0,96100.0,,79800.0,96100.0,96700.0,,,,,,,mercedmercedca,Merced,Merced,CA
1344697,1997-10-31,mercedmercedca,,,,,,,,,,,,,,,,,,,,,,,,,,,,,,,,,,,,,,,,,,,,,,,,,,66.6285,,66.6285,94700.0,64.0,33.65,55.99,,,,,,,,,,,,,67900.0,,121000.0,153600.0,97100.0,,78900.0,97100.0,97800.0,,,,,,,mercedmercedca,Merced,Merced,CA
1344698,1997-11-30,mercedmercedca,,,,,,,,,,,,,,,,,,,,,,,,,,,,,,,,,,,,,,,,,,,,,,,,,,67.6866,,67.6866,96450.0,64.0,57.46,30.88,,,,,,,,,,,,,68300.0,,121200.0,152900.0,98000.0,,78000.0,98000.0,98600.0,,,,,,,mercedmercedca,Merced,Merced,CA
1344699,1997-12-31,mercedmercedca,,,,,,,,,,,,,,,,,,,,,,,,,,,,,,,,,,,,,,,,,,,,,,,,,,69.6662,,69.6662,103800.0,64.0,41.88,46.56,,,,,,,,,,,,,68600.0,,121500.0,149900.0,98900.0,,78200.0,98900.0,99400.0,,,,,,,mercedmercedca,Merced,Merced,CA
1344700,1998-01-31,mercedmercedca,5.7316,,,,,,,,,,,,,,,,,,,,,,,,,,,,,,,,,,,,,,,,,,,,,,,,,70.3955,,70.3955,108000.0,65.0,30.53,60.01,,,,,,,,,8.1458,,3.6715,,68700.0,,122300.0,147400.0,99800.0,,78400.0,99800.0,100200.0,,,,,,,mercedmercedca,Merced,Merced,CA
1344701,1998-02-28,mercedmercedca,6.3828,,,,,,,,,,,,,,,,,,,,,,,,,,,,,,,,,,,,,,,,,,,,,,,,,68.681,,68.7757,103150.0,66.0,32.01,57.79,,,,,,,,,9.6369,,3.8218,,68500.0,,123100.0,148900.0,100400.0,,78700.0,100400.0,100800.0,,,,,,,mercedmercedca,Merced,Merced,CA
1344702,1998-03-31,mercedmercedca,7.0237,,,,,,,,,,,,,,,,,,,,,,,,,,,,,,,,,,,,,,,,,,,,,,,,,68.5025,,68.5179,97800.0,66.0,17.04,75.75,,,,,,,,,10.7377,,3.9016,,68300.0,,123800.0,152300.0,100600.0,,79200.0,100600.0,101000.0,,,,,,,mercedmercedca,Merced,Merced,CA
1344703,1998-04-30,mercedmercedca,6.0924,,,,,,,,,,,,,,,,,,,,,,,,,,,,,,,,,,,,,,,,,,,,,,,,,68.0481,,68.0409,98050.0,65.0,36.76,51.42,,,,,,,,,11.7355,,3.9626,,68400.0,,123500.0,156800.0,100600.0,,80300.0,100600.0,101100.0,,,,,,,mercedmercedca,Merced,Merced,CA
1344704,1998-05-31,mercedmercedca,6.4103,,,,,,,,,,,,,,,,,,,,,,,,,,,,,,,,,,,,,,,,,,,,,,,,,68.8477,,68.8324,104425.0,,,,,,,,,,,,13.3465,,4.0096,,,,,,,,,,,,,,,,,mercedmercedca,Merced,Merced,CA
1344705,1998-06-30,mercedmercedca,5.4857,,,,,,,,,,,,,,,,,,,,,,,,,,,,,,,,,,,,,,,,,,,,,,,,,68.1197,,68.1171,103325.0,,,,,,,,,,,,13.8765,,4.0424,,,,,,,,,,,,,,,,,mercedmercedca,Merced,Merced,CA
1344706,1998-07-31,mercedmercedca,6.1143,,,,,,,,,,,,,,,,,,,,,,,,,,,,,,,,,,,,,,,,,,,,,,,,,68.7588,,68.7569,99325.0,66.0,18.23,73.66,,,,,,,,,11.4665,,4.0753,,68900.0,,122500.0,160400.0,100600.0,,81300.0,100600.0,101200.0,,,,,,,mercedmercedca,Merced,Merced,CA
1344707,1998-08-31,mercedmercedca,7.6594,,,,,,,,,,,,,,,,,,,,,,,,,,,,,,,,,,,,,,,,,,,,,,,,,67.6697,,67.6689,97275.0,66.0,34.79,54.19,,,,,,,,,7.4158,,4.1363,,69400.0,,122000.0,160800.0,100500.0,,82200.0,100500.0,100900.0,,,,,,,mercedmercedca,Merced,Merced,CA
1344708,1998-09-30,mercedmercedca,7.2489,,,,,,,,,,,,,,,,,,,,,,,,,,,,,,,,,,,,,,,,,,,,,,,,,68.9494,,68.9494,95525.0,66.0,36.18,52.38,,,,,,,,,10.9604,,4.2162,,69700.0,,122600.0,159400.0,100400.0,,83400.0,100400.0,100500.0,,,,,,,mercedmercedca,Merced,Merced,CA
1344709,1998-10-31,mercedmercedca,6.4377,,,,,,,,,,,,,,,,,,,,,,,,,,,,,,,,,,,,,,,,,,,,,,,,,68.2356,,68.2356,99525.0,65.0,23.32,68.71,,,,,,,,,12.2351,,4.2162,,70300.0,,122700.0,159400.0,100500.0,,85400.0,100500.0,100500.0,,,,,,,mercedmercedca,Merced,Merced,CA
1344710,1998-11-30,mercedmercedca,4.9634,,,,,,,,,,,,,,,,,,,,,,,,,,,,,,,,,,,,,,,,,,,,,,,,,69.4995,,69.6337,103000.0,65.0,22.64,70.47,,,,,,,,,10.6681,,4.3335,,71300.0,,122400.0,158900.0,100500.0,,86800.0,100500.0,100500.0,,,,,,,mercedmercedca,Merced,Merced,CA
1344711,1998-12-31,mercedmercedca,4.2866,,,,,,,,,,,,,,,,,,,,,,,,,,,,,,,,,,,,,,,,,,,,,,,,,69.8865,,69.9805,102100.0,65.0,32.71,57.1,,,,,,,,,11.7959,,4.418,,71700.0,,122100.0,158300.0,99900.0,,87700.0,99900.0,100200.0,,,,,,,mercedmercedca,Merced,Merced,CA
1344712,1999-01-31,mercedmercedca,4.2232,,,,,,,,,,,,,,,,,,,,,,,,,,,,,,,,,,,,,,,,,,,,,,,,,69.0314,,68.8751,105075.0,65.0,38.16,52.09,,,,,,,,,17.7713,,4.4744,,71600.0,,121900.0,158100.0,99300.0,,88600.0,99300.0,99700.0,,,,,,,mercedmercedca,Merced,Merced,CA
1344713,1999-02-28,mercedmercedca,4.7076,,,,,,,,,,,,,,,,,,,,,,,,,,,,,,,,,,,,,,,,,,,,,,,,,68.0371,,67.8996,105575.0,66.0,48.81,41.61,,,,,,,,,17.1163,,4.4603,,71400.0,,121700.0,158600.0,99400.0,,88800.0,99400.0,99500.0,,,,,,,mercedmercedca,Merced,Merced,CA
1344714,1999-03-31,mercedmercedca,6.53,,,,,,,,,,,,,,,,,,,,,,,,,,,,,,,,,,,,,,,,,,,,,,,,,69.0431,,68.585,99850.0,66.0,42.57,47.54,,,,,,,,,16.6225,,4.5542,,71800.0,,122000.0,160000.0,99800.0,,88600.0,99800.0,99900.0,,,,,,,mercedmercedca,Merced,Merced,CA
1344715,1999-04-30,mercedmercedca,5.0765,,,,,,,,,,,,,,,,,,,,,,,,,,,,,,,,,,,,,,,,,,,,,,,,,69.315,,69.2784,97225.0,67.0,33.94,56.55,,,,,,,,,13.2215,,4.5965,,72500.0,,123000.0,161800.0,100400.0,,88200.0,100400.0,100800.0,,,,,,,mercedmercedca,Merced,Merced,CA
1344716,1999-05-31,mercedmercedca,4.6912,,,,,,,,,,,,,,,,,,,,,,,,,,,,,,,,,,,,,,,,,,,,,,,,,68.559,,69.2585,98650.0,67.0,46.39,44.6,,,,,,,,,8.8276,,4.7326,,72700.0,,123500.0,162700.0,101000.0,,86700.0,101000.0,101300.0,,,,,,,mercedmercedca,Merced,Merced,CA
1344717,1999-06-30,mercedmercedca,4.4059,,,,,,,,,,,,,,,,,,,,,,,,,,,,,,,,,,,,,,,,,,,,,,,,,69.2454,,69.867,101475.0,66.0,47.31,43.76,,,,,,,,,9.3397,,4.7326,,71900.0,,123500.0,163800.0,101100.0,,84600.0,101100.0,101400.0,,,,,,,mercedmercedca,Merced,Merced,CA
1344718,1999-07-31,mercedmercedca,5.5897,,,,,,,,,,,,,,,,,,,,,,,,,,,,,,,,,,,,,,,,,,,,,,,,,72.2074,,72.5461,109200.0,67.0,44.82,45.47,,,,,,,,,7.6657,,4.7843,,71200.0,,124200.0,165600.0,101400.0,,83200.0,101400.0,101800.0,,,,,,,mercedmercedca,Merced,Merced,CA
1344719,1999-08-31,mercedmercedca,4.9937,,,,,,,,,,,,,,,,,,,,,,,,,,,,,,,,,,,,,,,,,,,,,,,,,72.8392,,72.922,101050.0,67.0,41.16,48.74,,,,,,,,,12.785,,4.7937,,70700.0,,125800.0,168500.0,102200.0,,82400.0,102200.0,102700.0,,,,,,,mercedmercedca,Merced,Merced,CA
1344720,1999-09-30,mercedmercedca,6.425,,,,,,,,,,,,,,,,,,,,,,,,,,,,,,,,,,,,,,,,,,,,,,,,,72.3256,,72.5833,103900.0,68.0,22.52,69.07,,,,,,,,,13.9271,,4.8124,,70800.0,,127300.0,171500.0,103400.0,,82500.0,103400.0,103900.0,,,,,,,mercedmercedca,Merced,Merced,CA
1344721,1999-10-31,mercedmercedca,4.9325,,,,,,,,,,,,,,,,,,,,,,,,,,,,,,,,,,,,,,,,,,,,,,,,,74.2635,,74.4515,104000.0,68.0,29.45,61.5,,,,,,,,,11.8153,,4.9345,,71300.0,,128600.0,171900.0,104600.0,,82400.0,104600.0,105100.0,,,,,,,mercedmercedca,Merced,Merced,CA
1344722,1999-11-30,mercedmercedca,4.2732,,,,,,,,,,,,,,,,,,,,,,,,,,,,,,,,,,,,,,,,,,,,,,,,,73.0913,,72.8397,100900.0,69.0,52.64,37.54,,,,,,,,,12.7078,,4.85,,71700.0,,129400.0,170000.0,105700.0,,81500.0,105700.0,106200.0,,,,,,,mercedmercedca,Merced,Merced,CA
1344723,1999-12-31,mercedmercedca,5.0941,,,,,,,,,,,,,,,,,,,,,,,,,,,,,,,,,,,,,,,,,,,,,,,,,72.1406,,71.7478,104200.0,69.0,40.85,48.07,,,,,,,,,14.6744,,4.7655,,72300.0,,130300.0,168200.0,107000.0,,81100.0,107000.0,107500.0,,,,,,,mercedmercedca,Merced,Merced,CA
1344724,2000-01-31,mercedmercedca,4.6304,,,,,,,,,,,,,,,,,,,,,,,,,,,,,,,,,,,,,,,,,,,,,,,,,70.6564,,70.4407,98650.0,70.0,37.16,52.53,,,,,,,,,13.1293,,4.742,,73200.0,,131900.0,168900.0,108900.0,,81200.0,108900.0,109400.0,,,,,,,mercedmercedca,Merced,Merced,CA
1344725,2000-02-29,mercedmercedca,5.2431,,,,,,,,,,,,,,,,,,,,,,,,,,,,,,,,,,,,,,,,,,,,,,,,,70.704,,70.6551,95525.0,70.0,25.74,65.0,,,,,,,,,13.300999999999998,,4.8312,,74300.0,,134100.0,171900.0,111500.0,,81500.0,111500.0,112000.0,,,,,,,mercedmercedca,Merced,Merced,CA
1344726,2000-03-31,mercedmercedca,5.6452,,,,,,,,,,,,,,,,,,,,,,,,,,,,,,,,,,,,,,,,,,,,,,,,,74.197,,74.1539,101625.0,72.0,34.7,55.3,,,,,,,,,11.1784,,4.803,,75400.0,,135800.0,177000.0,114200.0,,82700.0,114200.0,114700.0,,,,,,,mercedmercedca,Merced,Merced,CA
1344727,2000-04-30,mercedmercedca,4.7608,,,,,,,,,,,,,,,,,,,,,,,,,,,,,,,,,,,,,,,,,,,,,,,,,73.1301,,72.8404,103600.0,73.0,32.34,57.93,,,,,,,,,13.0452,,4.7655,,76400.0,,136800.0,181800.0,116200.0,,84600.0,116200.0,116700.0,,,,,,,mercedmercedca,Merced,Merced,CA
1344728,2000-05-31,mercedmercedca,3.1297,,,,,,,,,,,,,,,,,,,,,,,,,,,,,,,,,,,,,,,,,,,,,,,,,72.172,,72.2877,97200.0,74.0,23.5,68.36,,,,,,,,,14.4863,,4.6716,,77600.0,,137700.0,186000.0,117100.0,,85600.0,117100.0,117600.0,,,,,,,mercedmercedca,Merced,Merced,CA
1344729,2000-06-30,mercedmercedca,3.4687,,,,,,,,,,,,,,,,,,,,,,,,,,,,,,,,,,,,,,,,,,,,,,,,,75.3989,,75.5551,106800.0,74.0,12.65,81.77,,,,,,,,,11.2331,,4.8359,,78400.0,,138800.0,191300.0,117800.0,,86300.0,117800.0,118300.0,,,,,,,mercedmercedca,Merced,Merced,CA
1344730,2000-07-31,mercedmercedca,3.1223,,,,,,,,,,,,,,,,,,,,,,,,,,,,,,,,,,,,,,,,,,,,,,,,,73.7926,,74.7544,112500.0,75.0,12.07,82.93,,,,,,,,,8.8473,,4.8594,,79100.0,,139700.0,193300.0,118400.0,,86700.0,118400.0,118900.0,,,,,,,mercedmercedca,Merced,Merced,CA
1344731,2000-08-31,mercedmercedca,2.5447,,,,,,,,,,,,,,,,,,,,,,,,,,,,,,,,,,,,,,,,,,,,,,,,,77.1739,,77.6157,115650.0,75.0,14.48,78.99,,,,,,,,,8.3459,,4.8969,,80200.0,,140600.0,192300.0,119100.0,,87200.0,119100.0,119500.0,,,,,,,mercedmercedca,Merced,Merced,CA
1344732,2000-09-30,mercedmercedca,2.5813,,,,,,,,,,,,,,,,,,,,,,,,,,,,,,,,,,,,,,,,,,,,,,,,,77.3168,,77.4597,115525.0,76.0,10.27,86.12,,,,,,,,,9.6512,,4.9016,,81300.0,,142300.0,194100.0,120000.0,,87700.0,120000.0,120500.0,,,,,,,mercedmercedca,Merced,Merced,CA
1344733,2000-10-31,mercedmercedca,2.8181,,,,,,,,,,,,,,,,,,,,,,,,,,,,,,,,,,,,,,,,,,,,,,,,,79.0115,,79.0954,116925.0,76.0,18.0,76.25,,,,,,,,,7.4377,,5.0002,,81900.0,,145000.0,198800.0,120700.0,,89000.0,120700.0,121400.0,,,,,,,mercedmercedca,Merced,Merced,CA
1344734,2000-11-30,mercedmercedca,2.2484,,,,,,,,,,,,,,,,,,,,,,,,,,,,,,,,,,,,,,,,,,,,,,,,,80.1807,,80.2736,118700.0,77.0,5.36,92.84,,,,,,,,,5.6154,,5.1129,,82300.0,,148100.0,203000.0,121100.0,,90600.0,121100.0,122000.0,,,,,,,mercedmercedca,Merced,Merced,CA
1344735,2000-12-31,mercedmercedca,2.3408,,,,,,,,,,,,,,,,,,,,,,,,,,,,,,,,,,,,,,,,,,,,,,,,,81.0863,,81.1262,129200.0,78.0,7.47,90.04,,,,,,,,,3.0463,,5.0988,,83500.0,,150600.0,209200.0,122200.0,,92300.0,122200.0,122700.0,,,,,,,mercedmercedca,Merced,Merced,CA
1344736,2001-01-31,mercedmercedca,3.9464,,,,,,,,,,,,,,,,,,,,,,,,,,,,,,,,,,,,,,,,,,,,,,,,,82.2701,,82.516,129150.0,80.0,5.56,92.24,,,,,,,,,5.2837,,5.0894,,85300.0,,152500.0,213400.0,123200.0,,93800.0,123200.0,123800.0,,,,,,,mercedmercedca,Merced,Merced,CA
1344737,2001-02-28,mercedmercedca,6.029,,,,,,,,,,,,,,,,,,,,,,,,,,,,,,,,,,,,,,,,,,,,,,,,,83.2516,,83.4238,130850.0,81.0,5.91,92.12,,,,,,,,,6.5465,,5.1129,,86700.0,,154900.0,216300.0,123900.0,,94400.0,123900.0,124700.0,,,,,,,mercedmercedca,Merced,Merced,CA
1344738,2001-03-31,mercedmercedca,5.5024,,,,,,,,,,,,,,,,,,,,,,,,,,,,,,,,,,,,,,,,,,,,,,,,,85.78200000000001,,86.0993,132625.0,82.0,4.21,93.95,,,,,,,,,5.0489,,5.2866,,88000.0,,158500.0,219800.0,124800.0,,95900.0,124800.0,125700.0,,,,,,,mercedmercedca,Merced,Merced,CA
1344739,2001-04-30,mercedmercedca,4.4171,,,,,,,,,,,,,,,,,,,,,,,,,,,,,,,,,,,,,,,,,,,,,,,,,87.359,,87.5295,132125.0,83.0,3.82,94.54,,,,,,,,,7.7831,,5.3289,,90000.0,,162400.0,224500.0,126500.0,,98200.0,126500.0,127200.0,,,,,,,mercedmercedca,Merced,Merced,CA
1344740,2001-05-31,mercedmercedca,3.7019,,,,,,,,,,,,,,,,,,,,,,,,,,,,,,,,,,,,,,,,,,,,,,,,,88.5676,,89.5258,132250.0,84.0,4.46,93.94,,,,,,,,,6.8136,,5.4275,,91900.0,,165600.0,227900.0,128400.0,,99400.0,128400.0,129100.0,,,,,,,mercedmercedca,Merced,Merced,CA
1344741,2001-06-30,mercedmercedca,2.2961,,,,,,,,,,,,,,,,,,,,,,,,,,,,,,,,,,,,,,,,,,,,,,,,,89.7102,,90.3298,128550.0,85.0,7.3,90.49,,,,,,,,,5.8089,,5.3571,,92900.0,,167900.0,227900.0,130000.0,,99000.0,130000.0,130700.0,,,,,,,mercedmercedca,Merced,Merced,CA
1344742,2001-07-31,mercedmercedca,2.3984,,,,,,,,,,,,,,,,,,,,,,,,,,,,,,,,,,,,,,,,,,,,,,,,,91.1856,,91.6941,136200.0,87.0,7.73,90.05,,,,,,,,,5.2991,,5.4932,,93800.0,,170700.0,229400.0,131700.0,,99400.0,131700.0,132500.0,,,,,,,mercedmercedca,Merced,Merced,CA
1344743,2001-08-31,mercedmercedca,2.4619999999999997,,,,,,,,,,,,,,,,,,,,,,,,,,,,,,,,,,,,,,,,,,,,,,,,,92.9387,,93.1087,136250.0,88.0,5.51,92.65,,,,,,,,,6.7675,,5.681,,95200.0,,173500.0,236500.0,133800.0,,100400.0,133800.0,134500.0,,,,,,,mercedmercedca,Merced,Merced,CA
1344744,2001-09-30,mercedmercedca,1.8187,,,,,,,,,,,,,,,,,,,,,,,,,,,,,,,,,,,,,,,,,,,,,,,,,95.8289,,95.9018,144475.0,89.0,11.99,84.14,,,,,,,,,5.1631,,5.7186,,96200.0,,174400.0,244100.0,135200.0,,101400.0,135200.0,135900.0,,,,,,,mercedmercedca,Merced,Merced,CA
1344745,2001-10-31,mercedmercedca,2.7776,,,,,,,,,,,,,,,,,,,,,,,,,,,,,,,,,,,,,,,,,,,,,,,,,97.266,,97.266,153975.0,90.0,7.42,90.14,,,,,,,,,4.4761,,5.6622,,97000.0,,175400.0,249300.0,136000.0,,102900.0,136000.0,136600.0,,,,,,,mercedmercedca,Merced,Merced,CA
1344746,2001-11-30,mercedmercedca,2.0825,,,,,,,,,,,,,,,,,,,,,,,,,,,,,,,,,,,,,,,,,,,,,,,,,96.0584,,96.0584,152825.0,91.0,8.31,88.75,,,,,,,,,3.2792,,5.8172,,97400.0,,177500.0,256500.0,137200.0,,104500.0,137200.0,137700.0,,,,,,,mercedmercedca,Merced,Merced,CA
1344747,2001-12-31,mercedmercedca,2.8174,,,,,,,,,,,,,,,,,,,,,,,,,,,,,,,,,,,,,,,,,,,,,,,,,98.7595,,99.0028,159629.5,92.0,7.73,89.45,,,,,,,,,5.5367,,5.8688,,97700.0,,179100.0,262700.0,139000.0,,105600.0,139000.0,139500.0,,,,,,,mercedmercedca,Merced,Merced,CA
1344748,2002-01-31,mercedmercedca,2.9386,,,,,,,,,,,,,,,,,,,,,,,,,,,,,,,,,,,,,,,,,,,,,,,,,99.6392,,100.1472,153318.15,92.0,10.42,86.29,,,,,,,,,4.636,,6.0472,,97600.0,,180200.0,267300.0,140500.0,,106200.0,140500.0,141000.0,,,,,,,mercedmercedca,Merced,Merced,CA
1344749,2002-02-28,mercedmercedca,2.6014,,,,,,,,,,,,,,,,,,,,,,,,,,,,,,,,,,,,,,,,,,,,,,,,,99.3286,,100.0859,155936.35,94.0,9.23,88.37,,,,,,,,,3.908,,6.1224,,97700.0,,181500.0,270300.0,141500.0,,107000.0,141500.0,142000.0,,,,,,,mercedmercedca,Merced,Merced,CA
1344750,2002-03-31,mercedmercedca,3.1691,,,,,,,,,,,,,,,,,,,,,,,,,,,,,,,,,,,,,,,,,,,,,,,,,101.5275,,102.4666,155750.0,94.0,8.42,89.09,,,,,,,,,3.7577,,6.1646,,97900.0,,182500.0,271700.0,142800.0,,108100.0,142800.0,143400.0,,,,,,,mercedmercedca,Merced,Merced,CA
1344751,2002-04-30,mercedmercedca,2.7066,,,,,,,,,,,,,,,,,,,,,,,,,,,,,,,,,,,,,,,,,,,,,,,,,102.8678,,103.845,153600.0,95.0,6.43,91.52,,,,,,,,,3.4506,,6.3477,,98400.0,,184000.0,272100.0,144900.0,,109600.0,144900.0,145400.0,,,,,,,mercedmercedca,Merced,Merced,CA
1344752,2002-05-31,mercedmercedca,1.5515,,,,,,,,,,,,,,,,,,,,,,,,,,,,,,,,,,,,,,,,,,,,,,,,,103.6463,,104.2467,155900.0,97.0,8.03,89.51,,,,,,,,,3.7023,,6.5872,,99300.0,,187200.0,276300.0,147900.0,,112600.0,147900.0,148400.0,,,,,,,mercedmercedca,Merced,Merced,CA
1344753,2002-06-30,mercedmercedca,1.4556,,,,,,,,,,,,,,,,,,,,,,,,,,,,,,,,,,,,,,,,,,,,,,,,,104.6839,,105.363,164000.0,99.0,5.85,92.15,,,,,,,,,3.4399,,6.836,,101100.0,,191300.0,278500.0,151400.0,,117000.0,151400.0,151900.0,,,,,,,mercedmercedca,Merced,Merced,CA
1344754,2002-07-31,mercedmercedca,1.0102,,,,,,,,,,,,,,,,,,,,,,,,,,,,,,,,,,,,,,,,,,,,,,,,,106.4003,66.87242798353911,108.0408,161350.0,100.0,4.07,94.37,,,,,,,,,4.6776,,6.8548,,103500.0,,195100.0,277500.0,154900.0,,121800.0,154900.0,155300.0,,,,,,,mercedmercedca,Merced,Merced,CA
1344755,2002-08-31,mercedmercedca,1.214,,,,,,,,,,,,,,,,,,,,,,,,,,,,,,,,,,,,,,,,,,,,,,,,,109.0913,,110.1293,163400.0,102.0,3.96,94.53,,,,,,,,,3.7458,,6.7844,,106100.0,,198300.0,274700.0,157900.0,,124600.0,157900.0,158500.0,,,,,,,mercedmercedca,Merced,Merced,CA
1344756,2002-09-30,mercedmercedca,1.3567,,,,,,,,,,,,,,,,,,,,,,,,,,,,,,,,,,,,,,,,,,,,,,,,,113.9057,,115.3405,167700.0,104.0,3.22,95.39,,,,,,,,,2.2143,,6.8078,,108400.0,,202900.0,273500.0,161200.0,,126300.0,161200.0,161900.0,,,,,,,mercedmercedca,Merced,Merced,CA
1344757,2002-10-31,mercedmercedca,0.9988,,,,,,,,,,,,,,,,,,,,,,,,,,,,,,,,,,,,,,,,,,,,,,,,,113.8995,,114.6338,173250.0,106.0,2.17,96.92,,,,,,,,,0.6998,,6.9393,,110400.0,,206800.0,274800.0,164400.0,,127300.0,164400.0,165100.0,,,,,,,mercedmercedca,Merced,Merced,CA
1344758,2002-11-30,mercedmercedca,0.9132,,,,,,,,,,,,,,,,,,,,,,,,,,,,,,,,,,,,,,,,,,,,,,,,,116.1887,,116.5034,181650.0,109.0,3.16,95.54,,,,,,,,,0.6043,,6.9017,,112700.0,,210200.0,279000.0,167400.0,,129400.0,167400.0,168000.0,,,,,,,mercedmercedca,Merced,Merced,CA
1344759,2002-12-31,mercedmercedca,0.929,,,,,,,,,,,,,,,,,,,,,,,,,,,,,,,,,,,,,,,,,,,,,,,,,117.2172,,117.3334,180375.0,111.0,2.72,96.46,,,,,,,,,2.639,,7.1412,,115700.0,,214400.0,284500.0,170400.0,,132200.0,170400.0,171100.0,,,,,,,mercedmercedca,Merced,Merced,CA
1344760,2003-01-31,mercedmercedca,0.5014,,,,,,,,,,,,,,,,,,,,,,,,,,,,,,,,,,,,,,,,,,,,,,,,,116.6203,,116.7017,175375.0,113.0,1.38,98.37,,,,,,,,,3.8435,,7.221,,118700.0,,219000.0,291400.0,173400.0,,134800.0,173400.0,174200.0,,,,,,,mercedmercedca,Merced,Merced,CA
1344761,2003-02-28,mercedmercedca,0.3991,,,,,,,,,,,,,,,,,,,,,,,,,,,,,,,,,,,,,,,,,,,,,,,,,115.5808,,116.3814,171750.0,114.0,1.28,98.19,,,,,,,,,3.5688,,7.3008,,121800.0,,222100.0,298300.0,175900.0,,137400.0,175900.0,176600.0,,,,,,,mercedmercedca,Merced,Merced,CA
1344762,2003-03-31,mercedmercedca,,,,,,,,,,,,,,,,,,,,,,,,,,,,,,,,,,,,,,,,,,,,,,,,,,119.2068,,119.7428,185500.0,116.0,1.83,97.39,,,,,,,,,2.6057,,7.2022,,124900.0,,225200.0,303800.0,178300.0,,139700.0,178300.0,179100.0,,,,,,,mercedmercedca,Merced,Merced,CA
1344763,2003-04-30,mercedmercedca,0.5741,,,,,,,,,,,,,,,,,,,,,,,,,,,,,,,,,,,,,,,,,,,,,,,,,122.6642,,123.0085,190650.0,118.0,1.65,97.62,,,,,,,,,2.3676,,7.2914,,127100.0,,228100.0,306300.0,181300.0,,141200.0,181300.0,182100.0,,,,,,,mercedmercedca,Merced,Merced,CA
1344764,2003-05-31,mercedmercedca,0.8715,,,,,,,,,,,,,,,,,,,,,,,,,,,,,,,,,,,,,,,,,,,,,,,,,125.6609,,126.1823,196500.0,120.0,1.34,98.1,,,,,,,,,1.501,,7.2116,,128900.0,,230000.0,301700.0,184200.0,,143100.0,184200.0,185200.0,,,,,,,mercedmercedca,Merced,Merced,CA
1344765,2003-06-30,mercedmercedca,0.764,,,,,,,,,,,,,,,,,,,,,,,,,,,,,,,,,,,,,,,,,,,,,,,,,127.3312,,127.6743,193500.0,122.0,1.06,98.51,,,,,,,,,1.7613,,7.2914,,131000.0,,231700.0,300300.0,186800.0,,145600.0,186800.0,187800.0,,,,,,,mercedmercedca,Merced,Merced,CA
1344766,2003-07-31,mercedmercedca,0.8227,,,,,,,,,,,,,,,,,,,,,,,,,,,,,,,,,,,,,,,,,,,,,,,,,127.8947,,128.02700000000002,195000.0,123.0,1.43,97.88,,,,,,,,,0.9079,,7.4698,,133300.0,,233900.0,306900.0,189000.0,,147600.0,189000.0,190100.0,,,,,,,mercedmercedca,Merced,Merced,CA
1344767,2003-08-31,mercedmercedca,0.4189,,,,,,,,,,,,,,,,,,,,,,,,,,,,,,,,,,,,,,,,,,,,,,,,,128.9878,,128.9878,195450.0,125.0,1.35,97.84,,,,,,,,,0.6409,,7.6576,,134800.0,,236000.0,316100.0,191200.0,,150100.0,191200.0,192200.0,,,,,,,mercedmercedca,Merced,Merced,CA
1344768,2003-09-30,mercedmercedca,1.1261,,,,,,,,,,,,,,,,,,,,,,,,,,,,,,,,,,,,,,,,,,,,,,,,,131.37,,131.6561,200150.0,126.0,0.91,98.59,,,,,,,,,1.0167,,8.0426,,135900.0,,237800.0,318700.0,193300.0,,151900.0,193300.0,194300.0,,,,,,,mercedmercedca,Merced,Merced,CA
1344769,2003-10-31,mercedmercedca,0.6849,,,,,,,,,,,,,,,,,,,,,,,,,,,,,,,,,,,,,,,,,,,,,,,,,132.8519,,133.5106,204050.0,128.0,0.8,98.68,,,,,,,,,0.6558,,8.2023,,137000.0,,240100.0,318100.0,195800.0,,153000.0,195800.0,196800.0,,,,,,,mercedmercedca,Merced,Merced,CA
1344770,2003-11-30,mercedmercedca,0.2936,,,,,,,,,,,,,,,,,,,,,,,,,,,,,,,,,,,,,,,,,,,,,,,,,134.8403,,135.247,201875.0,130.0,0.34,99.41,,,,,,,,,0.9235,,8.376,,138900.0,,242700.0,317700.0,198600.0,,154500.0,198600.0,199800.0,,,,,,,mercedmercedca,Merced,Merced,CA
1344771,2003-12-31,mercedmercedca,0.244,,,,,,,,,,,,,,,,,,,,,,,,,,,,,,,,,,,,,,,,,,,,,,,,,135.2837,,136.2774,204275.0,132.0,0.49,99.25,,,,,,,,,1.3853,,8.4088,,141300.0,,245800.0,322000.0,201700.0,,156000.0,201700.0,202900.0,,,,,,,mercedmercedca,Merced,Merced,CA
1344772,2004-01-31,mercedmercedca,0.42200000000000004,,,,,,,,,,,,,,,,,,,,,,,,,,,,,,,,,,,,,,,,,,,,,,,,,133.7243,,134.3236,205500.0,134.0,1.09,98.3,,,,,,,,,1.5757,,8.4605,,143800.0,,249700.0,328900.0,204500.0,,157900.0,204500.0,205700.0,,,,,,,mercedmercedca,Merced,Merced,CA
1344773,2004-02-29,mercedmercedca,0.4935,,,,,,,,,,,,,,,,,,,,,,,,,,,,,,,,,,,,,,,,,,,,,,,,,135.4342,,135.6911,209300.0,136.0,0.87,98.71,,,,,,,,,1.4326,,8.6999,,146300.0,,254000.0,332600.0,207400.0,,160400.0,207400.0,208300.0,,,,,,,mercedmercedca,Merced,Merced,CA
1344774,2004-03-31,mercedmercedca,0.4899,,,,,,,,,,,,,,,,,,,,,,,,,,,,,,,,,,,,,,,,,,,,,,,,,137.3716,,137.3716,210100.0,138.0,0.69,98.93,,,,,,,,,1.1186,,9.254,,148800.0,,258100.0,333400.0,210500.0,,163600.0,210500.0,211300.0,,,,,,,mercedmercedca,Merced,Merced,CA
1344775,2004-04-30,mercedmercedca,0.4861,,,,,,,,,,,,,,,,,,,,,,,,,,,,,,,,,,,,,,,,,,,,,,,,,139.9159,,140.5758,210550.0,140.0,0.52,99.19,,,,,,,,,0.9227,,9.6202,,151100.0,,262000.0,338000.0,213600.0,,167500.0,213600.0,214500.0,,,,,,,mercedmercedca,Merced,Merced,CA
1344776,2004-05-31,mercedmercedca,0.2427,,,,,,,,,,,,,,,,,,,,,,,,,,,,,,,,,,,,,,,,,,,,,,,,,140.2704,,141.0535,213925.0,143.0,0.41,99.35,,,,,,,,,0.9206,,9.8455,,154000.0,,266700.0,348600.0,217200.0,,172400.0,217200.0,218100.0,,,,,,,mercedmercedca,Merced,Merced,CA
1344777,2004-06-30,mercedmercedca,0.7962,,,,,,,,,,,,,,,,,,,,,,,,,,,,,,,,,,,,,,,,,,,,,,,,,143.8597,,144.3258,222450.0,146.0,0.37,99.5,,,,,,,,,0.6574,,10.2728,,157700.0,,272300.0,358300.0,222100.0,,176700.0,222100.0,222900.0,,,,,,,mercedmercedca,Merced,Merced,CA
1344778,2004-07-31,mercedmercedca,1.0018,,,,,,,,,,,,,,,,,,,,,,,,,,,,,,,,,,,,,,,,,,,,,,,,,147.3412,,147.4679,225700.0,149.0,0.24,99.65,,,,,,,,,0.2786,,10.578,,161800.0,,277700.0,365200.0,227800.0,,180800.0,227800.0,228700.0,,,,,,,mercedmercedca,Merced,Merced,CA
1344779,2004-08-31,mercedmercedca,0.5638,,,,,,,,,,,,,,,,,,,,,,,,,,,,,,,,,,,,,,,,,,,,,,,,,151.4029,,151.5203,235850.0,153.0,0.23,99.66,,,,,,,,,0.2927,,10.7611,,166100.0,,282800.0,370700.0,233000.0,,186300.0,233000.0,234000.0,,,,,,,mercedmercedca,Merced,Merced,CA
1344780,2004-09-30,mercedmercedca,0.3947,,,,,,,,,,,,,,,,,,,,,,,,,,,,,,,,,,,,,,,,,,,,,,,,,152.775,,153.3643,236825.0,157.0,0.18,99.72,,,,,,,,,0.6684,,10.8268,,171400.0,,288900.0,380700.0,238600.0,,192900.0,238600.0,239600.0,,,,,,,mercedmercedca,Merced,Merced,CA
1344781,2004-10-31,mercedmercedca,,,,,,,,,,,,,,,,,,,,,,,,,,,,,,,,,,,,,,,,,,,,,,,,,,157.4473,,158.0972,241825.0,161.0,0.09,99.84,,,,,,,,,1.151,,10.9489,,177100.0,,295400.0,392100.0,244800.0,,199000.0,244800.0,246000.0,,,,,,,mercedmercedca,Merced,Merced,CA
1344782,2004-11-30,mercedmercedca,,,,,,,,,,,,,,,,,,,,,,,,,,,,,,,,,,,,,,,,,,,,,,,,,,165.4415,,166.0051,249025.0,164.0,0.13,99.78,,,,,,,,,1.1555,,11.2024,,182400.0,,301000.0,398900.0,250700.0,,203900.0,250700.0,251800.0,,,,,,,mercedmercedca,Merced,Merced,CA
1344783,2004-12-31,mercedmercedca,,,,,,,,,,,,,,,,,,,,,,,,,,,,,,,,,,,,,,,,,,,,,,,,,,172.90900000000002,,174.0404,256825.0,169.0,0.09,99.85,,,,,,,,,0.565,,11.2306,,187100.0,,307200.0,400100.0,256500.0,,207400.0,256500.0,257600.0,,,,,,,mercedmercedca,Merced,Merced,CA
1344784,2005-01-31,mercedmercedca,0.2461,,,,,,,,,,,,,,,,,,,,,,,,,,,,,,,,,,,,,,,,,,,,,,,,,178.7083,,179.4028,270925.0,173.0,0.76,99.14,,,,,,,,,0.938,,11.4559,,191700.0,,313600.0,401100.0,262700.0,,209400.0,262700.0,263800.0,,,,,,,mercedmercedca,Merced,Merced,CA
1344785,2005-02-28,mercedmercedca,,,,,,,,,,,,,,,,,,,,,,,,,,,,,,,,,,,,,,,,,,,,,,,,,,180.5532,,180.8214,273025.0,177.0,0.73,99.11,,,,,,,,,0.5526,,11.4935,,196000.0,,319300.0,405700.0,268700.0,,211100.0,268700.0,269900.0,,,,,,,mercedmercedca,Merced,Merced,CA
1344786,2005-03-31,mercedmercedca,0.3167,,,,,,,,,,,,,,,,,,,,,,,,,,,,,,,,,,,,,,,,,,,,,,,,,184.0516,,184.0516,280375.0,180.0,0.64,99.19,,,,,,,,,1.1984,,11.4231,,200200.0,,325100.0,412800.0,274500.0,,213900.0,274500.0,275700.0,,,,,,,mercedmercedca,Merced,Merced,CA
1344787,2005-04-30,mercedmercedca,0.41100000000000003,,,,,,,,,,,,,,,,,,,,,,,,,,,,,,,,,,,,,,,,,,,,,,,,,186.7928,,186.8801,279700.0,185.0,0.44,99.45,,,,,,,,,1.0715,,11.4465,,206700.0,,334100.0,420500.0,282100.0,,217400.0,282100.0,283300.0,,,,,,,mercedmercedca,Merced,Merced,CA
1344788,2005-05-31,mercedmercedca,0.4848,,,,,,,,,,,,,,,,,,,,,,,,,,,,,,,,,,,,,,,,,,,,,,,,,192.7621,,193.1228,287425.0,192.0,0.12,99.84,,,,,,,,,0.7511,,11.686,,215600.0,,346200.0,433000.0,292000.0,,221100.0,292000.0,293200.0,,,,,,,mercedmercedca,Merced,Merced,CA
1344789,2005-06-30,mercedmercedca,0.2426,,,,,,,,,,,,,,,,,,,,,,,,,,,,,,,,,,,,,,,,,,,,,,,,,198.5023,,199.1955,307200.0,199.0,0.07,99.88,,,,,,,,,0.4412,,11.6109,,222600.0,,359000.0,449500.0,302400.0,,225000.0,302400.0,303700.0,,,,,,,mercedmercedca,Merced,Merced,CA
1344790,2005-07-31,mercedmercedca,,,,,,,,,,,,,,,,,,,,,,,,,,,,,,,,,,,,,,,,,,,,,,,,,,206.0049,,206.4154,321925.0,205.0,0.07,99.92,,,,,,,,,0.1903,,11.7893,,225500.0,,368700.0,461700.0,311200.0,,226700.0,311200.0,312500.0,,,,,,,mercedmercedca,Merced,Merced,CA
1344791,2005-08-31,mercedmercedca,,,,,,,,,,,,,,,,,,,,,,,,,,,,,,,,,,,,,,,,,,,,,,,,,,213.6159,,214.2999,336050.0,209.0,0.07,99.89,,,,,,,,,0.5579,,12.1226,,227500.0,,375900.0,468200.0,318400.0,,226400.0,318400.0,319700.0,,,,,,,mercedmercedca,Merced,Merced,CA
1344792,2005-09-30,mercedmercedca,0.243,,,,,,,,,,,,,,,,,,,,,,,,,,,,,,,,,,,,,,,,,,,,,,,,,221.7379,,222.9947,339950.0,213.0,0.08,99.87,,,,,,,,,0.5951,,12.1273,,231500.0,,382400.0,474300.0,324800.0,,225500.0,324800.0,325900.0,,,,,,,mercedmercedca,Merced,Merced,CA
1344793,2005-10-31,mercedmercedca,,,,,,,,,,,,,,,,,,,,,,,,,,,,,,,,,,,,,,,,,,,,,,,,,,226.5039,,227.4375,334250.0,217.0,0.36,99.51,,,,,,,,,0.6174,,11.9865,,236100.0,,388400.0,480800.0,329900.0,,225300.0,329900.0,330900.0,,,,,,,mercedmercedca,Merced,Merced,CA
1344794,2005-11-30,mercedmercedca,0.3167,,,,,,,,,,,,,,,,,,,,,,,,,,,,,,,,,,,,,,,,,,,,,,,,,231.162,,231.7309,327950.0,220.0,0.45,99.44,,,,,,,,,0.2806,,11.5733,,239100.0,,393700.0,485900.0,334500.0,,227100.0,334500.0,335700.0,,,,,,,mercedmercedca,Merced,Merced,CA
1344795,2005-12-31,mercedmercedca,,,,,,,,,,,,,,,,,,,,,,,,,,,,,,,,,,,,,,,,,,,,,,,,,,229.3432,,229.5279,332300.0,222.0,0.49,99.33,,,,,,,,,,,11.2775,,239000.0,,398100.0,490700.0,338800.0,,233500.0,338800.0,340000.0,,,,,,,mercedmercedca,Merced,Merced,CA
1344796,2006-01-31,mercedmercedca,,,,,,,,,,,,,,,,,,,,,,,,,,,,,,,,,,,,,,,,,,,,,,,,,,216.7135,,217.4261,341900.0,224.0,0.58,99.17,,,,,,,,,0.4238,,10.9677,,237900.0,,402000.0,495400.0,341900.0,,243200.0,341900.0,343200.0,,,,,,,mercedmercedca,Merced,Merced,CA
1344797,2006-02-28,mercedmercedca,0.2454,,,,,,,,,,,,,,,,,,,,,,,,,,,,,,,,,,,,,,,,,,,,,,,,,205.6698,,206.5202,345500.0,224.0,0.69,98.88,,,,,,,,,,,10.7329,,236500.0,,402700.0,499800.0,342600.0,,251300.0,342600.0,344000.0,,,,,,,mercedmercedca,Merced,Merced,CA
1344798,2006-03-31,mercedmercedca,,,,,,,,,,,,,,,,,,,,,,,,,,,,,,,,,,,,,,,,,,,,,,,,,,203.9644,,204.4355,352600.0,223.0,1.49,97.69,,,,,,,,,0.4358,,10.5545,,235500.0,,399700.0,502100.0,340400.0,,251900.0,340400.0,341800.0,,,,,,,mercedmercedca,Merced,Merced,CA
1344799,2006-04-30,mercedmercedca,,,,,,,,,,,,,,,,,,,,,,,,,,,,,,,,,,,,,,,,,,,,,,,,,,205.1211,,205.0709,358650.0,221.0,2.54,96.43,,,,,,,,,,,10.0239,,236200.0,,398100.0,503700.0,338400.0,,250000.0,338400.0,339700.0,,,,,,,mercedmercedca,Merced,Merced,CA
1344800,2006-05-31,mercedmercedca,,,,,,,,,,,,,,,,,,,,,,,,,,,,,,,,,,,,,,,,,,,,,,,,,,208.2285,,208.1109,353225.0,222.0,5.07,92.65,,,,,,,,,0.5236,,9.3948,,239500.0,,399800.0,505300.0,338700.0,,249900.0,338700.0,339900.0,,,,,,,mercedmercedca,Merced,Merced,CA
1344801,2006-06-30,mercedmercedca,0.2429,,,,,,,,,,,,,,,,,,,,,,,,,,,,,,,,,,,,,,,,,,,,,,,,,211.1774,,210.8997,350375.0,223.0,9.67,85.65,,,,,,,,,0.7734,,8.7469,,244500.0,,403600.0,509500.0,339800.0,,252000.0,339800.0,340900.0,,,,,,,mercedmercedca,Merced,Merced,CA
1344802,2006-07-31,mercedmercedca,0.67,,,,,,,,,,,,,,,,,,,,,,,,,,,,,,,,,,,,,,,,,,,,,,,,,214.8623,,214.7032,343675.0,223.0,14.43,77.76,,,,,,,,,0.4595,,7.8642,,249100.0,,407000.0,512800.0,338800.0,,253100.0,338800.0,340000.0,,,,,,,mercedmercedca,Merced,Merced,CA
1344803,2006-08-31,mercedmercedca,0.6792,,,,,,,,,,,,,,,,,,,,,,,,,,,,,,,,,,,,,,,,,,,,,,,,,206.5816,,206.5134,326800.0,222.0,26.78,60.55,,,,,,,,,,,6.9017,,249600.0,,406400.0,512400.0,335500.0,,253400.0,335500.0,336700.0,,,,,,,mercedmercedca,Merced,Merced,CA
1344804,2006-09-30,mercedmercedca,1.5712,,,,,,,,,,,,,,,,,,,,,,,,,,,,,,,,,,,,,,,,,,,,,,,,,197.7038,,197.7038,312300.0,217.0,50.51,36.43,,,,,,,,,,,6.3853,,243600.0,,397300.0,507000.0,328600.0,,250700.0,328600.0,329600.0,,,,,,,mercedmercedca,Merced,Merced,CA
1344805,2006-10-31,mercedmercedca,2.4687,,,,,,,,,,,,,,,,,,,,,,,,,,,,,,,,,,,,,,,,,,,,,,,,,195.322,,195.322,303475.0,211.0,73.84,19.34,,,,,,,,,0.5682,,6.0378,,237400.0,,385300.0,498800.0,320200.0,,245800.0,320200.0,321300.0,,,,,,,mercedmercedca,Merced,Merced,CA
1344806,2006-11-30,mercedmercedca,2.4107,,,,,,,,,,,,,,,,,,,,,,,,,,,,,,,,,,,,,,,,,,,,,,,,,193.9992,,193.9992,300250.0,206.0,82.35,12.8,,,,,,,,,1.179,,5.8266,,232900.0,,373300.0,490400.0,311100.0,,238400.0,311100.0,312300.0,,,,,,,mercedmercedca,Merced,Merced,CA
1344807,2006-12-31,mercedmercedca,3.1568,,,,,,,,,,,,,,,,,,,,,,,,,,,,,,,,,,,,,,,,,,,,,,,,,192.3892,,192.3892,299650.0,200.0,90.18,7.29,,,,,,,,,1.2987,,5.7984,,229400.0,,362700.0,483200.0,302200.0,,232800.0,302200.0,303100.0,,,,,,,mercedmercedca,Merced,Merced,CA
1344808,2007-01-31,mercedmercedca,5.2976,,,,,,,,,,,,,,,,,,,,,,,,,,,,,,,,,,,,,,,,,,,,,,,,,182.5039,,182.5039,299850.0,195.0,92.73,5.16,,,,,,,,,1.1464,,5.7655,,224600.0,,353600.0,476400.0,294200.0,,230600.0,294200.0,295200.0,,,,,,,mercedmercedca,Merced,Merced,CA
1344809,2007-02-28,mercedmercedca,8.3197,,,,,,,,,,,,,,,,,,,,,,,,,,,,,,,,,,,,,,,,,,,,,,,,,172.8664,,172.8664,298000.0,191.0,94.77,3.81,,,,,,,,,0.528,,5.8547,,219400.0,,347700.0,470200.0,288100.0,,229200.0,288100.0,289400.0,,,,,,,mercedmercedca,Merced,Merced,CA
1344810,2007-03-31,mercedmercedca,10.203,,,,,,,,,,,,,,,,,,,,,,,,,,,,,,,,,,,,,,,,,,,,,,,,,168.1489,,168.1489,298600.0,188.0,95.16,3.65,,,,,,,,,1.1932,,5.6528,,213700.0,,342100.0,465600.0,282800.0,,225700.0,282800.0,284100.0,,,,,,,mercedmercedca,Merced,Merced,CA
1344811,2007-04-30,mercedmercedca,10.3668,,,,,,,,,,,,,,,,,,,,,,,,,,,,,,,,,,,,,,,,,,,,,,,,,164.8257,,164.8257,299400.0,184.0,95.73,3.17,,,,,,,,,0.7292,,5.4275,,207400.0,,335800.0,463500.0,278600.0,,221400.0,278600.0,279600.0,,,,,,,mercedmercedca,Merced,Merced,CA
1344812,2007-05-31,mercedmercedca,11.2761,,,,,,,,,,,,,,,,,,,,,,,,,,,,,,,,,,,,,,,,,,,,,,,,,158.8501,,158.0128,297500.0,180.0,97.08,2.0,,,,,,,,,2.7816,,5.3664,,200300.0,,329900.0,462100.0,274400.0,,217000.0,274400.0,275600.0,,,,,,,mercedmercedca,Merced,Merced,CA
1344813,2007-06-30,mercedmercedca,15.030999999999999,,,,,,,,,,,,,,,,,,,,,,,,,,,,,,,,,,,,,,,,,,,,,,,,,154.6516,,154.0655,300750.0,177.0,98.2,1.22,,,,,,,,,2.3382,,5.4087,,194000.0,,325100.0,460100.0,269200.0,,213000.0,269200.0,270600.0,,,,,,,mercedmercedca,Merced,Merced,CA
1344814,2007-07-31,mercedmercedca,17.5576,,,,,,,,,,,,,,,,,,,,,,,,,,,,,,,,,,,,,,,,,,,,,,,,,152.5788,,152.3276,296250.0,173.0,99.26,0.47,,,,,,,,,5.4533,,5.5026,,188000.0,,318100.0,452700.0,262200.0,,208500.0,262200.0,263400.0,,,,,,,mercedmercedca,Merced,Merced,CA
1344815,2007-08-31,mercedmercedca,22.6812,,,,,,,,,,,,,,,,,,,,,,,,,,,,,,,,,,,,,,,,,,,,,,,,,155.1573,,155.1573,282425.0,168.0,99.73,0.2,,,,,,,,,8.9301,,5.7233,,182400.0,,309300.0,442300.0,254600.0,,203500.0,254600.0,255600.0,,,,,,,mercedmercedca,Merced,Merced,CA
1344816,2007-09-30,mercedmercedca,22.9239,,,,,,,,,,,,,,,,,,,,,,,,,,,,,,,,,,,,,,,,,,,,,,,,,152.8961,,152.8961,268075.0,164.0,99.83,0.13,,,,,,,,,10.3935,,5.7608,,178000.0,,301900.0,434400.0,248300.0,,199100.0,248300.0,249100.0,,,,,,,mercedmercedca,Merced,Merced,CA
1344817,2007-10-31,mercedmercedca,25.1037,,,,,,,,,,,,,,,,,,,,,,,,,,,,,,,,,,,,,,,,,,,,,,,,,150.2883,,150.2883,270000.0,161.0,99.78,0.15,,,,,,,,,20.2835,,5.7937,,174100.0,,296600.0,431200.0,244000.0,,195000.0,244000.0,244600.0,,,,,,,mercedmercedca,Merced,Merced,CA
1344818,2007-11-30,mercedmercedca,30.281,,,,,,,,,,,,,,,,,,,,,,,,,,,,,,,,,,,,,,,,,,,,,,,,,141.2691,,141.2691,260950.0,158.0,99.84,0.12,,,,,,,,,20.0899,,6.0331,,171300.0,,292200.0,425200.0,240600.0,,190400.0,240600.0,241300.0,,,,,,,mercedmercedca,Merced,Merced,CA
1344819,2007-12-31,mercedmercedca,37.2675,,,,,,,,,,,,,,,,,,,,,,,,,,,,,,,,,,,,,,,,,,,,,,,,,132.6896,,132.6896,250050.0,156.0,99.78,0.16,,,,,,,,,21.5737,,6.3055,,168700.0,,288000.0,416200.0,238400.0,,189000.0,238400.0,239500.0,,,,,,,mercedmercedca,Merced,Merced,CA
1344820,2008-01-31,mercedmercedca,38.2535,,,,,,,,,,,,,,,,,,,,,,,,,,,,,,,,,,,,,,,,,,,,,,,,,122.6662,,122.6662,247200.0,154.0,99.75,0.18,,,,,,,,,28.3298,,6.3665,,165600.0,,284300.0,410500.0,237500.0,,189400.0,237500.0,238400.0,,,,,,,mercedmercedca,Merced,Merced,CA
1344821,2008-02-29,mercedmercedca,44.3487,,,,,,,,,,,,,,,,,,,,,,,,,,,,,,,,,,,,,,,,,,,,,,,,,117.7055,,117.7055,248800.0,153.0,99.74,0.2,,,,,,,,,39.6145,,6.5355,,163500.0,,281100.0,408200.0,236200.0,,187300.0,236200.0,236900.0,,,,,,,mercedmercedca,Merced,Merced,CA
1344822,2008-03-31,mercedmercedca,47.4125,,,,,,,,,,,,,,,,,,,,,,,,,,,,,,,,,,,,,,,,,,,,,,,,,116.6071,,116.6071,236250.0,152.0,99.67,0.24,,,,,,,,,46.6746,,6.7374,,164400.0,,279300.0,405800.0,235000.0,,184900.0,235000.0,235800.0,,,,,,,mercedmercedca,Merced,Merced,CA
1344823,2008-04-30,mercedmercedca,51.7955,,,,,,,,,,,,,,,,,,,,,,,,,,,,,,,,,,,,,,,,,,,,,,,,,115.6223,,115.6223,222875.0,147.0,99.63,0.23,,,,,,,,,53.8296,,7.2163,,160200.0,,269400.0,390600.0,225600.0,,181000.0,225600.0,226500.0,,,,,,,mercedmercedca,Merced,Merced,CA
1344824,2008-05-31,mercedmercedca,52.8274,,,,,,,,,,,,,,,,,,,,,,,,,,,,,,,,,,,,,,,,,,,,,,,,,112.5387,,112.5387,213625.0,135.0,99.96,0.03,,,,,,,,,52.8424,,7.6529,,148000.0,,249000.0,360900.0,206700.0,,168100.0,206700.0,207500.0,,,,,,,mercedmercedca,Merced,Merced,CA
1344825,2008-06-30,mercedmercedca,61.5307,,,,,,,,,,,,,,,,,,,,,,,,,,,,,,,,,,,,,,,,,,,,,,,,,108.3679,,107.8787,203250.0,124.0,99.98,0.02,,,,,,,,,56.8246,,8.1271,,136400.0,,228600.0,330300.0,189500.0,,153300.0,189500.0,190100.0,,,,,,,mercedmercedca,Merced,Merced,CA
1344826,2008-07-31,mercedmercedca,72.045,,,,,,,,,,,,,,,,,,,,,,,,,,,,,,,,,,,,,,,,,,,,,,,,,106.1904,,105.848,192250.0,118.0,99.99,0.01,,,,,,,,,62.5729,,8.7985,,131100.0,,217700.0,313900.0,180900.0,,146800.0,180900.0,181400.0,,,,,,,mercedmercedca,Merced,Merced,CA
1344827,2008-08-31,mercedmercedca,81.9074,,,,,,,,,,,,,,,,,,,,,,,,,,,,,,,,,,,,,,,,,,,,,,,,,103.6368,,103.49,209000.0,116.0,99.99,0.01,,,,,,,,,67.2001,,9.4183,,129400.0,,213100.0,307500.0,176800.0,,147300.0,176800.0,177300.0,,,,,,,mercedmercedca,Merced,Merced,CA
1344828,2008-09-30,mercedmercedca,85.4656,,,,,,,,,,,,,,,,,,,,,,,,,,,,,,,,,,,,,,,,,,,,,,,,,102.3328,,102.3328,205750.0,114.0,99.99,0.01,,,,,,,,,69.7792,,10.1883,,129600.0,,212200.0,303500.0,176000.0,,149900.0,176000.0,176700.0,,,,,,,mercedmercedca,Merced,Merced,CA
1344829,2008-10-31,mercedmercedca,68.6383,,,,,,,,,,,,,,,,,,,,,,,,,,,,,,,,,,,,,,,,,,,,,,,,,99.9852,,101.0658,200250.0,113.0,99.97,0.02,,,,,,,,,71.021,,10.530999999999999,,128000.0,,211900.0,297900.0,175700.0,,151600.0,175700.0,176500.0,,,,,,,mercedmercedca,Merced,Merced,CA
1344830,2008-11-30,mercedmercedca,54.3529,,,,,,,,,,,,,,,,,,,,,,,,,,,,,,,,,,,,,,,,,,,,,,,,,97.3941,,100.3373,181000.0,111.0,99.9,0.06,,,,,,,,,73.9202,,10.8456,,123900.0,,212600.0,297000.0,174900.0,,151300.0,174900.0,175500.0,,,,,,,mercedmercedca,Merced,Merced,CA
1344831,2008-12-31,mercedmercedca,51.5019,,,,,,,,,,,,,,,,,,,,,,,,,,,,,,,,,,,,,,,,,,,,,,,,,94.946,,96.8009,181200.0,110.0,99.72,0.19,,,,,,,,,77.309,,11.1742,,122300.0,,212600.0,296400.0,172700.0,,146900.0,172700.0,173100.0,,,,,,,mercedmercedca,Merced,Merced,CA
1344832,2009-01-31,mercedmercedca,41.8769,,,,,,,,,,,,,,,,,,,,,,,,,,,,,,,,,,,,,,,,,,,,,,,,,89.7699,,90.426,161500.0,108.0,99.58,0.27,,,,,,,,,81.1237,,11.2916,,122200.0,,208900.0,290100.0,167900.0,,138600.0,167900.0,168600.0,,,,,,,mercedmercedca,Merced,Merced,CA
1344833,2009-02-28,mercedmercedca,46.0962,,,,,,,,,,,,,,,,,,,,,,,,,,,,,,,,,,,,,,,,,,,,,,,,,84.2346,,84.2346,152250.0,104.0,99.46,0.4,,,,,,,,,81.6901,,11.5451,,119100.0,,202000.0,279100.0,161800.0,,130200.0,161800.0,162600.0,,,,,,,mercedmercedca,Merced,Merced,CA
1344834,2009-03-31,mercedmercedca,44.8221,,,,,,,,,,,,,,,,,,,,,,,,,,,,,,,,,,,,,,,,,,,,,,,,,82.897,,82.897,152950.0,99.0,99.36,0.51,,,,,,,,,77.0973,,11.6531,,112900.0,,195000.0,268100.0,155500.0,,124800.0,155500.0,156200.0,,,,,,,mercedmercedca,Merced,Merced,CA
1344835,2009-04-30,mercedmercedca,43.2172,,,,,,,,,,,,,,,,,,,,,,,,,,,,,,,,,,,,,,,,,,,,,,,,,78.0206,,78.0206,148000.0,96.0,99.6,0.33,,,,,,,,,76.2101,,11.5921,,107600.0,,190100.0,258800.0,150300.0,,120000.0,150300.0,151200.0,,,,,,,mercedmercedca,Merced,Merced,CA
1344836,2009-05-31,mercedmercedca,44.3277,,,,,,,,,,,,,,,,,,,,,,,,,,,,,,,,,,,,,,,,,,,,,,,,,76.046,,76.046,144350.0,95.0,98.26,1.36,,,,,,,,,75.3794,,11.517000000000001,,104300.0,,187500.0,256000.0,147200.0,,117400.0,147200.0,148200.0,,,,,,,mercedmercedca,Merced,Merced,CA
1344837,2009-06-30,mercedmercedca,66.6779,,,,,,,,,,,,,,,,,,,,,,,,,,,,,,,,,,,,,,,,,,,,,,,,,77.6813,,77.6813,143300.0,93.0,96.31,3.01,,,,,,,,,76.7497,,11.9014,,101200.0,,184800.0,254400.0,144100.0,,116000.0,144100.0,144700.0,,,,,,,mercedmercedca,Merced,Merced,CA
1344838,2009-07-31,mercedmercedca,65.4482,,,,,,,,,,,,,,,,,,,,,,,,,,,,,,,,,,,,,,,,,,,,,,,,,77.4345,,77.4345,144525.0,90.0,95.9,3.18,,,,,,,,,77.4603,,11.6678,,96200.0,,180100.0,249500.0,139400.0,,112100.0,139400.0,139900.0,,,,,,,mercedmercedca,Merced,Merced,CA
1344839,2009-08-31,mercedmercedca,54.0203,,,,,,,,,,,,,,,,,,,,,,,,,,,,,,,,,,,,,,,,,,,,,,,,,76.4769,,76.4769,137425.0,87.0,95.71,3.3,,,,,,,,,74.8204,,11.4286,,90600.0,,176100.0,243300.0,135200.0,,104000.0,135200.0,135800.0,,,,,,,mercedmercedca,Merced,Merced,CA
1344840,2009-09-30,mercedmercedca,49.0261,,,,,,,,,,,,,,,,,,,,,,,,,,,,,,,,,,,,,,,,,,,,,,,,,75.7109,,75.7109,131750.0,85.0,94.97,3.77,,,,,,,,,71.1626,,11.3052,,86400.0,,174000.0,240700.0,132300.0,,97400.0,132300.0,133200.0,,,,,,,mercedmercedca,Merced,Merced,CA
1344841,2009-10-31,mercedmercedca,49.4479,,,,,,,,,,,,,,,,,,,,,,,,,,,,,,,,,,,,,,,,,,,,,,,,,73.2385,,72.8586,127150.0,83.0,94.32,4.32,,,,,,,,,69.5166,,11.057,,82800.0,,171500.0,239100.0,129600.0,,93800.0,129600.0,130400.0,,,,,,,mercedmercedca,Merced,Merced,CA
1344842,2009-11-30,mercedmercedca,45.8552,,,,,,,,,,,,,,,,,,,,,,,,,,,,,,,,,,,,,,,,,,,,,,,,,70.5784,,70.3031,120600.0,81.0,94.51,4.23,,,,,,,,,67.5323,,10.9354,,79500.0,,168100.0,236400.0,126200.0,,92900.0,126200.0,126900.0,,,,,,,mercedmercedca,Merced,Merced,CA
1344843,2009-12-31,mercedmercedca,48.0304,,,,,,,,,,,,,,,,,,,,,,,,,,,,,,,,,,,,,,,,,,,,,,,,,69.7761,,69.5432,119000.0,78.0,95.32,3.7,,,,,,,,,63.5116,,10.8231,,74400.0,,162500.0,230800.0,121600.0,,88000.0,121600.0,122200.0,,,,,,,mercedmercedca,Merced,Merced,CA
1344844,2010-01-31,mercedmercedca,44.8827,277.0,272.0,,,,,,,,,,,,,,,,,,,,,,,,,,,,,,,,,,,,,,,,,,,,,,,70.4622,,70.9849,124250.0,75.0,95.39,3.17,,,,,,,,,60.5722,,10.6312,,70700.0,,157800.0,226700.0,118500.0,,81500.0,118500.0,119300.0,,,,,,,mercedmercedca,Merced,Merced,CA
1344845,2010-02-28,mercedmercedca,39.2193,281.0,258.0,,,,,,,,,,,,,,,,,,,,,,,,,,,,,,,,,,,,,,,,,,,,,,,73.6502,,74.0367,131000.0,74.0,93.48,4.66,,,,,,,,,63.1076,,10.4019,,69700.0,,155100.0,223700.0,117200.0,,78600.0,117200.0,118100.0,,,,,,,mercedmercedca,Merced,Merced,CA
1344846,2010-03-31,mercedmercedca,42.4827,287.0,280.0,,,,,,,,,,,,,,,,,,,,,,,,,,,,,,,,,,,,,,,,,,,,,,,72.8355,,73.0821,119250.0,74.0,89.81,7.44,,,,,,,,,62.9664,,10.2709,,70600.0,,155300.0,222900.0,117500.0,,78900.0,117500.0,118500.0,,,,,,,mercedmercedca,Merced,Merced,CA
1344847,2010-04-30,mercedmercedca,46.418,277.0,262.0,,,,,,,,,,,,,,,,,,,,,,,,,,,,,,,,,,,,,,,,,,,,,,,73.4383,,73.5558,122000.0,75.0,84.32,11.85,,,,,,,,,58.6291,,10.2709,,71500.0,,157000.0,224200.0,119300.0,,77700.0,119300.0,120100.0,,,,,,,mercedmercedca,Merced,Merced,CA
1344848,2010-05-31,mercedmercedca,44.351000000000006,260.0,239.0,,,,,,,,,,,,,,,,,,,,,,,,,,,,,,,,,,,,,,,,,,,,,,,72.1824,,72.2671,128750.0,76.0,81.19,14.53,,,,,,,,,54.145,,10.2012,,72500.0,,160200.0,226100.0,122500.0,,77000.0,122500.0,123200.0,,,,,,,mercedmercedca,Merced,Merced,CA
1344849,2010-06-30,mercedmercedca,45.1403,253.0,240.0,,,,,,,,,,,,,,,,,,,,,,,,,,,,,,,,,,,,,,,,,,,,,,,74.6353,,74.6671,132750.0,76.0,77.35,17.3,,,,,,,,,51.2361,,9.9253,,72000.0,,159900.0,222900.0,123500.0,,76300.0,123500.0,124500.0,,,,,,,mercedmercedca,Merced,Merced,CA
1344850,2010-07-31,mercedmercedca,41.9057,249.0,258.0,,,,,,,,,,,,,,,,,,,,,,,,,,,,,,,,,,,,,,,,,,,,,,,74.5727,,74.5773,126450.0,75.0,70.26,22.63,,,,,,,,,47.4281,,9.7099,,71100.0,,158300.0,219100.0,123200.0,,75300.0,123200.0,124300.0,,,,,,,mercedmercedca,Merced,Merced,CA
1344851,2010-08-31,mercedmercedca,35.4406,238.0,268.0,,,,,,,,,,,,,,,,,,,,,,,,,,,,,,,,,,,,,,,,,,,,,,,75.8666,,75.8666,124300.0,75.0,64.96,27.13,,,,,,,,,47.3807,,9.5483,,70600.0,,157700.0,217800.0,122800.0,,74500.0,122800.0,123800.0,,,,,,,mercedmercedca,Merced,Merced,CA
1344852,2010-09-30,mercedmercedca,39.784,228.0,251.0,,,,,,,,,,,,,,,,,,,7.15307582260372,,7.15307582260372,6890.0,,6890.0,,,,,,,,,,,,,,,,,,,,,,,75.8295,,76.111,124250.0,75.0,62.39,29.2,,,10.365794717120401,,10.5990889987768,11.830985915492999,,12.1387283236994,45.325,,9.5483,,70100.0,,156900.0,216000.0,121600.0,,73900.0,121600.0,122500.0,,,,,,,mercedmercedca,Merced,Merced,CA
1344853,2010-10-31,mercedmercedca,37.4251,229.0,244.0,,,,,,,,,,,,,,,,,,,6.6763142763327,,6.6815144766147005,9000.0,,9000.0,,,,,,,,,,,,,,,,,,,,,,,74.6899,,74.887,129000.0,73.0,64.81,27.41,,,11.544908447349698,,11.4468029260777,11.854103343464999,,11.764705882352901,50.4601,8.34,9.4199,,69400.0,,154500.0,211900.0,119200.0,,73000.0,119200.0,120200.0,,,,,,,mercedmercedca,Merced,Merced,CA
1344854,2010-11-30,mercedmercedca,28.8561,237.0,242.0,,,,,,,,,,,,,,,,,,,7.592701589170099,,7.592701589170099,7400.0,,7400.0,,,,,,,,,,,,,,,,,,,,,,,71.9037,,71.9037,127875.0,71.0,62.84,28.62,,,13.8688663828811,,14.1142256121046,12.8526645768025,,13.1410256410256,48.6917,8.22,9.2478,,68300.0,,151200.0,206600.0,116300.0,,71300.0,116300.0,117400.0,,1168.0,1159.0,0.762,1035.0,1168.0,mercedmercedca,Merced,Merced,CA
1344855,2010-12-31,mercedmercedca,29.3989,243.0,247.0,,,,,,,,,,,,,,,,,,,8.41660503249563,,8.25688073394495,7800.0,,7500.0,,,,,,,,,,,,,,,,,,,,,,,73.5555,,73.3159,124200.0,71.0,62.19,29.66,,,14.031615179351402,,14.0959278796562,13.772455089820399,,13.761467889908301,50.8024,8.31,9.0174,,67500.0,,148800.0,203400.0,114200.0,,70000.0,114200.0,115300.0,,1154.0,1143.0,0.758,1022.0,1154.0,mercedmercedca,Merced,Merced,CA
1344856,2011-01-31,mercedmercedca,31.0931,241.0,237.0,,,,,,,,,,,,,,,,,,,7.28765202885961,,7.147962830593281,6000.0,,6000.0,,,,,,,,,,,,,,,,,1050.0,,,,1100.0,,71.4907,,71.3229,118600.0,70.0,58.97,32.86,,,17.3059653631672,,17.3175092330534,18.3870967741935,,18.4818481848185,50.989,8.64,9.0317,,66900.0,,147500.0,200800.0,112900.0,,69500.0,112900.0,113700.0,,1140.0,1126.0,0.748,992.0,1139.0,mercedmercedca,Merced,Merced,CA
1344857,2011-02-28,mercedmercedca,32.4798,240.0,216.0,,,,,,,,,,,,,,,,,,,7.4496644295302,,7.4496644295302,7500.0,,7500.0,,,,,,0.645108582878124,,,,0.6447831184056271,,,,,,,1000.0,,,,1000.0,,70.6892,,70.6173,124400.0,70.0,58.11,33.34,,,14.7583057477509,,14.773560290908899,13.7380191693291,,13.7254901960784,55.9005,9.0,8.8178,,66700.0,,148100.0,202000.0,113000.0,,69900.0,113000.0,113600.0,,1107.0,1089.0,0.726,944.0,1106.0,mercedmercedca,Merced,Merced,CA
1344858,2011-03-31,mercedmercedca,37.8827,249.0,232.0,,,,,,,,,,,,,,,,,,,6.0331424505507805,,6.0331424505507805,8000.0,,8000.0,,,,,,0.669914738124239,,,,0.6556451419878829,,,,,,,1000.0,,,,1025.0,,73.5938,,73.5938,126950.0,71.0,54.73,36.23,,,15.056515017958699,,15.084068754029902,14.825581395348802,,14.880952380952401,56.7777,9.3,8.8126,,65900.0,,149100.0,204100.0,113700.0,,70400.0,113700.0,114300.0,,1073.0,1047.0,0.7040000000000001,889.0,1073.0,mercedmercedca,Merced,Merced,CA
1344859,2011-04-30,mercedmercedca,35.1942,255.0,246.0,,,,,,,,,,,,,,,,,,,5.58676654182272,,5.55555555555556,5350.0,,5600.0,,,,,,0.655317826492314,,,,0.639638888443468,,,,,,,950.0,,,,950.0,,72.8132,,72.8132,120250.0,71.0,54.35,37.07,,,15.3465943675273,,15.2691085891449,14.970059880239502,,14.8936170212766,52.9269,9.47,8.5797,,65500.0,,149400.0,205000.0,114400.0,,72500.0,114400.0,115200.0,,1041.0,1010.0,0.688,845.0,1040.0,mercedmercedca,Merced,Merced,CA
1344860,2011-05-31,mercedmercedca,33.2227,247.0,232.0,,,,,,,,,,,,,,,,,,,5.412446578069201,,5.26315789473685,6000.0,,6000.0,,,,,,0.7042253521126759,,,,0.7026929468493751,,,,,,,900.0,,,,945.0,,71.1931,,71.1931,113250.0,71.0,58.32,31.19,,,13.365424622033698,,13.315079857848598,12.2641509433962,,12.1794871794872,52.4776,9.54,8.5559,,65400.0,,148700.0,204200.0,114600.0,,74900.0,114600.0,115400.0,,1017.0,980.0,0.6759999999999999,811.0,1016.0,mercedmercedca,Merced,Merced,CA
1344861,2011-06-30,mercedmercedca,29.0154,232.0,222.0,,,,,,,,,,,,,,,,,,,6.75527259086362,,6.63554518172724,10000.0,,10000.0,,,,,,0.6610169491525419,,,,0.657068706796881,,,,,,,875.0,,,,885.0,,71.8605,,71.8605,119050.0,72.0,61.94,28.31,,,12.5410752794766,,12.567384055498,11.3253012048193,,11.302211302211301,50.0527,9.62,8.3888,,66100.0,,150000.0,206500.0,115600.0,,76600.0,115600.0,116500.0,,998.0,961.0,0.6679999999999999,793.0,996.0,mercedmercedca,Merced,Merced,CA
1344862,2011-07-31,mercedmercedca,26.8532,236.0,217.0,,,,,,,,,,,,,,,,,,,6.571908360321459,,6.47715005397625,6600.0,,6200.0,,,,,,0.679347826086957,,,,0.6788598667545721,,,,,,,875.0,,,,875.0,,71.9723,,71.9723,123625.0,72.0,65.31,24.89,,,10.5719355220521,,10.5728274623056,11.6910229645094,,11.727078891258,52.9915,9.61,8.2129,,66600.0,,150900.0,208900.0,115900.0,,77200.0,115900.0,117000.0,,983.0,945.0,0.662,782.0,981.0,mercedmercedca,Merced,Merced,CA
1344863,2011-08-31,mercedmercedca,26.3537,269.0,316.0,,,,,,,,,,,,,,,,,,,5.18518518518518,,5.16991218022146,8000.0,,8000.0,,,,,,0.6875,,,,0.688649665551839,,,,,,,890.0,,,,895.0,,73.5411,,74.3716,132875.0,71.0,68.28,21.74,,,7.71753286168653,,7.80160174469201,8.96309314586995,,8.96057347670251,50.277,9.66,8.1084,,66200.0,,149300.0,209200.0,114600.0,,77400.0,114600.0,115600.0,,969.0,934.0,0.6559999999999999,770.0,967.0,mercedmercedca,Merced,Merced,CA
1344864,2011-09-30,mercedmercedca,26.7252,293.0,320.0,,,,,,,,,,,,,,,,,,,4.0650406504065,,4.0650406504065,6000.0,,6000.0,,,,,,0.69447593673828,,,,0.69447593673828,,,,,,,900.0,,,,900.0,,76.2814,,76.8628,132750.0,71.0,71.25,18.61,,,10.2589467326619,,10.5170982637299,11.7241379310345,,12.056737588652501,51.1621,9.61,7.8098,,65300.0,,147000.0,207400.0,112600.0,,76500.0,112600.0,113600.0,,964.0,930.0,0.654,761.0,962.0,mercedmercedca,Merced,Merced,CA
1344865,2011-10-31,mercedmercedca,22.2354,287.0,316.0,,,,,,,,,,,,,,,,,,,4.76474091721263,,4.76474091721263,7000.0,,7000.0,,,,,,0.6664127951256661,,,,0.664019252005177,,,,,,,875.0,,,,890.0,,76.1674,,76.4166,129000.0,71.0,69.74,19.57,,,8.57969399277351,,8.84240238723623,8.888888888888891,,9.16030534351145,46.1768,9.6,7.6572,,65300.0,,146500.0,207200.0,111700.0,,75000.0,111700.0,112600.0,,960.0,927.0,0.65,748.0,958.0,mercedmercedca,Merced,Merced,CA
1344866,2011-11-30,mercedmercedca,19.590999999999998,267.0,262.0,,,,,,,,,,,,,,,,,,,5.0,,5.05932203389831,6500.0,,6500.0,,,,,,0.6406152532913101,,,,0.6402048655569781,,,,,,,875.0,,,,875.0,,75.2037,,75.245,132100.0,70.0,68.29,20.23,,,14.3495351394119,,14.3942526026579,13.333333333333302,,13.4210526315789,46.4771,9.61,7.5188,,65500.0,,146500.0,207300.0,111400.0,,73700.0,111400.0,112200.0,,955.0,920.0,0.642,726.0,953.0,mercedmercedca,Merced,Merced,CA
1344867,2011-12-31,mercedmercedca,19.5358,255.0,256.0,,,,,,,,,,,,,,,,,,,7.01402805611222,,7.01402805611222,7400.0,,7400.0,,,,,,0.650306998953987,,,,0.650306998953987,,,,,,,875.0,,,,875.0,,69.5348,,69.5348,120050.0,70.0,62.09,25.22,,,12.645867038171598,,13.0673792444064,12.3867069486405,,12.732919254658402,46.7298,9.61,7.337999999999999,,65500.0,,146100.0,206900.0,111300.0,,73800.0,111300.0,111900.0,,957.0,920.0,0.64,718.0,954.0,mercedmercedca,Merced,Merced,CA
1344868,2012-01-31,mercedmercedca,19.7206,254.0,246.0,,,,,,,,,,,,,,,,,,,5.020352781546809,,4.89667231626817,6400.0,,6200.0,,,,,,0.664019252005177,,,,0.664019252005177,,,,,,,875.0,,,,875.0,,66.5247,,66.7356,108450.0,70.0,60.33,27.53,,,12.059894229999301,,11.993555785077,13.1410256410256,,13.1578947368421,41.226000000000006,9.63,7.3047,,65800.0,,146600.0,207400.0,111800.0,,74800.0,111800.0,112200.0,,959.0,920.0,0.642,717.0,956.0,mercedmercedca,Merced,Merced,CA
1344869,2012-02-29,mercedmercedca,18.5906,250.0,240.0,,,,,,,,,,,,,,,,,,,6.75675675675675,,6.75675675675675,6800.0,,6800.0,,,,,,0.68,,,,0.68,,,,,,,900.0,,,,900.0,,67.0696,,67.2622,118000.0,71.0,60.13,26.92,,,7.1691538923377,,7.33946082330725,6.1488673139158605,,6.29139072847682,37.4807,9.63,7.2278,,65900.0,,147600.0,207700.0,112100.0,,76000.0,112100.0,112600.0,,962.0,924.0,0.6459999999999999,724.0,959.0,mercedmercedca,Merced,Merced,CA
1344870,2012-03-31,mercedmercedca,15.8171,236.0,212.0,,,,,,,,,,,,,,,,,,,6.66666666666667,,6.25195314941437,6000.0,,6000.0,,,,,,0.6747208883498772,,,,0.6747208883498772,,,,,,,900.0,,,,900.0,,70.4778,,70.5726,123050.0,70.0,56.65,31.42,,,8.780156420537269,,8.44779722414131,8.54922279792746,,8.24468085106383,35.5765,9.6,6.9614,,64400.0,,146300.0,205400.0,110900.0,,75400.0,110900.0,111400.0,,970.0,933.0,0.652,735.0,967.0,mercedmercedca,Merced,Merced,CA
1344871,2012-04-30,mercedmercedca,14.5133,236.0,210.0,,,,,,,,,,,,,,,,,,,6.36436441840899,,6.93240901213171,8850.0,,10000.0,,,,,,0.717470412966886,,,,0.717470412966886,,,,,,,850.0,,,,885.0,,73.6658,,73.6793,130500.0,70.0,51.63,35.93,,,8.851110758474231,,8.36160267897937,8.47457627118644,,7.986111111111111,35.0483,9.66,6.752000000000001,,63300.0,,145900.0,205500.0,110300.0,,75100.0,110300.0,110800.0,,980.0,942.0,0.654,746.0,977.0,mercedmercedca,Merced,Merced,CA
1344872,2012-05-31,mercedmercedca,13.2011,249.0,248.0,,,,,,,,,,,,,,,,,,,4.911591355599209,,6.675567423230981,6000.0,,6500.0,,,,,,0.72,,,,0.713694028403944,,,,,,,825.0,,,,875.0,,75.6175,,75.6175,128450.0,70.0,37.59,49.66,,,6.62758946811116,,6.00045754322631,5.5263157894736805,,4.8648648648648605,34.8357,9.77,6.5188,,62800.0,,146300.0,206500.0,110600.0,,75300.0,110600.0,111200.0,,990.0,951.0,0.6579999999999999,756.0,987.0,mercedmercedca,Merced,Merced,CA
1344873,2012-06-30,mercedmercedca,11.0601,248.0,232.0,,,,,,,,,,,,,,,,,,,6.186128020660401,,6.81818181818182,7900.0,,11500.0,,,,,,0.7225171899477499,,,,0.7184768394245991,,,,,,,850.0,,,,895.0,,72.11399999999999,,72.11399999999999,118675.0,71.0,30.88,57.51,,,5.2737450891501,,4.826003613820769,4.05797101449275,,3.56083086053412,31.5615,9.83,6.3047,,62900.0,,147600.0,208400.0,111600.0,,76200.0,111600.0,112200.0,,997.0,956.0,0.66,757.0,994.0,mercedmercedca,Merced,Merced,CA
1344874,2012-07-31,mercedmercedca,10.9825,239.0,249.0,,,,,,,,,,,,,,,,,,,6.696428571428571,,7.27129120879121,7000.0,,7800.0,,,,,,0.7236428194695601,,,,0.7142857142857142,,,,,,,850.0,,,,900.0,,74.7564,,74.7564,116975.0,72.0,21.96,67.77,,,3.0360372112822698,,2.53893038922941,4.15512465373961,,3.69318181818182,28.6768,9.89,6.1858,,63600.0,,149400.0,210600.0,112800.0,,77300.0,112800.0,113300.0,,999.0,959.0,0.662,758.0,996.0,mercedmercedca,Merced,Merced,CA
1344875,2012-08-31,mercedmercedca,14.7804,225.0,258.0,,,,,,,,,,,,,,,,,,,5.88581518540318,,5.71018921083895,10000.0,,10000.0,,,,,,0.7029898690387939,,,,0.6997220961887479,,,,,,,942.5,,,,975.0,,78.6873,,78.6873,133350.0,73.0,14.94,76.94,,,4.92065955495868,,4.75652122573598,6.16621983914209,,5.915492957746481,26.6991,9.94,6.1715,,64800.0,,152100.0,213000.0,114800.0,,78900.0,114800.0,115300.0,,998.0,960.0,0.662,751.0,996.0,mercedmercedca,Merced,Merced,CA
1344876,2012-09-30,mercedmercedca,17.1047,198.0,228.0,,,,,,,,,,,,,,,,,,,3.50250178699071,,5.66251415628539,6100.0,,9000.0,,,,,,0.7062751528519459,,,,0.7042253521126759,,,,,,,875.0,,,,900.0,,79.0172,,79.0172,138000.0,73.0,9.2,84.75,,,4.534808801627441,,4.325463314373589,6.0,,5.8651026392961905,26.1774,10.04,6.0247,,65000.0,,152900.0,211400.0,115200.0,,79600.0,115200.0,115800.0,,996.0,966.0,0.6659999999999999,749.0,995.0,mercedmercedca,Merced,Merced,CA
1344877,2012-10-31,mercedmercedca,20.7955,170.0,177.0,,,,,,,,,,,,,,,,,,,5.6821278825995805,,5.69444444444445,11500.0,,16000.0,,,,,,0.6955645161290319,,,,0.681923238271634,,,,,,,850.0,,,,900.0,,78.0718,,78.0718,132250.0,74.0,6.68,88.92,,,4.14940382999927,,3.9584128331984596,4.4585987261146505,,4.2763157894736805,22.9412,10.16,6.02,,65500.0,,153900.0,209800.0,115600.0,,80300.0,115600.0,116400.0,,992.0,969.0,0.6679999999999999,749.0,992.0,mercedmercedca,Merced,Merced,CA
1344878,2012-11-30,mercedmercedca,18.3936,159.0,162.0,,,,,,,,,,,,,,,,,,,6.00000000000001,,6.00000000000001,10000.0,,10000.0,,,,,,0.671852899575672,,,,0.6664127951256661,,,,,,,850.0,,,,900.0,,77.0471,,77.0471,127000.0,76.0,4.1,92.98,,,5.3505671311559695,,5.474807688120741,4.3343653250774,,4.5016077170418,21.7911,10.43,6.0343,,67200.0,,156300.0,210800.0,118000.0,,81800.0,118000.0,119100.0,,982.0,961.0,0.6659999999999999,743.0,982.0,mercedmercedca,Merced,Merced,CA
1344879,2012-12-31,mercedmercedca,16.9344,161.0,162.0,,,,,,,,,,,,,,,,,,,9.09090909090909,,9.09366558244666,10000.0,,10000.0,,,,,,0.673508659397049,,,,0.6649740152821011,,,,,,,895.0,,,,925.0,,79.1114,,79.1114,137850.0,78.0,3.08,94.84,,,7.179575314444571,,7.1444958320419,6.9204152249135005,,6.810035842293909,23.6387,10.73,6.0104,,69400.0,,161200.0,214900.0,122100.0,,84900.0,122100.0,123600.0,,977.0,957.0,0.6659999999999999,743.0,977.0,mercedmercedca,Merced,Merced,CA
1344880,2013-01-31,mercedmercedca,14.6179,162.0,158.0,,,,,,,,,,,,,,,,,,,7.020007020007019,,7.020007020007019,9900.0,,9900.0,,,,,,0.682456190098111,,,,0.6830941983780411,,,,,,,900.0,,,,910.0,,82.4248,,82.4248,144900.0,80.0,2.59,95.68,,,6.82264865770213,,6.96286952880025,7.90378006872852,,8.12720848056537,29.523000000000003,10.95,5.9722,,70900.0,,166600.0,219400.0,125400.0,,88300.0,125400.0,127200.0,,972.0,953.0,0.6659999999999999,742.0,971.0,mercedmercedca,Merced,Merced,CA
1344881,2013-02-28,mercedmercedca,9.1261,155.0,139.0,,,,,,,,,,,,,,,,,,,8.0,,8.00801603206413,19000.0,,19500.0,,,,,,0.6930693069306929,,,,0.694444444444444,,,,,,,862.5,,,,895.0,,84.8365,,84.8365,147450.0,82.0,1.71,97.31,,,7.9168383025597695,,7.740983480657199,6.89655172413793,,6.69291338582677,30.5061,11.19,5.8866,,71900.0,,170400.0,222400.0,127500.0,,90000.0,127500.0,129200.0,,971.0,954.0,0.6659999999999999,750.0,970.0,mercedmercedca,Merced,Merced,CA
1344882,2013-03-31,mercedmercedca,6.1244,138.0,122.0,,,,,,,,,,,,,,,,,,,6.52873488030807,,6.52873488030807,8000.0,,8000.0,,,,,,0.6885775862068969,,,,0.6896551724137929,,,,,,,875.0,,,,900.0,,82.2029,,82.2029,141000.0,83.0,1.43,97.87,,,5.05021073104355,,5.1617940590279,4.81927710843374,,4.95867768595041,26.1725,11.38,5.7863,,73600.0,,172700.0,225100.0,129100.0,,90600.0,129100.0,130600.0,,973.0,958.0,0.67,763.0,972.0,mercedmercedca,Merced,Merced,CA
1344883,2013-04-30,mercedmercedca,5.7493,118.0,96.0,,,,,,,,,,,,,,,,,,,5.405405405405411,,5.405405405405411,14900.0,,14900.0,,,,,,0.697939763877999,,,,0.687084222327726,,,,,,,900.0,,,,950.0,,86.766,,87.431,144300.0,83.0,1.09,98.5,,,5.855986542082309,,5.931047123423821,5.479452054794519,,5.55555555555556,25.4111,11.57,5.7911,,75800.0,,175100.0,228700.0,130600.0,,90800.0,130600.0,132000.0,,980.0,966.0,0.674,770.0,979.0,mercedmercedca,Merced,Merced,CA
1344884,2013-05-31,mercedmercedca,5.7965,111.0,91.0,,,,,,,,,,,,,,,,,,,3.79746835443038,,3.79746835443038,5000.0,,5000.0,,,,,,0.687952898550725,,,,0.686568464591742,,,,,,,895.0,,,,940.0,,88.2818,,89.0059,140250.0,85.0,1.04,98.55,,,9.3537008631035,,9.50997691481465,8.25242718446602,,8.374384236453201,21.3303,11.73,5.7195,,78600.0,,178400.0,235600.0,132600.0,,91400.0,132600.0,134100.0,,987.0,973.0,0.6779999999999999,764.0,987.0,mercedmercedca,Merced,Merced,CA
1344885,2013-06-30,mercedmercedca,4.3965,116.0,112.0,,,,,,,,,,,,,,,,,,,4.36681222707423,,4.36681222707423,8000.0,,8000.0,,,,,,0.6854531607006851,,,,0.6849315068493149,,,,,,,900.0,,,,900.0,,89.5579,,89.9384,142750.0,87.0,0.74,98.88,,,7.65516801405128,,7.85432004010836,6.43939393939394,,6.58914728682171,14.427,11.95,5.5847,,81700.0,,182500.0,244600.0,135700.0,,93400.0,135700.0,137300.0,,993.0,976.0,0.6779999999999999,751.0,992.0,mercedmercedca,Merced,Merced,CA
1344886,2013-07-31,mercedmercedca,6.5388,115.0,125.0,,,,,,,,,,,,,,,,,,,5.7894736842105194,,5.7894736842105194,10000.0,,10000.0,,,,,,0.704862314261837,,,,0.69653771978551,,,,,,,900.0,,,,922.5,,95.2595,,95.4818,154375.0,89.0,0.71,98.93,,,11.7111012367879,,11.8228478076888,12.8301886792453,,12.9770992366412,12.2557,12.08,5.6474,,84500.0,,186400.0,253200.0,139400.0,,95900.0,139400.0,141100.0,,994.0,974.0,0.6779999999999999,743.0,993.0,mercedmercedca,Merced,Merced,CA
1344887,2013-08-31,mercedmercedca,6.4033,106.0,133.0,,,,,,,,,,,,,,,,,,,4.48071660189039,,4.48071660189039,6500.0,,6500.0,,,,,,0.7063356164383559,,,,0.6992266208367901,,,,,,,900.0,,,,950.0,,97.3323,,97.4337,157375.0,91.0,0.72,98.95,,,13.4497802176087,,13.6961007317576,14.6953405017921,,14.855072463768101,17.9002,12.1,5.5606,,86800.0,,189800.0,258900.0,142600.0,,98100.0,142600.0,144500.0,,996.0,968.0,0.6779999999999999,746.0,994.0,mercedmercedca,Merced,Merced,CA
1344888,2013-09-30,mercedmercedca,4.5251,102.0,126.0,,,,,,,,,,,,,,,,,,,4.34782608695652,,4.34782608695652,8000.0,,8000.0,,,,,,0.696055684454756,,,,0.694846554719166,,,,,,,950.0,,,,999.5,,99.7538,,99.7973,179000.0,93.0,0.88,98.77,,,9.1008465374765,,9.10674850777702,10.566037735849099,,10.646387832699599,20.3213,12.2,5.5455,,89000.0,,192600.0,264200.0,145700.0,,100500.0,145700.0,147500.0,,1001.0,969.0,0.6779999999999999,754.0,999.0,mercedmercedca,Merced,Merced,CA
1344889,2013-10-31,mercedmercedca,3.6529,108.0,123.0,,,,,,101.630357564249,,,102.07052416609899,,,,,,,,,,4.85714285714286,,4.76190476190477,9000.0,,9900.0,,,,,,0.6907626735063371,,,,0.6875,,,,,,,1000.0,,,,1000.0,,100.8236,,100.8236,169000.0,95.0,0.81,98.77,,,11.4555109862376,,11.0028517607059,11.764705882352901,,11.3207547169811,16.6755,12.38,5.4877,,91400.0,,195900.0,270000.0,149000.0,,102600.0,149000.0,150700.0,,1007.0,971.0,0.6779999999999999,761.0,1004.0,mercedmercedca,Merced,Merced,CA
1344890,2013-11-30,mercedmercedca,3.2338,121.0,126.0,,,100.0,117.43169398907101,,103.913508128605,,,104.853109758818,,,145000.0,,,160000.0,,,168000.0,4.19958262986773,,3.84911470361817,5450.0,,5800.0,,,,,,0.69375,,,,0.69375,,,,,,,950.0,,,,975.0,,103.7487,,104.2989,161025.0,98.0,0.98,98.59,,,11.604437100196199,,10.6506193259176,10.5882352941176,,9.677419354838712,14.0503,12.57,5.4832,,94300.0,,200600.0,276200.0,152200.0,,104800.0,152200.0,153800.0,,1005.0,971.0,0.6759999999999999,754.0,1003.0,mercedmercedca,Merced,Merced,CA
1344891,2013-12-31,mercedmercedca,3.6432,133.0,139.0,,,104.11985018726601,122.861305056631,,105.669796813596,,,106.549885757807,,,145000.0,,,169900.0,,,170000.0,5.51615445232466,,4.95867768595041,9950.0,,9950.0,,,,,,0.671529930476997,,,,0.6743355811186039,,,,,,,995.0,,,,1000.0,,100.1611,,100.5463,155750.0,100.0,1.39,98.05,,,13.2824159034846,,12.774651377307801,13.023255813953499,,12.4401913875598,13.4595,12.67,5.3736,,96800.0,,205500.0,281400.0,155100.0,,107400.0,155100.0,156400.0,,1010.0,979.0,0.6759999999999999,754.0,1008.0,mercedmercedca,Merced,Merced,CA
1344892,2014-01-31,mercedmercedca,3.3457,137.0,125.0,,,98.96489648964899,119.16596461668101,,104.96183206106899,,,105.760188087774,,,144900.0,,,163200.0,,,165000.0,5.55555555555556,,4.9822979704417305,8549.5,,8549.5,,,,,,0.679611650485437,,,,0.6765899864681999,,,,,,,962.5,,,,1000.0,,96.4049,,96.57,141400.0,101.0,1.38,97.99,,,8.962536711244349,,8.29512050769434,10.0436681222707,,9.459459459459461,17.9426,13.1,5.2639,,97400.0,,208100.0,283500.0,156400.0,,108500.0,156400.0,157500.0,,1010.0,982.0,0.674,755.0,1008.0,mercedmercedca,Merced,Merced,CA
1344893,2014-02-28,mercedmercedca,2.6452,139.0,124.0,,,111.11111111111099,121.31134508709299,,109.662122110255,,,111.11111111111099,,,150000.0,,,165000.0,,,172500.0,4.10763333743287,,3.85356454720617,9000.0,,8000.0,,,,,,0.6810035842293909,,,,0.6790915395284329,,,,,,,950.0,,,,950.0,,100.264,,100.3965,155800.0,102.0,1.62,97.74,,,15.3060008641361,,15.333784380544698,14.285714285714299,,14.285714285714299,18.2941,13.26,5.1399,,97300.0,,209300.0,283300.0,156600.0,,107000.0,156600.0,157600.0,,1012.0,985.0,0.674,762.0,1010.0,mercedmercedca,Merced,Merced,CA
1344894,2014-03-31,mercedmercedca,3.1952,140.0,116.0,,,109.09642207398399,121.66328600405701,,109.576023391813,,,111.11111111111099,,,149900.0,,,160000.0,,,164900.0,3.78151260504201,,3.78151260504201,7000.0,,7000.0,,,,,,0.681635926222935,,,,0.6810035842293909,,,,,,,950.0,,,,950.0,,102.2456,,102.3383,161250.0,103.0,1.99,97.13,,,16.9773451058634,,17.5298490463448,16.7464114832536,,17.3267326732673,13.3105,13.24,5.1447,,98300.0,,210400.0,284200.0,157000.0,,104900.0,157000.0,158000.0,,1013.0,989.0,0.674,774.0,1011.0,mercedmercedca,Merced,Merced,CA
1344895,2014-04-30,mercedmercedca,4.9499,142.0,127.0,,,108.46706723455999,122.148730010105,,110.183639398998,,,110.23206751054899,,,148750.0,,,163950.0,,,164950.0,2.6648586925492403,,2.6648586925492403,5100.0,,5100.0,,,,,,0.694216950065494,,,,0.688350916185866,,,,,,,950.0,,,,995.0,,106.3311,,106.4385,175950.0,104.0,1.93,97.17,,,12.4455000045292,,12.7102933299828,12.068965517241399,,12.334801762114502,9.3237,13.43,5.0012,,100000.0,,211800.0,285600.0,158500.0,,104600.0,158500.0,159400.0,,1018.0,995.0,0.674,782.0,1016.0,mercedmercedca,Merced,Merced,CA
1344896,2014-05-31,mercedmercedca,4.0945,144.0,128.0,,,109.09642207398399,123.87009258992799,,113.13443072702299,,,113.528520949016,,,152500.0,269000.0,,179900.0,,,179950.0,4.801280341424371,,4.29719189485012,8999.0,,8499.5,,,,,,0.7002437545756429,,,,0.6974150118678579,,,,,,,1075.0,,,,1100.0,,105.8088,,107.5018,164800.0,105.0,3.27,95.29,,,10.937339252407998,,10.718926011694801,9.83606557377049,,9.58333333333333,7.9267,13.56,4.8772,,101600.0,,214000.0,286500.0,160800.0,,105900.0,160800.0,161900.0,,1021.0,999.0,0.674,789.0,1019.0,mercedmercedca,Merced,Merced,CA
1344897,2014-06-30,mercedmercedca,3.7867,148.0,142.0,,,114.941867041562,126.618741228656,,115.36977682811,,,115.41095890411002,,,168750.0,269000.0,,195200.0,,,199000.0,4.11488372093023,,4.11488372093023,9950.0,,9950.0,,,,,,0.711907218907933,,,,0.7063356164383559,,,,,,,1050.0,,,,1075.0,,106.9865,,108.2397,165700.0,106.0,5.81,92.18,,,11.215774074657302,,11.4214227532866,10.0,,10.15625,8.8386,13.64,4.8772,,102500.0,,217200.0,286400.0,163200.0,,106500.0,163200.0,164600.0,,1022.0,1000.0,0.674,791.0,1020.0,mercedmercedca,Merced,Merced,CA
1344898,2014-07-31,mercedmercedca,4.6741,153.0,160.0,,,117.836100696304,128.4046692607,,118.128576663942,,,118.957703927492,,,175000.0,275000.0,,209450.0,,,215000.0,3.84615384615384,,3.84615384615384,10000.0,,10000.0,,,,,,0.714528833997861,,,,0.711907218907933,,,,,,,950.0,,,,1000.0,,112.2412,,112.7916,188750.0,107.0,7.19,90.68,,,16.7153074620013,,17.027566752865802,17.834394904458602,,18.181818181818198,7.8489,13.78,4.944,,103900.0,,220900.0,286700.0,165400.0,,107700.0,165400.0,166700.0,,1018.0,999.0,0.6759999999999999,788.0,1016.0,mercedmercedca,Merced,Merced,CA
1344899,2014-08-31,mercedmercedca,4.396,168.0,190.0,,,117.613244830836,124.998435784557,,119.047619047619,,,119.24291503584,,,169000.0,259000.0,,189999.5,,,199000.0,4.383642247719919,,4.37522723739708,10000.0,,10000.0,,,,,,0.7253933363641051,,,,0.721431387457408,,,,,,,1000.0,,,,1050.0,,116.1634,,116.1877,189750.0,109.0,8.28,89.29,,,18.5844680444285,,18.7257544927734,19.8300283286119,,19.884726224783897,9.2915,13.83,4.8153,,106200.0,,225000.0,288700.0,167500.0,,110900.0,167500.0,168500.0,,1013.0,994.0,0.6759999999999999,784.0,1012.0,mercedmercedca,Merced,Merced,CA
1344900,2014-09-30,mercedmercedca,5.0779,195.0,225.0,,,118.05026656511801,120.67714641021001,,117.58169934640499,,,117.83733826247699,,,169950.0,255000.0,,199900.0,,,205000.0,3.71455591212812,,3.71455591212812,8550.0,,8550.0,,,,,,0.71301247771836,,,,0.7118644067796609,,,,,,,1000.0,,,,1037.5,,114.4624,,114.4624,177000.0,110.0,10.76,86.26,,,18.3180066336058,,18.7381384528552,19.7831978319783,,20.2777777777778,6.5465,13.74,4.9058,,108300.0,,228400.0,292800.0,169600.0,,115100.0,169600.0,170600.0,,1017.0,994.0,0.682,778.0,1016.0,mercedmercedca,Merced,Merced,CA
1344901,2014-10-31,mercedmercedca,5.827000000000001,215.0,238.0,,,118.50305900084899,119.079367427664,,117.1875,,,117.49192304296899,,,164200.0,255000.0,,189000.0,,,190000.0,3.62145001429524,,3.60714285714285,7500.0,,7500.0,,,,,,0.6794217687074829,,,,0.677827380952381,,,,,,,1000.0,,,,1025.0,,115.7657,,116.3565,179750.0,111.0,14.6,81.95,,,17.0034666025926,,17.1887283434595,17.312661498708,,17.5066312997347,4.1122,13.66,4.8489,,109500.0,,230400.0,295600.0,171300.0,,117800.0,171300.0,172300.0,,1022.0,992.0,0.6859999999999999,773.0,1020.0,mercedmercedca,Merced,Merced,CA
1344902,2014-11-30,mercedmercedca,4.4106,217.0,224.0,,,113.91710816350201,117.83733826247699,,114.06392694063899,,,114.87216213101499,,,155000.0,249900.0,,175000.0,,,177450.0,3.6173567491347303,,3.6173567491347303,7500.0,,7500.0,,,,,,0.712865887981987,,,,0.71301247771836,,,,,,,950.0,,,,950.0,,115.1692,,115.5828,188250.0,111.0,17.39,78.88,,,10.792738118927698,,10.973199971078902,9.77653631284916,,10.0,5.0061,13.73,4.8536,,111300.0,,231200.0,296800.0,172200.0,,119200.0,172200.0,173100.0,,1023.0,990.0,0.688,764.0,1022.0,mercedmercedca,Merced,Merced,CA
1344903,2014-12-31,mercedmercedca,3.3424,212.0,212.0,,,113.29974811083099,114.861216303403,,113.57900050479601,,,113.732097725358,,,160000.0,243338.5,,179000.0,,,179638.5,4.44444444444444,,4.3961352657004795,8000.0,,8000.0,,,,,,0.71136131013306,,,,0.7133152173913041,,,,,,,950.0,,,,975.0,,111.6902,,111.8675,183900.0,112.0,19.41,76.83,,,10.9100476634956,,10.9084781166362,10.6508875739645,,10.574018126888198,7.8395,13.74,4.8153,,113300.0,,231600.0,298300.0,173000.0,,120700.0,173000.0,173800.0,,1025.0,994.0,0.688,757.0,1024.0,mercedmercedca,Merced,Merced,CA
1344904,2015-01-31,mercedmercedca,3.3997,205.0,196.0,,,116.742081447964,118.301113799984,,116.068633645539,,,116.442843845833,,,167000.0,249949.5,,189900.0,,,190000.0,4.00494017918842,,4.0032025620496405,8800.0,,8500.0,,,,,,0.702875399361022,,,,0.704191400662144,,,,,,,950.0,,,,950.0,,105.9909,,105.9909,177850.0,114.0,23.41,72.44,,,12.769284101438998,,12.756115593689401,13.8504155124654,,13.9204545454545,14.5351,13.86,4.7723,,114700.0,,232000.0,300200.0,173200.0,,122400.0,173200.0,174300.0,,1029.0,998.0,0.688,752.0,1028.0,mercedmercedca,Merced,Merced,CA
1344905,2015-02-28,mercedmercedca,3.9031,201.0,180.0,,,116.970086970087,121.71463503164401,,117.250673854447,,,117.34786439975099,,,175900.0,244900.0,,189949.5,,,194780.0,2.8819421623398,,2.7932960893854797,7550.0,,8100.0,,,,,,0.6994612543104771,,,,0.7018779342723,,,,,,,950.0,,,,950.0,,102.6264,,102.6264,165000.0,114.0,23.61,72.06,,,10.799466389147401,,10.7568079589081,9.77917981072555,,9.70873786407767,11.8573,14.07,4.801,,115600.0,,233200.0,301800.0,173300.0,,123300.0,173300.0,174600.0,,1038.0,1003.0,0.688,749.0,1037.0,mercedmercedca,Merced,Merced,CA
1344906,2015-03-31,mercedmercedca,4.1009,207.0,180.0,,,124.37912662272899,123.450413223141,,121.421762928457,,,121.680309734513,,,185000.0,244900.0,,202500.0,,,208900.0,3.12820512820513,,3.12820512820513,9000.0,,9000.0,,,,,,0.704776820673453,,,,0.705163574965137,,,,,,,1000.0,,,,1000.0,,106.62,,106.62,161550.0,114.0,21.97,73.72,,,13.5642669559431,,13.893592563553698,13.333333333333302,,13.690476190476199,10.1842,14.25,4.8391,,115600.0,,235000.0,303400.0,173600.0,,124100.0,173600.0,174900.0,,1047.0,1008.0,0.69,752.0,1045.0,mercedmercedca,Merced,Merced,CA
1344907,2015-04-30,mercedmercedca,3.799,220.0,212.0,,,123.941958887545,121.421762928457,,119.513633862794,,,120.74621398312,,,185000.0,245000.0,,207000.0,,,209900.0,3.6396754429541303,,3.6396754429541303,7600.0,,7600.0,,,,,,0.703812316715543,,,,0.705163574965137,,,,,,,1012.5,,,,1037.5,,109.696,,109.696,169985.0,114.0,20.18,75.11,,,13.2094642693701,,13.0620587320474,12.8329297820823,,12.686567164179099,7.7961,14.38,4.8439,,114700.0,,236300.0,304900.0,173700.0,,124600.0,173700.0,175300.0,,1050.0,1010.0,0.69,763.0,1049.0,mercedmercedca,Merced,Merced,CA
1344908,2015-05-31,mercedmercedca,3.8309,224.0,210.0,,,123.578802150231,123.803882719165,,122.292383484517,,,122.621272665128,,,189000.0,250000.0,,214900.0,,,218900.0,3.49981908764508,,3.49981908764508,9990.0,,9990.0,,,,,,0.704776820673453,,,,0.707526419133423,,,,,,,1050.0,,,,1050.0,,110.5507,,110.6856,176065.0,115.0,19.84,74.61,,,16.1259042205094,,16.5008319730718,15.0246305418719,,15.3652392947103,9.514,14.41,4.8963,,114600.0,,236700.0,306300.0,174000.0,,124600.0,174000.0,175800.0,,1048.0,1010.0,0.6920000000000001,774.0,1047.0,mercedmercedca,Merced,Merced,CA
1344909,2015-06-30,mercedmercedca,3.6444,229.0,216.0,,,124.902419984387,125.27881582847799,,122.82930961457,,,123.62443210499701,,,189950.0,249900.0,,218950.0,,,224800.0,3.30645161290323,,3.39794573298972,7000.0,,7250.0,,,,,,0.7030887839878921,,,,0.7030887839878921,,,,,,,1097.0,,,,1099.0,,115.1878,,115.2822,191625.0,116.0,21.47,72.38,,,15.091372160781699,,15.2700867582007,13.875598086124402,,14.004914004914,9.9505,14.2,4.9344,,115300.0,,237200.0,307900.0,174800.0,,124500.0,174800.0,176600.0,,1049.0,1011.0,0.6940000000000001,791.0,1048.0,mercedmercedca,Merced,Merced,CA
1344910,2015-07-31,mercedmercedca,3.0446,235.0,255.0,,,125.921248785422,126.96374239350901,,124.59371130271002,,,124.853706092038,,,190500.0,259450.0,,214900.0,,,219900.0,4.0,,3.89105058365758,9900.0,,9900.0,,,,,,0.7103825136612021,,,,0.7099780701754391,,,,,,,1095.0,,,,1100.0,,119.8984,,119.9389,205875.0,117.0,20.74,72.93,,,16.7006190564944,,16.733679605530302,17.8197064989518,,17.8879310344828,9.8091,14.12,4.8534,,115800.0,,237600.0,309000.0,175500.0,,124400.0,175500.0,176900.0,,1056.0,1020.0,0.7,801.0,1056.0,mercedmercedca,Merced,Merced,CA
1344911,2015-08-31,mercedmercedca,2.9124,230.0,256.0,,,127.311320754717,127.135922330097,,124.59371130271002,,,124.902419984387,,,199900.0,265000.0,,220000.0,,,224975.0,2.92275574112735,,2.92275574112735,7300.0,,7300.0,,,,,,0.7204610951008649,,,,0.7200790323989169,,,,,,,1000.0,,,,1050.0,,117.946,,117.946,198500.0,117.0,24.4,67.88,,,14.5439134000271,,14.6743616013228,15.7894736842105,,15.833333333333302,8.9431,14.02,4.9487,,116300.0,,238300.0,310400.0,176300.0,,123700.0,176300.0,177600.0,,1067.0,1031.0,0.7020000000000001,806.0,1066.0,mercedmercedca,Merced,Merced,CA
1344912,2015-09-30,mercedmercedca,1.9401,221.0,243.0,,,129.459821428571,126.26582278481001,,124.067022086824,,,125.15671641791,,,205000.0,264950.0,,219950.0,,,224900.0,3.6525066354095097,,3.4935710387422403,10000.0,,9950.0,,,,,,0.7417102966841189,,,,0.7421150278293129,,,,,,,1000.0,,,,1000.0,,117.615,,118.2494,195500.0,118.0,25.82,65.69,,,14.6141039558125,,14.369451584168301,16.079295154185,,15.909090909090901,9.3896,14.15,4.9487,,117600.0,,240000.0,313900.0,178100.0,,122600.0,178100.0,179200.0,,1075.0,1045.0,0.7040000000000001,804.0,1074.0,mercedmercedca,Merced,Merced,CA
1344913,2015-10-31,mercedmercedca,2.319,221.0,238.0,,,125.0,123.500832162742,,122.375,,,122.981683980317,,,199900.0,265000.0,,219900.0,,,222900.0,3.6546184738955896,,3.6546184738955896,9500.0,,9500.0,,,,,,0.7578065498857579,,,,0.7585335018963342,,,,,,,1045.0,,,,1050.0,,120.9008,,121.3448,199200.0,118.0,22.32,69.96,,,14.2447957142133,,14.657942454352801,14.5539906103286,,14.975845410627999,13.8347,14.34,4.9058,,118400.0,,240700.0,316600.0,179300.0,,121900.0,179300.0,180400.0,,1072.0,1045.0,0.7020000000000001,804.0,1071.0,mercedmercedca,Merced,Merced,CA
1344914,2015-11-30,mercedmercedca,2.7761,217.0,230.0,,,126.196738558653,122.504486159949,,123.068944130638,,,123.3764743678,,,199900.0,262450.0,,215900.0,,,219900.0,3.44862068965517,,3.44862068965517,9100.0,,9100.0,,,,,,0.727762803234501,,,,0.723729886465736,,,,,,,1097.5,,,,1100.0,,120.1851,,120.3754,195300.0,119.0,21.65,70.69,,,10.0842118816453,,10.2996248415453,9.06801007556675,,9.32642487046632,11.1738,14.35,5.0012,,119300.0,,240600.0,317900.0,179900.0,,121900.0,179900.0,181200.0,,1065.0,1040.0,0.7,801.0,1064.0,mercedmercedca,Merced,Merced,CA
1344915,2015-12-31,mercedmercedca,3.5005,203.0,199.0,,,127.224785761371,122.24838600068001,,123.542053127725,,,123.542053127725,,,193000.0,259900.0,,209900.0,,,209900.0,3.2634032634032595,,3.3160621761658002,7100.0,,7500.0,,,,,,0.7246856386499009,,,,0.7262242209422008,,,,,,,1100.0,,,,1100.0,,122.4853,,122.4853,204050.0,119.0,21.47,71.08,,,11.370271200642199,,11.1677933230813,11.1111111111111,,10.833333333333302,8.8416,14.24,5.0346,,120500.0,,240700.0,319000.0,180400.0,,123200.0,180400.0,182000.0,,1067.0,1042.0,0.7040000000000001,806.0,1066.0,mercedmercedca,Merced,Merced,CA
1344916,2016-01-31,mercedmercedca,2.331,195.0,182.0,,,127.088955380686,123.02146464646499,,124.026963961628,,,124.263498878687,,,181250.0,249900.0,,199999.5,,,201500.0,3.12961179122205,,3.12961179122205,6500.0,,6500.0,,,,,,0.71875,,,,0.716603569497025,,,,,,,1125.0,,,,1150.0,,120.1346,,120.1346,190950.0,119.0,20.9,70.69,,,9.83840881885867,,9.979356062897631,10.919540229885099,,11.1436950146628,14.9258,14.0,5.087,,121100.0,,241000.0,320400.0,181400.0,,125300.0,181400.0,183100.0,,1076.0,1053.0,0.7120000000000001,812.0,1076.0,mercedmercedca,Merced,Merced,CA
1344917,2016-02-29,mercedmercedca,2.8901,193.0,177.0,,,128.83338339295,123.228395061728,,126.53164556962,,,126.164596273292,,,192444.0,249949.5,,205450.0,,,205450.0,2.92682926829269,,2.8804186827293394,6000.0,,6000.0,,,,,,0.7332143901136009,,,,0.7305936073059359,,,,,,,1100.0,,,,1147.5,,119.0856,,119.0856,186000.0,119.0,22.29,69.52,,,13.3060008641361,,13.151816492525,12.285714285714299,,12.103746397694499,12.8002,13.91,5.0155,,121000.0,,240400.0,321500.0,183000.0,,127300.0,183000.0,184700.0,,1090.0,1067.0,0.722,812.0,1088.0,mercedmercedca,Merced,Merced,CA
1344918,2016-03-31,mercedmercedca,3.5129,192.0,170.0,,,129.464285714286,124.98738011105499,,127.125850340136,,,126.943206860209,,,199000.0,249900.0,,210000.0,,,210000.0,3.8690476190476204,,3.8690476190476204,7500.0,,7500.0,,,,,,0.7351496595736959,,,,0.7351496595736959,,,,,,,1185.0,,,,1200.0,,120.2017,,120.2017,180000.0,120.0,21.98,69.97,,,7.225752275459549,,7.2343663730774805,6.99481865284974,,7.03125,13.2946,13.97,5.1013,,122000.0,,240300.0,322600.0,184900.0,,128600.0,184900.0,186700.0,,1101.0,1082.0,0.732,807.0,1099.0,mercedmercedca,Merced,Merced,CA
1344919,2016-04-30,mercedmercedca,3.4795,189.0,174.0,,,135.213122304568,126.370365123472,,130.31228773435,,,129.902178464037,,,199999.5,249900.0,,221000.0,,,222000.0,4.1490044958253,,4.44444444444444,10200.0,,10400.0,,,,,,0.7358452229016259,,,,0.7358452229016259,,,,,,,1150.0,,,,1200.0,,121.2593,,121.2593,187550.0,121.0,23.26,68.56,,,10.2466643574177,,10.0613554422138,9.870129870129869,,9.68586387434555,10.7174,14.05,5.1061,,123900.0,,240700.0,323000.0,186300.0,,130500.0,186300.0,188000.0,,1107.0,1090.0,0.736,800.0,1105.0,mercedmercedca,Merced,Merced,CA
1344920,2016-05-31,mercedmercedca,2.3783,186.0,173.0,,,135.263157894737,129.88953866146798,,131.575687203263,,,131.575687203263,,,199900.0,255000.0,,220000.0,,,224000.0,3.13130208447254,,3.13130208447254,10000.0,,10000.0,,,,,,0.736317877560244,,,,0.7360672975814929,,,,,,,1200.0,,,,1212.5,,120.6967,,120.2897,199950.0,123.0,11.95,80.71,,,8.70222379740232,,8.827900370669141,7.60095011876485,,7.692307692307691,7.3687,14.32,5.1442,,125900.0,,242300.0,324200.0,187900.0,,132500.0,187900.0,189200.0,,1110.0,1095.0,0.74,801.0,1109.0,mercedmercedca,Merced,Merced,CA
1344921,2016-06-30,mercedmercedca,0.9618,181.0,176.0,,,135.411000721541,132.062146892655,,132.23316403866198,,,132.858062792677,,,205000.0,250000.0,,223950.0,,,224825.0,3.1007751937984596,,3.45515866269376,9000.0,,9450.5,,,,,,0.764908411719699,,,,0.7647058823529409,,,,,,,1100.0,,,,1150.0,,124.9588,,124.67399999999999,195000.0,124.0,12.44,79.93,,,13.1595679856644,,13.169934658048598,11.943793911006999,,11.904761904761902,7.8789,14.35,5.1156,,127100.0,,243500.0,325100.0,189700.0,,134200.0,189700.0,190800.0,,1113.0,1098.0,0.74,806.0,1112.0,mercedmercedca,Merced,Merced,CA
1344922,2016-07-31,mercedmercedca,1.4565,171.0,183.0,,,137.892462050844,135.224274406332,,134.636199639206,,,134.815515610218,,,210000.0,261500.0,,224900.0,,,225000.0,3.59184104840414,,3.59184104840414,10000.0,,10000.0,,,,,,0.766031116946744,,,,0.766031116946744,,,,,,,1250.0,,,,1250.0,,124.6252,,124.5032,,125.0,10.96,80.93,,,9.524476913978301,,9.67698282797454,10.643564356435599,,10.831234256926999,7.7551,14.39,5.1013,,127500.0,,243800.0,323700.0,191500.0,,134900.0,191500.0,192600.0,,1120.0,1102.0,0.738,812.0,1118.0,mercedmercedca,Merced,Merced,CA
1344923,2016-08-31,mercedmercedca,1.3624,152.0,182.0,,,137.389676500226,131.246845027764,,133.49131121643,,,133.49245048001,,,212450.0,250000.0,,229000.0,,,229000.0,2.79558861246474,,2.57352941176471,5100.0,,5100.0,,,,,,0.7766990291262141,,,,0.7722122838401909,,,,,,,1200.0,,,,1255.0,,,,,,126.0,9.74,83.02,,,9.64552882472748,,9.699614126575359,10.8910891089109,,10.8585858585859,8.7925,14.33,5.1442,,128600.0,,244200.0,322100.0,193700.0,,135600.0,193700.0,194900.0,,1128.0,1109.0,0.74,818.0,1126.0,mercedmercedca,Merced,Merced,CA
1344924,2016-09-30,mercedmercedca,0.7187,132.0,151.0,,,135.078828828829,134.473324213406,,134.168157423971,,,134.168157423971,,,205000.0,260000.0,,224950.0,,,225000.0,2.5974025974026,,2.82051282051282,5100.0,,5500.0,,,,,,0.756129541422371,,,,0.751173708920188,,,,,,,1125.0,,,,1137.5,,,,,,128.0,7.52,86.29,,,8.36139839700316,,7.8445248979513,9.82658959537572,,9.384164222873899,7.2138,14.29,5.0822,,130800.0,,246300.0,323900.0,196900.0,,137500.0,196900.0,198400.0,,1142.0,1122.0,0.748,831.0,1140.0,mercedmercedca,Merced,Merced,CA
1344925,2016-10-31,mercedmercedca,0.4003,125.0,138.0,,,137.389676500226,136.042890231076,,136.24886775362302,,,136.24886775362302,,,207000.0,265000.0,,224900.0,,,224950.0,3.5087719298245603,,3.4266267675878597,10000.0,,10000.0,,,,,,0.767215032260499,,,,0.767215032260499,,,,,,,1200.0,,,,1200.0,,,,,,129.0,5.93,88.72,,,8.893259091614679,,8.71636495649737,9.202453987730062,,9.03426791277259,5.7205,14.32,5.0965,,132400.0,,248100.0,326400.0,199500.0,,140200.0,199500.0,201100.0,,1154.0,1132.0,0.754,844.0,1152.0,mercedmercedca,Merced,Merced,CA
1344926,2016-11-30,mercedmercedca,1.4078,127.0,135.0,,,136.00244535684098,137.083333333333,,136.425711678295,,,136.03550295858,,,210000.0,269900.0,,225000.0,,,225000.0,3.4555110036423797,,3.4555110036423797,8550.0,,8550.0,,,,,,0.76345050215208,,,,0.7621951219512201,,,,,,,1200.0,,,,1200.0,,,,,,130.0,5.09,89.96,,,10.1378234277002,,10.2197753135447,9.12162162162162,,9.24657534246575,7.1218,14.39,5.0775,,133200.0,,249100.0,327100.0,200900.0,,142000.0,200900.0,202600.0,,1166.0,1136.0,0.758,858.0,1163.0,mercedmercedca,Merced,Merced,CA
1344927,2016-12-31,mercedmercedca,1.4314,128.0,131.0,,,139.451787608815,135.13852703587798,,137.163411301342,,,137.147335423197,,,219000.0,272450.0,,229999.5,,,230000.0,2.86443053119827,,2.86443053119827,6300.0,,6300.0,,,,,,0.805684307217942,,,,0.792672654260637,,,,,,,1075.0,,,,1075.0,,,,,,131.0,4.77,90.18,,,7.00073312323894,,7.20468899738158,6.74157303370786,,6.87022900763359,6.8947,14.56,4.9869,,134500.0,,249800.0,327400.0,202300.0,,143400.0,202300.0,204000.0,,1176.0,1141.0,0.762,872.0,1172.0,mercedmercedca,Merced,Merced,CA
1344928,2017-01-31,mercedmercedca,1.2143,128.0,112.0,,,141.082914271406,129.91189427312798,,136.860341151386,,,136.700913242009,,,219900.0,265000.0,,230000.0,,,230000.0,2.7056179775280897,,2.7056179775280897,6000.0,,6000.0,,,,,,0.764176085281274,,,,0.773895619328389,,,,,,,1200.0,,,,1200.0,,,,,,133.0,3.54,92.9,,,5.43227855065943,,5.450447040452781,6.513409961685821,,6.614785992217901,4.3633,14.54,4.9249,,136000.0,,251200.0,329000.0,204300.0,,146300.0,204300.0,206000.0,,1181.0,1144.0,0.768,886.0,1179.0,mercedmercedca,Merced,Merced,CA
1344929,2017-02-28,mercedmercedca,0.4975,132.0,116.0,,,143.552983791749,130.58919251915,,139.224356853062,,,140.132139939063,,,219900.0,271250.0,,225000.0,,,225000.0,4.40195642507781,,4.40195642507781,10000.0,,10000.0,,,,,,0.784769144144144,,,,0.784769144144144,,,,,,,1200.0,,,,1200.0,,,,,,134.0,3.11,94.25,,,8.45830310734746,,8.64300680369119,7.43801652892562,,7.59493670886076,4.7102,14.6,4.8725,,137500.0,,252000.0,330100.0,205900.0,,149300.0,205900.0,207700.0,,1186.0,1148.0,0.774,896.0,1184.0,mercedmercedca,Merced,Merced,CA
1344930,2017-03-31,mercedmercedca,0.6634,134.0,114.0,,,145.588943522543,132.356434351344,,142.073771995536,,,142.79909358390302,,,217295.0,279900.0,,234900.0,,,235000.0,3.29357549471401,,3.2258064516129,8000.0,,8000.0,,,,,,0.7988280596502509,,,,0.7925072046109509,,,,,,,1274.5,,,,1300.0,,,,,,134.0,3.71,93.64,,,12.777059083864401,,12.233191561047402,12.546125461254599,,12.030075187969901,6.6164,14.53,4.7008,,139700.0,,253700.0,331600.0,207300.0,,152200.0,207300.0,209400.0,,1191.0,1153.0,0.78,903.0,1191.0,mercedmercedca,Merced,Merced,CA
1344931,2017-04-30,mercedmercedca,1.1087,130.0,113.0,,,146.649322110063,143.974406536479,,145.30543318648998,,,145.79351348503099,,,219900.0,289000.0,,239500.0,,,239900.0,2.74211910927176,,2.74211910927176,6320.0,,6320.0,,,,,,0.8226691042047529,,,,0.793650793650794,,,,,,,1275.0,,,,1300.0,,,,,,136.0,3.03,94.77,,,11.4479630587164,,11.6893601810069,11.0714285714286,,11.3138686131387,9.1372,14.67,4.5721,,143300.0,,257100.0,334300.0,209200.0,,156100.0,209200.0,211500.0,,1197.0,1159.0,0.7859999999999999,904.0,1196.0,mercedmercedca,Merced,Merced,CA
1344932,2017-05-31,mercedmercedca,0.6785,127.0,116.0,,,150.774246128769,148.06571633494698,,148.065476190476,,,148.344748858448,,,235000.0,299000.0,,248000.0,,,249000.0,4.108756635334069,,4.108756635334069,10000.0,,10000.0,,,,,,0.821114369501466,,,,0.8125361581582781,,,,,,,1300.0,,,,1300.0,,,,,,138.0,2.4,96.08,,,10.0359815824175,,10.2265017692705,8.93470790378007,,9.09090909090909,4.945,14.78,4.2288,,147400.0,,262000.0,337300.0,211600.0,,160300.0,211600.0,213500.0,,1204.0,1168.0,0.792,904.0,1203.0,mercedmercedca,Merced,Merced,CA
1344933,2017-06-30,mercedmercedca,,120.0,116.0,,,151.27751695357298,147.379912663755,,148.298248555098,,,148.467432950192,,,245000.0,296000.0,,254900.0,,,254950.0,3.06058299248326,,3.06058299248326,10000.0,,10000.0,,,,,,0.81439601005846,,,,0.8100147275405009,,,,,,,1395.0,,,,1400.0,,,,,,140.0,2.31,96.23,,,11.215774074657302,,11.4003078884218,10.0,,10.1351351351351,,14.67,3.7902,,151200.0,,267200.0,340600.0,213900.0,,163000.0,213900.0,215300.0,,1220.0,1182.0,0.8,907.0,1217.0,mercedmercedca,Merced,Merced,CA
1344934,2017-07-31,mercedmercedca,,109.0,117.0,,,151.438240270728,148.361162646877,,149.656893325016,,,149.783765412323,,,244900.0,291000.0,,259950.0,,,260000.0,3.2258064516129,,3.2258064516129,9900.0,,9500.0,,,,,,0.82203041512536,,,,0.82203041512536,,,,,,,1350.0,,,,1400.0,,,,,,142.0,1.9,97.2,,,7.618776635212559,,7.42660665685617,8.7378640776699,,8.58085808580858,,14.81,3.3278,,153900.0,,271000.0,345100.0,216700.0,,164900.0,216700.0,218300.0,,1234.0,1197.0,0.8079999999999999,915.0,1232.0,mercedmercedca,Merced,Merced,CA
1344935,2017-08-31,mercedmercedca,,104.0,130.0,,,151.904036557502,150.0,,150.134457357311,,,150.159744408946,,,235000.0,282500.0,,250000.0,,,254950.0,2.4393219048072403,,2.4393219048072403,8550.0,,9000.0,,,,,,0.838186161243989,,,,0.8328375966686501,,,,,,,1350.0,,,,1350.0,,,,,,143.0,1.78,97.27,,,9.36537219170083,,9.07205137029973,10.6109324758842,,10.2310231023102,,14.89,2.8510000000000004,,155800.0,,273100.0,349100.0,219300.0,,166500.0,219300.0,221400.0,,1245.0,1211.0,0.818,925.0,1243.0,mercedmercedca,Merced,Merced,CA
2493246,1996-04-30,wintonmercedca,,,,,,,,,,,,,,,,,,,,,,,,,,,,,,,,,,,,,,,,,,,,,,,,,,,,,,58.0,,,,,,,,,,,,,,,54900.0,74300.0,79100.0,,74300.0,62300.0,,74300.0,74300.0,96200.0,,,,,,wintonmercedca,Winton,Merced,CA
2493247,1996-05-31,wintonmercedca,,,,,,,,,,,,,,,,,,,,,,,,,,,,,,,,,,,,,,,,,,,,,,,,,,,,,,58.0,,,,,,,,,,,,,,,54500.0,74400.0,79100.0,,74400.0,62700.0,,74400.0,74400.0,94200.0,,,,,,wintonmercedca,Winton,Merced,CA
2493248,1996-06-30,wintonmercedca,,,,,,,,,,,,,,,,,,,,,,,,,,,,,,,,,,,,,,,,,,,,,,,,,,,,,,58.0,,,,,,,,,,,,,,,54200.0,74600.0,78900.0,,74600.0,62900.0,,74600.0,74600.0,93500.0,,,,,,wintonmercedca,Winton,Merced,CA
2493249,1996-07-31,wintonmercedca,,,,,,,,,,,,,,,,,,,,,,,,,,,,,,,,,,,,,,,,,,,,,,,,,,,,,,58.0,,,,,,,,,,,,,,,54500.0,75100.0,78900.0,,75200.0,63200.0,,75200.0,75200.0,93900.0,,,,,,wintonmercedca,Winton,Merced,CA
2493250,1996-08-31,wintonmercedca,,,,,,,,,,,,,,,,,,,,,,,,,,,,,,,,,,,,,,,,,,,,,,,,,,69.4126620900076,,69.4126620900076,84500.0,59.0,,,,,,,,,,,,,,,54700.0,75700.0,79200.0,,75800.0,63800.0,,75800.0,75800.0,94400.0,,,,,,wintonmercedca,Winton,Merced,CA
2493251,1996-09-30,wintonmercedca,,,,,,,,,,,,,,,,,,,,,,,,,,,,,,,,,,,,,,,,,,,,,,,,,,71.4404,,71.4404,81264.7059,60.0,,,,,,,,,,,,,,,55000.0,76400.0,79500.0,,76300.0,64200.0,,76300.0,76300.0,95000.0,,,,,,wintonmercedca,Winton,Merced,CA
2493252,1996-10-31,wintonmercedca,,,,,,,,,,,,,,,,,,,,,,,,,,,,,,,,,,,,,,,,,,,,,,,,,,70.6191,,70.6191,77075.0,60.0,,,,,,,,,,,,,,,55000.0,76700.0,79700.0,,76500.0,63900.0,,76500.0,76500.0,95600.0,,,,,,wintonmercedca,Winton,Merced,CA
2493253,1996-11-30,wintonmercedca,,,,,,,,,,,,,,,,,,,,,,,,,,,,,,,,,,,,,,,,,,,,,,,,,,,,,,59.0,,,,,,,,,,,,,,,55200.0,76700.0,79900.0,,76600.0,63500.0,,76600.0,76600.0,95400.0,,,,,,wintonmercedca,Winton,Merced,CA
2493254,1996-12-31,wintonmercedca,,,,,,,,,,,,,,,,,,,,,,,,,,,,,,,,,,,,,,,,,,,,,,,,,,,,,,60.0,,,,,,,,,,,,,,,55800.0,76900.0,80300.0,,76700.0,63800.0,,76700.0,76700.0,95700.0,,,,,,wintonmercedca,Winton,Merced,CA
2493255,1997-01-31,wintonmercedca,,,,,,,,,,,,,,,,,,,,,,,,,,,,,,,,,,,,,,,,,,,,,,,,,,,,,,60.0,,,,,,,,,,,,,,,56300.0,76900.0,80300.0,,76600.0,64100.0,,76600.0,76600.0,97100.0,,,,,,wintonmercedca,Winton,Merced,CA
2493256,1997-02-28,wintonmercedca,,,,,,,,,,,,,,,,,,,,,,,,,,,,,,,,,,,,,,,,,,,,,,,,,,,,,,60.0,66.01,27.29,,,,,,,,,,,,,56600.0,76500.0,80000.0,,76300.0,64300.0,,76300.0,76300.0,98700.0,,,,,,wintonmercedca,Winton,Merced,CA
2493257,1997-03-31,wintonmercedca,,,,,,,,,,,,,,,,,,,,,,,,,,,,,,,,,,,,,,,,,,,,,,,,,,,,,,60.0,81.65,13.56,,,,,,,,,,,,,57200.0,76300.0,80000.0,,76000.0,64600.0,,76000.0,76000.0,99700.0,,,,,,wintonmercedca,Winton,Merced,CA
2493258,1997-04-30,wintonmercedca,,,,,,,,,,,,,,,,,,,,,,,,,,,,,,,,,,,,,,,,,,,,,,,,,,,,,,60.0,40.8,44.6,,,,,,,,,,,,,58300.0,76400.0,80600.0,,75900.0,65100.0,,75900.0,75900.0,101100.0,,,,,,wintonmercedca,Winton,Merced,CA
2493259,1997-05-31,wintonmercedca,,,,,,,,,,,,,,,,,,,,,,,,,,,,,,,,,,,,,,,,,,,,,,,,,,,,,,60.0,56.32,29.26,,,,,,,,,,,,,59100.0,76400.0,80900.0,,76000.0,65100.0,,76000.0,76000.0,102100.0,,,,,,wintonmercedca,Winton,Merced,CA
2493260,1997-06-30,wintonmercedca,,,,,,,,,,,,,,,,,,,,,,,,,,,,,,,,,,,,,,,,,,,,,,,,,,,,,,60.0,68.26,22.04,,,,,,,,,,,,,59600.0,76100.0,81000.0,,76100.0,64900.0,,76100.0,76100.0,102000.0,,,,,,wintonmercedca,Winton,Merced,CA
2493261,1997-07-31,wintonmercedca,,,,,,,,,,,,,,,,,,,,,,,,,,,,,,,,,,,,,,,,,,,,,,,,,,,,,,60.0,76.98,14.2,,,,,,,,,,,,,60000.0,76000.0,81300.0,,76100.0,64800.0,,76100.0,76100.0,102100.0,,,,,,wintonmercedca,Winton,Merced,CA
2493262,1997-08-31,wintonmercedca,,,,,,,,,,,,,,,,,,,,,,,,,,,,,,,,,,,,,,,,,,,,,,,,,,,,,,60.0,34.35,51.41,,,,,,,,,,,,,60500.0,75900.0,82100.0,,76200.0,64800.0,,76200.0,76200.0,103100.0,,,,,,wintonmercedca,Winton,Merced,CA
2493263,1997-09-30,wintonmercedca,,,,,,,,,,,,,,,,,,,,,,,,,,,,,,,,,,,,,,,,,,,,,,,,,,,,,,61.0,63.34,26.91,,,,,,,,,,,,,60600.0,76000.0,83000.0,,76700.0,64900.0,,76700.0,76700.0,104400.0,,,,,,wintonmercedca,Winton,Merced,CA
2493264,1997-10-31,wintonmercedca,,,,,,,,,,,,,,,,,,,,,,,,,,,,,,,,,,,,,,,,,,,,,,,,,,,,,,61.0,28.16,59.51,,,,,,,,,,,,,60700.0,76400.0,83500.0,,77100.0,65600.0,,77100.0,77100.0,105300.0,,,,,,wintonmercedca,Winton,Merced,CA
2493265,1997-11-30,wintonmercedca,,,,,,,,,,,,,,,,,,,,,,,,,,,,,,,,,,,,,,,,,,,,,,,,,,,,,,61.0,64.72,27.78,,,,,,,,,,,,,60400.0,76100.0,83700.0,,76700.0,66100.0,,76700.0,76700.0,106300.0,,,,,,wintonmercedca,Winton,Merced,CA
2493266,1997-12-31,wintonmercedca,,,,,,,,,,,,,,,,,,,,,,,,,,,,,,,,,,,,,,,,,,,,,,,,,,,,,,61.0,49.89,39.67,,,,,,,,,,,,,59900.0,75300.0,83500.0,,76000.0,65700.0,,76000.0,76000.0,106900.0,,,,,,wintonmercedca,Winton,Merced,CA
2493267,1998-01-31,wintonmercedca,7.0433,,,,,,,,,,,,,,,,,,,,,,,,,,,,,,,,,,,,,,,,,,,,,,,,,,,,,61.0,40.35,46.41,,,,,,,,,,,3.2939,,59400.0,75700.0,83600.0,,76500.0,65100.0,,76500.0,76500.0,106100.0,,,,,,wintonmercedca,Winton,Merced,CA
2493268,1998-02-28,wintonmercedca,3.2804,,,,,,,,,,,,,,,,,,,,,,,,,,,,,,,,,,,,,,,,,,,,,,,,,,,,,61.0,43.58,44.65,,,,,,,,,,,3.0828,,59200.0,76800.0,84100.0,,77600.0,65300.0,,77600.0,77600.0,105000.0,,,,,,wintonmercedca,Winton,Merced,CA
2493269,1998-03-31,wintonmercedca,6.2797,,,,,,,,,,,,,,,,,,,,,,,,,,,,,,,,,,,,,,,,,,,,,,,,,,,,,61.0,19.41,71.7,,,,,,,,,,,3.0405,,59500.0,77300.0,84800.0,,78100.0,65600.0,,78100.0,78100.0,104300.0,,,,,,wintonmercedca,Winton,Merced,CA
2493270,1998-04-30,wintonmercedca,6.4791,,,,,,,,,,,,,,,,,,,,,,,,,,,,,,,,,,,,,,,,,,,,,,,,,,,,,62.0,41.99,45.22,,,,,,,,,,,2.9561,,61100.0,77900.0,86200.0,,78800.0,66700.0,,78800.0,78800.0,105300.0,,,,,,wintonmercedca,Winton,Merced,CA
2493271,1998-05-31,wintonmercedca,5.7621,,,,,,,,,,,,,,,,,,,,,,,,,,,,,,,,,,,,,,,,,,,,,,,,,72.3021582733813,,72.3021582733813,84500.0,,,,,,,,,,,,,,3.0828,,,,,,,,,,,,,,,,,wintonmercedca,Winton,Merced,CA
2493272,1998-06-30,wintonmercedca,2.3718,,,,,,,,,,,,,,,,,,,,,,,,,,,,,,,,,,,,,,,,,,,,,,,,,,,,,,,,,,,,,,,,,,3.4206,,,,,,,,,,,,,,,,,wintonmercedca,Winton,Merced,CA
2493273,1998-07-31,wintonmercedca,9.7407,,,,,,,,,,,,,,,,,,,,,,,,,,,,,,,,,,,,,,,,,,,,,,,,,70.6419,,70.6419,83346.1538,64.0,20.26,69.1,,,,,,,,,5.4945,,3.9696,,62700.0,79200.0,87500.0,,79800.0,68000.0,,79800.0,79800.0,107000.0,,,,,,wintonmercedca,Winton,Merced,CA
2493274,1998-08-31,wintonmercedca,15.9407,,,,,,,,,,,,,,,,,,,,,,,,,,,,,,,,,,,,,,,,,,,,,,,,,,,,,64.0,60.44,30.33,,,,,,,,,,,3.9696,,63100.0,80200.0,88500.0,,80700.0,68800.0,,80700.0,80700.0,107400.0,,,,,,wintonmercedca,Winton,Merced,CA
2493275,1998-09-30,wintonmercedca,9.4383,,,,,,,,,,,,,,,,,,,,,,,,,,,,,,,,,,,,,,,,,,,,,,,,,,,,,64.0,48.33,39.45,,,,,,,,,,,3.7162,,62800.0,80700.0,88900.0,,81300.0,69000.0,,81300.0,81300.0,105700.0,,,,,,wintonmercedca,Winton,Merced,CA
2493276,1998-10-31,wintonmercedca,7.4597,,,,,,,,,,,,,,,,,,,,,,,,,,,,,,,,,,,,,,,,,,,,,,,,,,,,,64.0,39.08,49.49,,,,,,,,,,,3.7162,,63000.0,81100.0,89400.0,,81800.0,69300.0,,81800.0,81800.0,104700.0,,,,,,wintonmercedca,Winton,Merced,CA
2493277,1998-11-30,wintonmercedca,5.7692,,,,,,,,,,,,,,,,,,,,,,,,,,,,,,,,,,,,,,,,,,,,,,,,,,,,,64.0,24.04,65.89,,,,,,,,,,,3.674,,63700.0,81500.0,89900.0,,82300.0,70000.0,,82300.0,82300.0,104300.0,,,,,,wintonmercedca,Winton,Merced,CA
2493278,1998-12-31,wintonmercedca,5.7326,,,,,,,,,,,,,,,,,,,,,,,,,,,,,,,,,,,,,,,,,,,,,,,,,,,,,64.0,32.58,56.39,,,,,,,,,,,3.5051,,64900.0,82100.0,89600.0,,82800.0,71100.0,,82800.0,82800.0,104200.0,,,,,,wintonmercedca,Winton,Merced,CA
2493279,1999-01-31,wintonmercedca,5.1282,,,,,,,,,,,,,,,,,,,,,,,,,,,,,,,,,,,,,,,,,,,,,,,,,,,,,65.0,21.46,65.31,,,,,,,,,,,3.5473,,66000.0,82500.0,89100.0,,83200.0,72000.0,,83200.0,83200.0,104600.0,,,,,,wintonmercedca,Winton,Merced,CA
2493280,1999-02-28,wintonmercedca,2.5641,,,,,,,,,,,,,,,,,,,,,,,,,,,,,,,,,,,,,,,,,,,,,,,,,,,,,66.0,32.3,51.75,,,,,,,,,,,3.5473,,66600.0,82700.0,89300.0,,83600.0,72500.0,,83600.0,83600.0,105200.0,,,,,,wintonmercedca,Winton,Merced,CA
2493281,1999-03-31,wintonmercedca,3.0565,,,,,,,,,,,,,,,,,,,,,,,,,,,,,,,,,,,,,,,,,,,,,,,,,,,,,66.0,13.79,75.82,,,,,,,,,,,3.5473,,67000.0,83100.0,89800.0,,84100.0,73200.0,,84100.0,84100.0,105100.0,,,,,,wintonmercedca,Winton,Merced,CA
2493282,1999-04-30,wintonmercedca,18.3796,,,,,,,,,,,,,,,,,,,,,,,,,,,,,,,,,,,,,,,,,,,,,,,,,,,,,66.0,17.51,74.43,,,,,,,,,,,3.7584,,66400.0,83300.0,89700.0,,83900.0,73100.0,,83900.0,83900.0,104300.0,,,,,,wintonmercedca,Winton,Merced,CA
2493283,1999-05-31,wintonmercedca,12.4311,,,,,,,,,,,,,,,,,,,,,,,,,,,,,,,,,,,,,,,,,,,,,,,,,,,,,65.0,34.19,53.09,,,,,,,,,,,3.5051,,65100.0,82700.0,89100.0,,83200.0,71900.0,,83200.0,83200.0,103900.0,,,,,,wintonmercedca,Winton,Merced,CA
2493284,1999-06-30,wintonmercedca,14.1911,,,,,,,,,,,,,,,,,,,,,,,,,,,,,,,,,,,,,,,,,,,,,,,,,,,,,65.0,44.8,42.75,,,,,,,,,,,3.5895,,64100.0,81800.0,88700.0,,82600.0,70800.0,,82600.0,82600.0,104000.0,,,,,,wintonmercedca,Winton,Merced,CA
2493285,1999-07-31,wintonmercedca,6.4103,,,,,,,,,,,,,,,,,,,,,,,,,,,,,,,,,,,,,,,,,,,,,,,,,,,,,64.0,44.02,44.69,,,,,,,,,,,3.125,,64500.0,81600.0,89700.0,,82500.0,70800.0,,82500.0,82500.0,104800.0,,,,,,wintonmercedca,Winton,Merced,CA
2493286,1999-08-31,wintonmercedca,5.3114,,,,,,,,,,,,,,,,,,,,,,,,,,,,,,,,,,,,,,,,,,,,,,,,,,,,,65.0,32.48,56.91,,,,,,,,,,,3.0828,,65700.0,82300.0,91200.0,,82900.0,71800.0,,82900.0,82900.0,106200.0,,,,,,wintonmercedca,Winton,Merced,CA
2493287,1999-09-30,wintonmercedca,10.9524,,,,,,,,,,,,,,,,,,,,,,,,,,,,,,,,,,,,,,,,,,,,,,,,,,,,,66.0,18.82,71.74,,,,,,,,,,,3.4628,,66700.0,83100.0,92400.0,,83600.0,72800.0,,83600.0,83600.0,108100.0,,,,,,wintonmercedca,Winton,Merced,CA
2493288,1999-10-31,wintonmercedca,7.1795,,,,,,,,,,,,,,,,,,,,,,,,,,,,,,,,,,,,,,,,,,,,,,,,,70.3324808184143,,70.3324808184143,85000.0,67.0,24.65,65.46,,,,,,,,,16.6667,,3.5473,,67200.0,84000.0,92900.0,,84500.0,73200.0,,84500.0,84500.0,109700.0,,,,,,wintonmercedca,Winton,Merced,CA
2493289,1999-11-30,wintonmercedca,10.4396,,,,,,,,,,,,,,,,,,,,,,,,,,,,,,,,,,,,,,,,,,,,,,,,,,,,,68.0,58.02,33.37,,,,,,,,,,,3.7162,,67400.0,84800.0,93600.0,,85400.0,73500.0,,85400.0,85400.0,111100.0,,,,,,wintonmercedca,Winton,Merced,CA
2493290,1999-12-31,wintonmercedca,10.9371,,,,,,,,,,,,,,,,,,,,,,,,,,,,,,,,,,,,,,,,,,,,,,,,,,,,,68.0,55.19,34.65,,,,,,,,,,,4.0963,,68400.0,85500.0,94500.0,,86100.0,74200.0,,86100.0,86100.0,112100.0,,,,,,wintonmercedca,Winton,Merced,CA
2493291,2000-01-31,wintonmercedca,8.7585,,,,,,,,,,,,,,,,,,,,,,,,,,,,,,,,,,,,,,,,,,,,,,,,,,,,,68.0,59.74,31.52,,,,,,,,,,,3.9696,,70100.0,86100.0,95400.0,,86800.0,75200.0,,86800.0,86800.0,113200.0,,,,,,wintonmercedca,Winton,Merced,CA
2493292,2000-02-29,wintonmercedca,7.9999,,,,,,,,,,,,,,,,,,,,,,,,,,,,,,,,,,,,,,,,,,,,,,,,,,,,,69.0,52.53,36.52,,,,,,,,,,,4.1385,,71900.0,86900.0,96600.0,,87600.0,76200.0,,87600.0,87600.0,115100.0,,,,,,wintonmercedca,Winton,Merced,CA
2493293,2000-03-31,wintonmercedca,6.5108,,,,,,,,,,,,,,,,,,,,,,,,,,,,,,,,,,,,,,,,,,,,,,,,,,,,,71.0,59.3,29.7,,,,,,,,,,,4.1807,,74000.0,87900.0,98000.0,,88700.0,78100.0,,88700.0,88700.0,117100.0,,,,,,wintonmercedca,Winton,Merced,CA
2493294,2000-04-30,wintonmercedca,17.1387,,,,,,,,,,,,,,,,,,,,,,,,,,,,,,,,,,,,,,,,,,,,,,,,,,,,,72.0,66.17,24.2,,,,,,,,,,,4.2652,,77000.0,89000.0,99600.0,,89900.0,80300.0,,89900.0,89900.0,117700.0,,,,,,wintonmercedca,Winton,Merced,CA
2493295,2000-05-31,wintonmercedca,17.3656,,,,,,,,,,,,,,,,,,,,,,,,,,,,,,,,,,,,,,,,,,,,,,,,,,,,,73.0,43.01,46.04,,,,,,,,,27.2727,,4.4341,,79100.0,90200.0,101100.0,,91400.0,82200.0,,91400.0,91400.0,117800.0,,,,,,wintonmercedca,Winton,Merced,CA
2493296,2000-06-30,wintonmercedca,15.3959,,,,,,,,,,,,,,,,,,,,,,,,,,,,,,,,,,,,,,,,,,,,,,,,,,,,,74.0,16.78,73.38,,,,,,,,,28.0366,,4.5186,,79700.0,91500.0,102600.0,,92800.0,82900.0,,92800.0,92800.0,118700.0,,,,,,wintonmercedca,Winton,Merced,CA
2493297,2000-07-31,wintonmercedca,6.5472,,,,,,,,,,,,,,,,,,,,,,,,,,,,,,,,,,,,,,,,,,,,,,,,,,,,,74.0,14.14,78.99,,,,,,,,,,,4.5608,,79100.0,92500.0,102900.0,,93700.0,82800.0,,93700.0,93700.0,119100.0,,,,,,wintonmercedca,Winton,Merced,CA
2493298,2000-08-31,wintonmercedca,,,,,,,,,,,,,,,,,,,,,,,,,,,,,,,,,,,,,,,,,,,,,,,,,,,,,,75.0,15.46,76.73,,,,,,,,,,,4.6875,,77900.0,92900.0,102600.0,,94300.0,82200.0,,94300.0,94300.0,119400.0,,,,,,wintonmercedca,Winton,Merced,CA
2493299,2000-09-30,wintonmercedca,4.5351,,,,,,,,,,,,,,,,,,,,,,,,,,,,,,,,,,,,,,,,,,,,,,,,,,,,,75.0,12.82,83.44,,,,,,,,,,,4.772,,77000.0,92900.0,103100.0,,94700.0,82000.0,,94700.0,94700.0,121300.0,,,,,,wintonmercedca,Winton,Merced,CA
2493300,2000-10-31,wintonmercedca,5.4639999999999995,,,,,,,,,,,,,,,,,,,,,,,,,,,,,,,,,,,,,,,,,,,,,,,,,,,,,75.0,23.71,69.91,,,,,,,,,,,4.4764,,77200.0,93100.0,104800.0,,95000.0,82800.0,,95000.0,95000.0,123800.0,,,,,,wintonmercedca,Winton,Merced,CA
2493301,2000-11-30,wintonmercedca,5.5272,,,,,,,,,,,,,,,,,,,,,,,,,,,,,,,,,,,,,,,,,,,,,,,,,,,,,75.0,5.67,91.75,,,,,,,,,,,4.5608,,78000.0,93800.0,106400.0,,95600.0,84000.0,,95600.0,95600.0,125200.0,,,,,,wintonmercedca,Winton,Merced,CA
2493302,2000-12-31,wintonmercedca,7.0604,,,,,,,,,,,,,,,,,,,,,,,,,,,,,,,,,,,,,,,,,,,,,,,,,,,,,77.0,6.6,90.92,,,,,,,,,18.1818,,4.6453,,77800.0,95000.0,107600.0,,96800.0,84200.0,,96800.0,96800.0,126800.0,,,,,,wintonmercedca,Winton,Merced,CA
2493303,2001-01-31,wintonmercedca,3.9744,,,,,,,,,,,,,,,,,,,,,,,,,,,,,,,,,,,,,,,,,,,,,,,,,,,,,77.0,7.93,88.48,,,,,,,,,,,4.7297,,76800.0,95900.0,108700.0,,97900.0,83900.0,,97900.0,97900.0,128400.0,,,,,,wintonmercedca,Winton,Merced,CA
2493304,2001-02-28,wintonmercedca,,,,,,,,,,,,,,,,,,,,,,,,,,,,,,,,,,,,,,,,,,,,,,,,,,,,,,78.0,3.31,94.84,,,,,,,,,,,4.6453,,76100.0,97000.0,109900.0,,98700.0,83900.0,,98700.0,98700.0,128500.0,,,,,,wintonmercedca,Winton,Merced,CA
2493305,2001-03-31,wintonmercedca,2.5641,,,,,,,,,,,,,,,,,,,,,,,,,,,,,,,,,,,,,,,,,,,,,,,,,65.7894736842105,,65.7894736842105,79000.0,78.0,5.92,90.82,,,,,,,,,7.6923,,4.6875,,75300.0,97900.0,110600.0,,99400.0,83600.0,,99400.0,99400.0,128400.0,,,,,,wintonmercedca,Winton,Merced,CA
2493306,2001-04-30,wintonmercedca,,,,,,,,,,,,,,,,,,,,,,,,,,,,,,,,,,,,,,,,,,,,,,,,,,,,,,78.0,4.83,93.05,,,,,,,,,,,4.6453,,74700.0,98200.0,111100.0,,99900.0,83300.0,,99900.0,99900.0,130600.0,,,,,,wintonmercedca,Winton,Merced,CA
2493307,2001-05-31,wintonmercedca,3.3022,,,,,,,,,,,,,,,,,,,,,,,,,,,,,,,,,,,,,,,,,,,,,,,,,71.9615,,71.9615,86692.3077,79.0,2.28,96.41,,,,,,,,,6.9034,,4.772,,75100.0,98200.0,112200.0,,100100.0,83600.0,,100100.0,100100.0,133500.0,,,,,,wintonmercedca,Winton,Merced,CA
2493308,2001-06-30,wintonmercedca,4.5648,,,,,,,,,,,,,,,,,,,,,,,,,,,,,,,,,,,,,,,,,,,,,,,,,,,,,79.0,4.35,94.02,,,,,,,,,,,4.4764,,75200.0,98100.0,112700.0,,100100.0,83800.0,,100100.0,100100.0,134800.0,,,,,,wintonmercedca,Winton,Merced,CA
2493309,2001-07-31,wintonmercedca,12.3666,,,,,,,,,,,,,,,,,,,,,,,,,,,,,,,,,,,,,,,,,,,,,,,,,,,,,79.0,6.52,91.15,,,,,,,,,,,4.6453,,74600.0,98300.0,112900.0,,100400.0,84100.0,,100400.0,100400.0,135800.0,,,,,,wintonmercedca,Winton,Merced,CA
2493310,2001-08-31,wintonmercedca,7.5943,,,,,,,,,,,,,,,,,,,,,,,,,,,,,,,,,,,,,,,,,,,,,,,,,80.8080808080808,,80.8080808080808,96000.0,80.0,3.69,94.35,,,,,,,,,,,4.9409,,74200.0,99000.0,114100.0,,101000.0,84700.0,,101000.0,101000.0,138200.0,,,,,,wintonmercedca,Winton,Merced,CA
2493311,2001-09-30,wintonmercedca,,,,,,,,,,,,,,,,,,,,,,,,,,,,,,,,,,,,,,,,,,,,,,,,,,,,,,81.0,9.89,87.72,,,,,,,,,5.3476,,5.0253,,75000.0,100300.0,114600.0,,101900.0,85400.0,,101900.0,101900.0,140400.0,,,,,,wintonmercedca,Winton,Merced,CA
2493312,2001-10-31,wintonmercedca,8.3752,,,,,,,,,,,,,,,,,,,,,,,,,,,,,,,,,,,,,,,,,,,,,,,,,,,,,81.0,7.17,90.33,,,,,,,,,,,5.152,,76000.0,101600.0,114300.0,,102800.0,85800.0,,102800.0,102800.0,142300.0,,,,,,wintonmercedca,Winton,Merced,CA
2493313,2001-11-30,wintonmercedca,9.0801,,,,,,,,,,,,,,,,,,,,,,,,,,,,,,,,,,,,,,,,,,,,,,,,,,,,,82.0,5.16,92.29,,,,,,,,,,,5.0253,,77900.0,102100.0,114900.0,,103200.0,86800.0,,103200.0,103200.0,144100.0,,,,,,wintonmercedca,Winton,Merced,CA
2493314,2001-12-31,wintonmercedca,7.5488,,,,,,,,,,,,,,,,,,,,,,,,,,,,,,,,,,,,,,,,,,,,,,,,,82.5420014609204,,82.5420014609204,97000.0,82.0,5.27,91.42,,,,,,,,,6.6667,,5.152,,79700.0,101700.0,115900.0,,102700.0,87600.0,,102700.0,102700.0,145100.0,,,,,,wintonmercedca,Winton,Merced,CA
2493315,2002-01-31,wintonmercedca,2.9139999999999997,,,,,,,,,,,,,,,,,,,,,,,,,,,,,,,,,,,,,,,,,,,,,,,,,,,,,82.0,5.58,91.17,,,,,,,,,,,4.9831,,79800.0,101600.0,115900.0,,102300.0,88000.0,,102300.0,102300.0,145000.0,,,,,,wintonmercedca,Winton,Merced,CA
2493316,2002-02-28,wintonmercedca,,,,,,,,,,,,,,,,,,,,,,,,,,,,,,,,,,,,,,,,,,,,,,,,,,,,,,82.0,4.39,93.22,,,,,,,,,,,5.0676,,78900.0,102400.0,116300.0,,103200.0,88200.0,,103200.0,103200.0,145300.0,,,,,,wintonmercedca,Winton,Merced,CA
2493317,2002-03-31,wintonmercedca,,,,,,,,,,,,,,,,,,,,,,,,,,,,,,,,,,,,,,,,,,,,,,,,,,83.5341365461847,,83.5341365461847,98000.0,83.0,1.9,97.34,,,,,,,,,,,5.0676,,80000.0,104100.0,117700.0,,105300.0,88800.0,,105300.0,105300.0,146200.0,,,,,,wintonmercedca,Winton,Merced,CA
2493318,2002-04-30,wintonmercedca,4.5788,,,,,,,,,,,,,,,,,,,,,,,,,,,,,,,,,,,,,,,,,,,,,,,,,,,,,84.0,3.96,94.85,,,,,,,,,5.3476,,5.3209,,82000.0,106100.0,120400.0,,107900.0,90200.0,,107900.0,107900.0,148900.0,,,,,,wintonmercedca,Winton,Merced,CA
2493319,2002-05-31,wintonmercedca,5.4945,,,,,,,,,,,,,,,,,,,,,,,,,,,,,,,,,,,,,,,,,,,,,,,,,91.9298,,91.9298,104153.8462,86.0,5.37,92.63,,,,,,,,,15.6818,,5.2365,,83300.0,108600.0,124600.0,,110700.0,92400.0,,110700.0,110700.0,153600.0,,,,,,wintonmercedca,Winton,Merced,CA
2493320,2002-06-30,wintonmercedca,2.9762,,,,,,,,,,,,,,,,,,,,,,,,,,,,,,,,,,,,,,,,,,,,,,,,,95.3921,,95.3921,107764.7059,88.0,4.39,94.2,,,,,,,,,10.1136,,5.7432,,84400.0,111300.0,129300.0,,113700.0,94900.0,,113700.0,113700.0,157600.0,,,,,,wintonmercedca,Winton,Merced,CA
2493321,2002-07-31,wintonmercedca,3.2509,,,,,,,,,,,,,,,,,,,,,,,,,,,,,,,,,,,,,,,,,,,,,,,,,98.139,,98.139,112050.0,90.0,2.06,96.91,,,,,,,,,3.75,,5.8699,,86500.0,113500.0,133300.0,,115900.0,97200.0,,115900.0,115900.0,160900.0,,,,,,wintonmercedca,Winton,Merced,CA
2493322,2002-08-31,wintonmercedca,,,,,,,,,,,,,,,,,,,,,,,,,,,,,,,,,,,,,,,,,,,,,,,,,,98.4975,,98.4975,115950.0,92.0,3.76,94.78,,,,,,,,,5.0,,5.9544,,87800.0,114800.0,136200.0,,117500.0,98900.0,,117500.0,117500.0,163500.0,,,,,,wintonmercedca,Winton,Merced,CA
2493323,2002-09-30,wintonmercedca,3.5271,,,,,,,,,,,,,,,,,,,,,,,,,,,,,,,,,,,,,,,,,,,,,,,,,96.1706,,96.1706,108700.0,93.0,4.6,92.59,,,,,,,,,11.0,,6.2922,,86700.0,115800.0,139400.0,,118700.0,100100.0,,118700.0,118700.0,165300.0,,,,,,wintonmercedca,Winton,Merced,CA
2493324,2002-10-31,wintonmercedca,,,,,,,,,,,,,,,,,,,,,,,,,,,,,,,,,,,,,,,,,,,,,,,,,,97.4652,,97.4652,113450.0,94.0,4.32,93.83,,,,,,,,,6.75,,6.9679,,85100.0,116500.0,142200.0,,119700.0,101100.0,,119700.0,119700.0,165700.0,,,,,,wintonmercedca,Winton,Merced,CA
2493325,2002-11-30,wintonmercedca,,,,,,,,,,,,,,,,,,,,,,,,,,,,,,,,,,,,,,,,,,,,,,,,,,95.9262,,95.9262,117525.0,95.0,7.13,90.46,,,,,,,,,5.5833,,7.348,,85100.0,118000.0,144500.0,,121200.0,102400.0,,121200.0,121200.0,167400.0,,,,,,wintonmercedca,Winton,Merced,CA
2493326,2002-12-31,wintonmercedca,,,,,,,,,,,,,,,,,,,,,,,,,,,,,,,,,,,,,,,,,,,,,,,,,,98.0278,,98.0278,123475.0,98.0,4.88,93.1,,,,,,,,,,,7.348,,86300.0,121100.0,148300.0,,124300.0,104400.0,,124300.0,124300.0,170100.0,,,,,,wintonmercedca,Winton,Merced,CA
2493327,2003-01-31,wintonmercedca,2.2894,,,,,,,,,,,,,,,,,,,,,,,,,,,,,,,,,,,,,,,,,,,,,,,,,97.5228,,97.5228,122275.0,101.0,1.42,97.92,,,,,,,,,,,7.6436,,88800.0,124800.0,153500.0,,127900.0,106600.0,,127900.0,127900.0,173800.0,,,,,,wintonmercedca,Winton,Merced,CA
2493328,2003-02-28,wintonmercedca,,,,,,,,,,,,,,,,,,,,,,,,,,,,,,,,,,,,,,,,,,,,,,,,,,,,,,103.0,1.59,97.59,,,,,,,,,,,7.6436,,91000.0,127200.0,156100.0,,130200.0,108600.0,,130200.0,130200.0,177300.0,,,,,,wintonmercedca,Winton,Merced,CA
2493329,2003-03-31,wintonmercedca,,,,,,,,,,,,,,,,,,,,,,,,,,,,,,,,,,,,,,,,,,,,,,,,,,105.7566,,105.7566,126153.8462,104.0,3.67,94.53,,,,,,,,,6.4102,,7.6014,,91600.0,128100.0,156700.0,,131300.0,109500.0,,131300.0,131300.0,180700.0,,,,,,wintonmercedca,Winton,Merced,CA
2493330,2003-04-30,wintonmercedca,,,,,,,,,,,,,,,,,,,,,,,,,,,,,,,,,,,,,,,,,,,,,,,,,,113.9825,,113.9825,134764.7059,105.0,4.27,93.65,,,,,,,,,,,7.6858,,91700.0,129800.0,158000.0,,132800.0,110500.0,,132800.0,132800.0,184200.0,,,,,,wintonmercedca,Winton,Merced,CA
2493331,2003-05-31,wintonmercedca,,,,,,,,,,,,,,,,,,,,,,,,,,,,,,,,,,,,,,,,,,,,,,,,,,112.9523,,112.9523,143025.0,107.0,3.83,94.47,,,,,,,,,,,7.8125,,92700.0,132700.0,159600.0,,134900.0,111000.0,,134900.0,134900.0,188500.0,,,,,,wintonmercedca,Winton,Merced,CA
2493332,2003-06-30,wintonmercedca,,,,,,,,,,,,,,,,,,,,,,,,,,,,,,,,,,,,,,,,,,,,,,,,,,113.3439,,113.3439,141175.0,108.0,3.45,94.58,,,,,,,,,,,7.8547,,92800.0,135000.0,159400.0,,136700.0,110900.0,,136700.0,136700.0,191800.0,,,,,,wintonmercedca,Winton,Merced,CA
2493333,2003-07-31,wintonmercedca,,,,,,,,,,,,,,,,,,,,,,,,,,,,,,,,,,,,,,,,,,,,,,,,,,112.40299999999999,,112.40299999999999,136925.0,109.0,6.51,91.13,,,,,,,,,,,8.2348,,92500.0,137700.0,159800.0,,139100.0,111700.0,,139100.0,139100.0,194200.0,,,,,,wintonmercedca,Winton,Merced,CA
2493334,2003-08-31,wintonmercedca,5.1282,,,,,,,,,,,,,,,,,,,,,,,,,,,,,,,,,,,,,,,,,,,,,,,,,,,,,111.0,6.62,91.24,,,,,,,,,,,7.728,,94300.0,141100.0,162300.0,,142200.0,114000.0,,142200.0,142200.0,197900.0,,,,,,wintonmercedca,Winton,Merced,CA
2493335,2003-09-30,wintonmercedca,3.5897,,,,,,,,,,,,,,,,,,,,,,,,,,,,,,,,,,,,,,,,,,,,,,,,,,,,,113.0,2.85,95.73,,,,,,,,,,,7.1791,,99400.0,144600.0,166400.0,,145500.0,116700.0,,145500.0,145500.0,202800.0,,,,,,wintonmercedca,Winton,Merced,CA
2493336,2003-10-31,wintonmercedca,,,,,,,,,,,,,,,,,,,,,,,,,,,,,,,,,,,,,,,,,,,,,,,,,,129.496402877698,,129.496402877698,157000.0,117.0,2.63,96.33,,,,,,,,,,,6.7989999999999995,,104300.0,148100.0,170200.0,,148900.0,119600.0,,148900.0,148900.0,206300.0,,,,,,wintonmercedca,Winton,Merced,CA
2493337,2003-11-30,wintonmercedca,2.5641,,,,,,,,,,,,,,,,,,,,,,,,,,,,,,,,,,,,,,,,,,,,,,,,,,,,,118.0,1.75,97.97,,,,,,,,,3.4602,,7.0524,,105400.0,151100.0,172600.0,,151700.0,121500.0,,151700.0,151700.0,208100.0,,,,,,wintonmercedca,Winton,Merced,CA
2493338,2003-12-31,wintonmercedca,4.0843,,,,,,,,,,,,,,,,,,,,,,,,,,,,,,,,,,,,,,,,,,,,,,,,,,,,,119.0,2.19,97.04,,,,,,,,,,,6.7145,,104800.0,153000.0,174300.0,,153600.0,123000.0,,153600.0,153600.0,210200.0,,,,,,wintonmercedca,Winton,Merced,CA
2493339,2004-01-31,wintonmercedca,4.6080000000000005,,,,,,,,,,,,,,,,,,,,,,,,,,,,,,,,,,,,,,,,,,,,,,,,,132.952691680261,,132.952691680261,159000.0,121.0,3.13,95.7,,,,,,,,,,,7.2635,,105700.0,155400.0,175900.0,,156100.0,125600.0,,156100.0,156100.0,212000.0,,,,,,wintonmercedca,Winton,Merced,CA
2493340,2004-02-29,wintonmercedca,4.5064,,,,,,,,,,,,,,,,,,,,,,,,,,,,,,,,,,,,,,,,,,,,,,,,,135.9875,,135.9875,158411.7647,124.0,1.8,97.72,,,,,,,,,,,7.7703,,110000.0,158600.0,179600.0,,159700.0,130500.0,,159700.0,159700.0,216200.0,,,,,,wintonmercedca,Winton,Merced,CA
2493341,2004-03-31,wintonmercedca,2.2489,,,,,,,,,,,,,,,,,,,,,,,,,,,,,,,,,,,,,,,,,,,,,,,,,138.8178,,138.8178,161650.0,129.0,0.48,99.31,,,,,,,,,,,8.1081,,116100.0,163100.0,186200.0,,164500.0,137800.0,,164500.0,164500.0,224300.0,,,,,,wintonmercedca,Winton,Merced,CA
2493342,2004-04-30,wintonmercedca,,,,,,,,,,,,,,,,,,,,,,,,,,,,,,,,,,,,,,,,,,,,,,,,,,144.8266,,144.8266,162450.0,134.0,0.16,99.73,,,,,,,,,,,8.0236,,121500.0,168400.0,193000.0,,169900.0,145400.0,,169900.0,169900.0,231500.0,,,,,,wintonmercedca,Winton,Merced,CA
2493343,2004-05-31,wintonmercedca,,,,,,,,,,,,,,,,,,,,,,,,,,,,,,,,,,,,,,,,,,,,,,,,,,147.9104,,147.9104,164450.0,138.0,0.05,99.89,,,,,,,,,2.9412,,7.8125,,126100.0,173300.0,198400.0,,174800.0,151400.0,,174800.0,174800.0,235300.0,,,,,,wintonmercedca,Winton,Merced,CA
2493344,2004-06-30,wintonmercedca,2.2645,,,,,,,,,,,,,,,,,,,,,,,,,,,,,,,,,,,,,,,,,,,,,,,,,144.9477,,144.9477,177400.0,142.0,0.05,99.89,,,,,,,,,,,7.728,,133000.0,178300.0,204500.0,,179700.0,157000.0,,179700.0,179700.0,242100.0,,,,,,wintonmercedca,Winton,Merced,CA
2493345,2004-07-31,wintonmercedca,3.8548,,,,,,,,,,,,,,,,,,,,,,,,,,,,,,,,,,,,,,,,,,,,,,,,,142.079,,142.079,186400.0,146.0,0.0,99.89,,,,,,,,,,,7.3057,,140800.0,183000.0,210700.0,,184500.0,162400.0,,184500.0,184500.0,251200.0,,,,,,wintonmercedca,Winton,Merced,CA
2493346,2004-08-31,wintonmercedca,2.2681,,,,,,,,,,,,,,,,,,,,,,,,,,,,,,,,,,,,,,,,,,,,,,,,,146.3364,,146.3364,185000.0,151.0,0.0,100.0,,,,,,,,,,,7.6436,,146800.0,187700.0,215900.0,,189000.0,167700.0,,189000.0,189000.0,257100.0,,,,,,wintonmercedca,Winton,Merced,CA
2493347,2004-09-30,wintonmercedca,,,,,,,,,,,,,,,,,,,,,,,,,,,,,,,,,,,,,,,,,,,,,,,,,,145.6272,,145.6272,181750.0,155.0,0.0,100.0,,,,,,,,,,,8.1081,,150100.0,192300.0,220100.0,,193600.0,173300.0,,193600.0,193600.0,261000.0,,,,,,wintonmercedca,Winton,Merced,CA
2493348,2004-10-31,wintonmercedca,,,,,,,,,,,,,,,,,,,,,,,,,,,,,,,,,,,,,,,,,,,,,,,,,,143.4089,,143.4089,181925.0,159.0,0.0,100.0,,,,,,,,,,,8.1081,,154400.0,196700.0,224500.0,,198300.0,178500.0,,198300.0,198300.0,266600.0,,,,,,wintonmercedca,Winton,Merced,CA
2493349,2004-11-30,wintonmercedca,,,,,,,,,,,,,,,,,,,,,,,,,,,,,,,,,,,,,,,,,,,,,,,,,,148.9731,,148.9731,187550.0,163.0,0.0,100.0,,,,,,,,,,,8.1081,,160100.0,200900.0,228400.0,,202700.0,182400.0,,202700.0,202700.0,272300.0,,,,,,wintonmercedca,Winton,Merced,CA
2493350,2004-12-31,wintonmercedca,,,,,,,,,,,,,,,,,,,,,,,,,,,,,,,,,,,,,,,,,,,,,,,,,,154.1821,,154.1821,194900.0,167.0,0.0,100.0,,,,,,,,,,,8.6149,,165100.0,205700.0,231900.0,,207900.0,186200.0,,207900.0,207900.0,277300.0,,,,,,wintonmercedca,Winton,Merced,CA
2493351,2005-01-31,wintonmercedca,,,,,,,,,,,,,,,,,,,,,,,,,,,,,,,,,,,,,,,,,,,,,,,,,,164.5787,,164.5787,205375.0,171.0,0.0,100.0,,,,,,,,,,,8.4037,,170000.0,211700.0,236800.0,,214100.0,190400.0,,214100.0,214100.0,282800.0,,,,,,wintonmercedca,Winton,Merced,CA
2493352,2005-02-28,wintonmercedca,,,,,,,,,,,,,,,,,,,,,,,,,,,,,,,,,,,,,,,,,,,,,,,,,,171.2286,,171.2286,222050.0,176.0,0.0,100.0,,,,,,,,,,,8.6149,,174100.0,218400.0,242300.0,,220400.0,193500.0,,220400.0,220400.0,286000.0,,,,,,wintonmercedca,Winton,Merced,CA
2493353,2005-03-31,wintonmercedca,2.2553,,,,,,,,,,,,,,,,,,,,,,,,,,,,,,,,,,,,,,,,,,,,,,,,,176.6083,,176.6083,229200.0,180.0,0.0,100.0,,,,,,,,,,,9.375,,176600.0,224000.0,246400.0,,225700.0,194700.0,,225700.0,225700.0,286200.0,,,,,,wintonmercedca,Winton,Merced,CA
2493354,2005-04-30,wintonmercedca,,,,,,,,,,,,,,,,,,,,,,,,,,,,,,,,,,,,,,,,,,,,,,,,,,189.58700000000002,,189.58700000000002,240750.0,184.0,0.05,99.95,,,,,,,,,,,9.9662,,180300.0,230200.0,252300.0,,231800.0,197400.0,,231800.0,231800.0,287300.0,,,,,,wintonmercedca,Winton,Merced,CA
2493355,2005-05-31,wintonmercedca,,,,,,,,,,,,,,,,,,,,,,,,,,,,,,,,,,,,,,,,,,,,,,,,,,195.2332,,195.2332,249500.0,189.0,0.05,99.95,,,,,,,,,,,10.2196,,184600.0,236800.0,259900.0,,238300.0,203200.0,,238300.0,238300.0,290600.0,,,,,,wintonmercedca,Winton,Merced,CA
2493356,2005-06-30,wintonmercedca,,,,,,,,,,,,,,,,,,,,,,,,,,,,,,,,,,,,,,,,,,,,,,,,,,197.4753,,197.4753,252000.0,193.0,0.05,99.95,,,,,,,,,,,11.2331,,187900.0,241800.0,266400.0,,243400.0,209100.0,,243400.0,243400.0,295300.0,,,,,,wintonmercedca,Winton,Merced,CA
2493357,2005-07-31,wintonmercedca,,,,,,,,,,,,,,,,,,,,,,,,,,,,,,,,,,,,,,,,,,,,,,,,,,194.5524,,194.5524,254675.0,196.0,0.05,99.9,,,,,,,,,,,11.6554,,191700.0,245000.0,270500.0,,246500.0,213800.0,,246500.0,246500.0,299700.0,,,,,,wintonmercedca,Winton,Merced,CA
2493358,2005-08-31,wintonmercedca,,,,,,,,,,,,,,,,,,,,,,,,,,,,,,,,,,,,,,,,,,,,,,,,,,205.8648,,205.8648,266700.0,199.0,0.26,99.64,,,,,,,,,,,11.9088,,198000.0,248900.0,274800.0,,250300.0,218600.0,,250300.0,250300.0,304800.0,,,,,,wintonmercedca,Winton,Merced,CA
2493359,2005-09-30,wintonmercedca,,,,,,,,,,,,,,,,,,,,,,,,,,,,,,,,,,,,,,,,,,,,,,,,,,215.7858,,215.7858,275925.0,203.0,0.21,99.74,,,,,,,,,,,12.1622,,205100.0,253100.0,278800.0,,254700.0,224900.0,,254700.0,254700.0,310000.0,,,,,,wintonmercedca,Winton,Merced,CA
2493360,2005-10-31,wintonmercedca,,,,,,,,,,,,,,,,,,,,,,,,,,,,,,,,,,,,,,,,,,,,,,,,,,223.4884,,223.4884,269700.0,207.0,0.35,99.43,,,,,,,,,,,12.2466,,210500.0,256700.0,281600.0,,258600.0,230700.0,,258600.0,258600.0,314700.0,,,,,,wintonmercedca,Winton,Merced,CA
2493361,2005-11-30,wintonmercedca,,,,,,,,,,,,,,,,,,,,,,,,,,,,,,,,,,,,,,,,,,,,,,,,,,229.3244,,229.3244,272500.0,209.0,0.48,99.47,,,,,,,,,,,12.0777,,213400.0,260000.0,285000.0,,262000.0,233300.0,,262000.0,262000.0,318800.0,,,,,,wintonmercedca,Winton,Merced,CA
2493362,2005-12-31,wintonmercedca,,,,,,,,,,,,,,,,,,,,,,,,,,,,,,,,,,,,,,,,,,,,,,,,,,,,,,210.0,0.74,99.04,,,,,,,,,,,11.8243,,214700.0,262300.0,290300.0,,264200.0,233000.0,,264200.0,264200.0,322400.0,,,,,,wintonmercedca,Winton,Merced,CA
2493363,2006-01-31,wintonmercedca,,,,,,,,,,,,,,,,,,,,,,,,,,,,,,,,,,,,,,,,,,,,,,,,,,222.3944,,222.3944,302846.1538,211.0,1.3,98.48,,,,,,,,,,,12.0355,,215800.0,263100.0,296000.0,,264900.0,233200.0,,264900.0,264900.0,324400.0,,,,,,wintonmercedca,Winton,Merced,CA
2493364,2006-02-28,wintonmercedca,,,,,,,,,,,,,,,,,,,,,,,,,,,,,,,,,,,,,,,,,,,,,,,,,,213.18099999999998,,213.18099999999998,298235.2941,211.0,1.91,97.22,,,,,,,,,,,12.6267,,216500.0,262600.0,299300.0,,264500.0,233700.0,,264500.0,264500.0,323900.0,,,,,,wintonmercedca,Winton,Merced,CA
2493365,2006-03-31,wintonmercedca,,,,,,,,,,,,,,,,,,,,,,,,,,,,,,,,,,,,,,,,,,,,,,,,,,210.6444,,210.6444,293000.0,210.0,4.39,94.26,,,,,,,,,,,12.5845,,216000.0,261700.0,299700.0,,263700.0,233100.0,,263700.0,263700.0,321600.0,,,,,,wintonmercedca,Winton,Merced,CA
2493366,2006-04-30,wintonmercedca,,,,,,,,,,,,,,,,,,,,,,,,,,,,,,,,,,,,,,,,,,,,,,,,,,221.5802,,221.5802,307500.0,209.0,6.17,91.7,,,,,,,,,,,11.9932,,216200.0,261600.0,299600.0,,263300.0,231800.0,,263300.0,263300.0,320200.0,,,,,,wintonmercedca,Winton,Merced,CA
2493367,2006-05-31,wintonmercedca,,,,,,,,,,,,,,,,,,,,,,,,,,,,,,,,,,,,,,,,,,,,,,,,,,212.7082,,212.7082,319500.0,210.0,9.7,86.91,,,,,,,,,,,11.8243,,220400.0,263200.0,300600.0,,264900.0,233800.0,,264900.0,264900.0,321400.0,,,,,,wintonmercedca,Winton,Merced,CA
2493368,2006-06-30,wintonmercedca,,,,,,,,,,,,,,,,,,,,,,,,,,,,,,,,,,,,,,,,,,,,,,,,,,204.32,,204.32,305325.0,214.0,9.0,87.65,,,,,,,,,,,10.8953,,226000.0,266500.0,303900.0,,268900.0,238800.0,,268900.0,268900.0,323800.0,,,,,,wintonmercedca,Winton,Merced,CA
2493369,2006-07-31,wintonmercedca,,,,,,,,,,,,,,,,,,,,,,,,,,,,,,,,,,,,,,,,,,,,,,,,,,,,,,217.0,8.78,88.0,,,,,,,,,3.3333,,10.5152,,229200.0,269200.0,306600.0,,272600.0,242600.0,,272600.0,272600.0,324800.0,,,,,,wintonmercedca,Winton,Merced,CA
2493370,2006-08-31,wintonmercedca,5.1282,,,,,,,,,,,,,,,,,,,,,,,,,,,,,,,,,,,,,,,,,,,,,,,,,207.9834,,207.9834,291769.2308,219.0,13.87,78.26,,,,,,,,,,,10.3463,,229800.0,271300.0,307000.0,,275200.0,242900.0,,275200.0,275200.0,324500.0,,,,,,wintonmercedca,Winton,Merced,CA
2493371,2006-09-30,wintonmercedca,5.8791,,,,,,,,,,,,,,,,,,,,,,,,,,,,,,,,,,,,,,,,,,,,,,,,,,,,,218.0,22.61,66.22,,,,,,,,,,,9.6284,,227600.0,271900.0,304400.0,,275800.0,240600.0,,275800.0,275800.0,321600.0,,,,,,wintonmercedca,Winton,Merced,CA
2493372,2006-10-31,wintonmercedca,3.141,,,,,,,,,,,,,,,,,,,,,,,,,,,,,,,,,,,,,,,,,,,,,,,,,201.0131,,201.0131,279269.2308,217.0,45.74,42.83,,,,,,,,,,,9.6284,,224700.0,271100.0,302000.0,,275000.0,238300.0,,275000.0,275000.0,318000.0,,,,,,wintonmercedca,Winton,Merced,CA
2493373,2006-11-30,wintonmercedca,,,,,,,,,,,,,,,,,,,,,,,,,,,,,,,,,,,,,,,,,,,,,,,,,,,,,,214.0,52.91,34.57,,,,,,,,,,,9.375,,223000.0,268100.0,297800.0,,271300.0,236600.0,,271300.0,271300.0,314000.0,,,,,,wintonmercedca,Winton,Merced,CA
2493374,2006-12-31,wintonmercedca,,,,,,,,,,,,,,,,,,,,,,,,,,,,,,,,,,,,,,,,,,,,,,,,,,,,,,211.0,73.52,16.52,,,,,,,,,,,9.3328,,219600.0,263500.0,291500.0,,266100.0,233800.0,,266100.0,266100.0,308000.0,,,,,,wintonmercedca,Winton,Merced,CA
2493375,2007-01-31,wintonmercedca,4.5788,,,,,,,,,,,,,,,,,,,,,,,,,,,,,,,,,,,,,,,,,,,,,,,,,,,,,207.0,84.65,10.39,,,,,,,,,,,8.7838,,213200.0,257500.0,284200.0,,260500.0,229700.0,,260500.0,260500.0,300100.0,,,,,,wintonmercedca,Winton,Merced,CA
2493376,2007-02-28,wintonmercedca,5.7692,,,,,,,,,,,,,,,,,,,,,,,,,,,,,,,,,,,,,,,,,,,,,,,,,,,,,203.0,89.96,6.96,,,,,,,,,,,7.7703,,206600.0,251900.0,278500.0,,255400.0,225800.0,,255400.0,255400.0,295800.0,,,,,,wintonmercedca,Winton,Merced,CA
2493377,2007-03-31,wintonmercedca,5.436,,,,,,,,,,,,,,,,,,,,,,,,,,,,,,,,,,,,,,,,,,,,,,,,,174.118884797475,,174.118884797475,256500.0,198.0,92.35,5.22,,,,,,,,,,,7.3057,,198900.0,245800.0,273800.0,,248800.0,220600.0,,248800.0,248800.0,295300.0,,,,,,wintonmercedca,Winton,Merced,CA
2493378,2007-04-30,wintonmercedca,13.5422,,,,,,,,,,,,,,,,,,,,,,,,,,,,,,,,,,,,,,,,,,,,,,,,,,,,,194.0,93.7,4.22,,,,,,,,,,,6.5456,,191300.0,240000.0,270400.0,,242600.0,215000.0,,242600.0,242600.0,295200.0,,,,,,wintonmercedca,Winton,Merced,CA
2493379,2007-05-31,wintonmercedca,13.089,,,,,,,,,,,,,,,,,,,,,,,,,,,,,,,,,,,,,,,,,,,,,,,,,,,,,190.0,94.65,3.39,,,,,,,,,,,5.7432,,184400.0,235700.0,267700.0,,238300.0,208400.0,,238300.0,238300.0,294400.0,,,,,,wintonmercedca,Winton,Merced,CA
2493380,2007-06-30,wintonmercedca,24.5095,,,,,,,,,,,,,,,,,,,,,,,,,,,,,,,,,,,,,,,,,,,,,,,,,,,,,186.0,96.74,2.48,,,,,,,,,,,5.7010000000000005,,179000.0,231600.0,263200.0,,234100.0,200900.0,,234100.0,234100.0,294300.0,,,,,,wintonmercedca,Winton,Merced,CA
2493381,2007-07-31,wintonmercedca,34.5421,,,,,,,,,,,,,,,,,,,,,,,,,,,,,,,,,,,,,,,,,,,,,,,,,,,,,182.0,97.7,1.43,,,,,,,,,,,5.7432,,174000.0,225400.0,257000.0,,228300.0,192400.0,,228300.0,228300.0,292700.0,,,,,,wintonmercedca,Winton,Merced,CA
2493382,2007-08-31,wintonmercedca,40.3205,,,,,,,,,,,,,,,,,,,,,,,,,,,,,,,,,,,,,,,,,,,,,,,,,,,,,178.0,98.48,0.96,,,,,,,,,,,5.7010000000000005,,169300.0,220100.0,252900.0,,223800.0,185700.0,,223800.0,223800.0,288200.0,,,,,,wintonmercedca,Winton,Merced,CA
2493383,2007-09-30,wintonmercedca,35.9249,,,,,,,,,,,,,,,,,,,,,,,,,,,,,,,,,,,,,,,,,,,,,,,,,,,,,174.0,99.04,0.65,,,,,,,,,,,6.0389,,164700.0,217500.0,251100.0,,221700.0,180900.0,,221700.0,221700.0,281500.0,,,,,,wintonmercedca,Winton,Merced,CA
2493384,2007-10-31,wintonmercedca,40.0,,,,,,,,,,,,,,,,,,,,,,,,,,,,,,,,,,,,,,,,,,,,,,,,,,,,,171.0,99.26,0.52,,,,,,,,,,,6.0389,,160900.0,215300.0,249000.0,,219900.0,176700.0,,219900.0,219900.0,275500.0,,,,,,wintonmercedca,Winton,Merced,CA
2493385,2007-11-30,wintonmercedca,48.9744,,,,,,,,,,,,,,,,,,,,,,,,,,,,,,,,,,,,,,,,,,,,,,,,,,,,,169.0,99.0,0.48,,,,,,,,,,,6.2922,,158200.0,212200.0,246700.0,,217300.0,172300.0,,217300.0,217300.0,269800.0,,,,,,wintonmercedca,Winton,Merced,CA
2493386,2007-12-31,wintonmercedca,49.7436,,,,,,,,,,,,,,,,,,,,,,,,,,,,,,,,,,,,,,,,,,,,,,,,,,,,,167.0,98.65,0.83,,,,,,,,,,,6.4611,,158200.0,208800.0,244200.0,,213500.0,170400.0,,213500.0,213500.0,264700.0,,,,,,wintonmercedca,Winton,Merced,CA
2493387,2008-01-31,wintonmercedca,64.9583,,,,,,,,,,,,,,,,,,,,,,,,,,,,,,,,,,,,,,,,,,,,,,,,,,,,,165.0,98.78,0.7,,,,,,,,,,,6.8412,,157100.0,204900.0,240700.0,,208800.0,169200.0,,208800.0,208800.0,259700.0,,,,,,wintonmercedca,Winton,Merced,CA
2493388,2008-02-29,wintonmercedca,80.5145,,,,,,,,,,,,,,,,,,,,,,,,,,,,,,,,,,,,,,,,,,,,,,,,,,,,,161.0,99.22,0.52,,,,,,,,,,,7.5169,,155200.0,199700.0,237200.0,,203500.0,168000.0,,203500.0,203600.0,255100.0,,,,,,wintonmercedca,Winton,Merced,CA
2493389,2008-03-31,wintonmercedca,85.0577,,,,,,,,,,,,,,,,,,,,,,,,,,,,,,,,,,,,,,,,,,,,,,,,,,,,,161.0,98.83,0.65,,,,,,,,,35.7143,,7.9392,,158100.0,197300.0,234900.0,,201100.0,169400.0,,201100.0,201100.0,252800.0,,,,,,wintonmercedca,Winton,Merced,CA
2493390,2008-04-30,wintonmercedca,108.8435,,,,,,,,,,,,,,,,,,,,,,,,,,,,,,,,,,,,,,,,,,,,,,,,,,,,,156.0,98.87,0.74,,,,,,,,,62.8342,,8.9527,,159000.0,190000.0,224400.0,,193900.0,166600.0,,193900.0,193900.0,244000.0,,,,,,wintonmercedca,Winton,Merced,CA
2493391,2008-05-31,wintonmercedca,114.6905,,,,,,,,,,,,,,,,,,,,,,,,,,,,,,,,,,,,,,,,,,,,,,,,,,,,,146.0,99.96,0.0,,,,,,,,,71.4935,,10.0929,,152700.0,176900.0,206100.0,,180800.0,158100.0,,180800.0,180900.0,226300.0,,,,,,wintonmercedca,Winton,Merced,CA
2493392,2008-06-30,wintonmercedca,108.9469,,,,,,,,,,,,,,,,,,,,,,,,,,,,,,,,,,,,,,,,,,,,,,,,,,,,,136.0,100.0,0.0,,,,,,,,,83.2596,,10.5574,,145800.0,165100.0,190200.0,,169000.0,149800.0,,169000.0,169000.0,209400.0,,,,,,wintonmercedca,Winton,Merced,CA
2493393,2008-07-31,wintonmercedca,99.0697,,,,,,,,,,,,,,,,,,,,,,,,,,,,,,,,,,,,,,,,,,,,,,,,,,,,,130.0,100.0,0.0,,,,,,,,,86.6834,,10.9797,,141800.0,160000.0,181300.0,,163300.0,144900.0,,163300.0,163300.0,202200.0,,,,,,wintonmercedca,Winton,Merced,CA
2493394,2008-08-31,wintonmercedca,123.6819,,,,,,,,,,,,,,,,,,,,,,,,,,,,,,,,,,,,,,,,,,,,,,,,,,,,,124.0,100.0,0.0,,,,,,,,,81.8034,,12.2044,,138500.0,153100.0,171400.0,,156600.0,139000.0,,156600.0,156600.0,198400.0,,,,,,wintonmercedca,Winton,Merced,CA
2493395,2008-09-30,wintonmercedca,140.2146,,,,,,,,,,,,,,,,,,,,,,,,,,,,,,,,,,,,,,,,,,,,,,,,,,,,,118.0,100.0,0.0,,,,,,,,,68.5175,,13.3446,,137100.0,144700.0,161400.0,,148500.0,133000.0,,148500.0,148500.0,195500.0,,,,,,wintonmercedca,Winton,Merced,CA
2493396,2008-10-31,wintonmercedca,121.469,,,,,,,,,,,,,,,,,,,,,,,,,,,,,,,,,,,,,,,,,,,,,,,,,,,,,112.0,100.0,0.0,,,,,,,,,76.4002,,13.978,,134500.0,136800.0,154700.0,,140900.0,126900.0,,140900.0,140900.0,192800.0,,,,,,wintonmercedca,Winton,Merced,CA
2493397,2008-11-30,wintonmercedca,94.1892,,,,,,,,,,,,,,,,,,,,,,,,,,,,,,,,,,,,,,,,,,,,,,,,,,,,,109.0,100.0,0.0,,,,,,,,,80.089,,14.527000000000001,,130900.0,132000.0,152400.0,,136500.0,123100.0,,136500.0,136400.0,192400.0,,,,,,wintonmercedca,Winton,Merced,CA
2493398,2008-12-31,wintonmercedca,74.8774,,,,,,,,,,,,,,,,,,,,,,,,,,,,,,,,,,,,,,,,,,,,,,,,,,,,,107.0,99.87,0.0,,,,,,,,,86.7608,,15.2449,,126300.0,128500.0,149200.0,,133300.0,118600.0,,133300.0,133300.0,192400.0,,,,,,wintonmercedca,Winton,Merced,CA
2493399,2009-01-31,wintonmercedca,71.1043,,,,,,,,,,,,,,,,,,,,,,,,,,,,,,,,,,,,,,,,,,,,,,,,,,,,,102.0,98.0,1.65,,,,,,,,,86.5759,,15.4983,,120700.0,124600.0,143100.0,,129500.0,111400.0,,129500.0,129500.0,192200.0,,,,,,wintonmercedca,Winton,Merced,CA
2493400,2009-02-28,wintonmercedca,81.0514,,,,,,,,,,,,,,,,,,,,,,,,,,,,,,,,,,,,,,,,,,,,,,,,,,,,,97.0,97.22,2.52,,,,,,,,,89.2459,,16.3007,,113300.0,120000.0,135600.0,,124400.0,103400.0,,124400.0,124500.0,190800.0,,,,,,wintonmercedca,Winton,Merced,CA
2493401,2009-03-31,wintonmercedca,72.6386,,,,,,,,,,,,,,,,,,,,,,,,,,,,,,,,,,,,,,,,,,,,,,,,,,,,,91.0,96.57,3.17,,,,,,,,,89.2581,,16.5541,,104800.0,114000.0,129200.0,,118500.0,96400.0,,118500.0,118500.0,186300.0,,,,,,wintonmercedca,Winton,Merced,CA
2493402,2009-04-30,wintonmercedca,66.1438,,,,,,,,,,,,,,,,,,,,,,,,,,,,,,,,,,,,,,,,,,,,,,,,,,,,,87.0,98.09,1.74,,,,,,,,,86.9943,,16.6807,,97000.0,107300.0,124300.0,,112400.0,90700.0,,112400.0,112400.0,180900.0,,,,,,wintonmercedca,Winton,Merced,CA
2493403,2009-05-31,wintonmercedca,53.7063,,,,,,,,,,,,,,,,,,,,,,,,,,,,,,,,,,,,,,,,,,,,,,,,,,,,,83.0,96.78,2.96,,,,,,,,,85.5116,,16.3076,,91000.0,102100.0,121200.0,,107800.0,86100.0,,107800.0,107900.0,178500.0,,,,,,wintonmercedca,Winton,Merced,CA
2493404,2009-06-30,wintonmercedca,59.6859,,,,,,,,,,,,,,,,,,,,,,,,,,,,,,,,,,,,,,,,,,,,,,,,,,,,,81.0,96.04,3.57,,,,,,,,,88.663,,16.2653,,85000.0,98200.0,118500.0,,103900.0,81900.0,,103900.0,103900.0,173900.0,,,,,,wintonmercedca,Winton,Merced,CA
2493405,2009-07-31,wintonmercedca,55.6495,,,,,,,,,,,,,,,,,,,,,,,,,,,,,,,,,,,,,,,,,,,,,,,,,,,,,77.0,96.3,3.35,,,,,,,,,92.4702,,16.0842,,78800.0,93400.0,115500.0,,99100.0,77700.0,,99100.0,99100.0,164100.0,,,,,,wintonmercedca,Winton,Merced,CA
2493406,2009-08-31,wintonmercedca,47.8474,,,,,,,,,,,,,,,,,,,,,,,,,,,,,,,,,,,,,,,,,,,,,,,,,,,,,74.0,96.87,2.78,,,,,,,,,91.4485,,15.5789,,73000.0,88300.0,112300.0,,93800.0,74100.0,,93800.0,93800.0,155800.0,,,,,,wintonmercedca,Winton,Merced,CA
2493407,2009-09-30,wintonmercedca,50.8869,,,,,,,,,,,,,,,,,,,,,,,,,,,,,,,,,,,,,,,,,,,,,,,,,,,,,71.0,96.52,2.96,,,,,,,,,89.4393,,14.9979,,68500.0,84800.0,110500.0,,90000.0,70600.0,,90000.0,90000.0,152400.0,,,,,,wintonmercedca,Winton,Merced,CA
2493408,2009-10-31,wintonmercedca,58.2799,,,,,,,,,,,,,,,,,,,,,,,,,,,,,,,,,,,,,,,,,,,,,,,,,,,,,70.0,96.35,3.3,,,,,,,,,85.1248,,14.3037,,64600.0,82400.0,108700.0,,87300.0,67800.0,,87300.0,87200.0,150700.0,,,,,,wintonmercedca,Winton,Merced,CA
2493409,2009-11-30,wintonmercedca,51.2854,,,,,,,,,,,,,,,,,,,,,,,,,,,,,,,,,,,,,,,,,,,,,,,,,,,,,67.0,96.22,3.13,,,,,,,,,,,13.9251,,61500.0,79900.0,105600.0,,84600.0,66300.0,,84600.0,84600.0,146800.0,,,,,,wintonmercedca,Winton,Merced,CA
2493410,2009-12-31,wintonmercedca,55.2083,,,,,,,,,,,,,,,,,,,,,,,,,,,,,,,,,,,,,,,,,,,,,,,,,,,,,66.0,96.35,3.04,,,,,,,,,73.1797,,13.3782,,60400.0,77600.0,102600.0,,82700.0,67000.0,,82700.0,82700.0,145700.0,,,,,,wintonmercedca,Winton,Merced,CA
2493411,2010-01-31,wintonmercedca,48.3031,,,,,,,,,,,,,,,,,,,,,,,,,,,,,,,,,,,,,,,,,,,,,,,,,,,,,67.0,97.78,1.43,,,,,,,,,83.3644,,12.8734,,62200.0,77000.0,102100.0,,82600.0,68900.0,,82600.0,82700.0,150700.0,,,,,,wintonmercedca,Winton,Merced,CA
2493412,2010-02-28,wintonmercedca,33.6372,,,,,,,,,,,,,,,,,,,,,,,,,,,,,,,,,,,,,,,,,,,,,,,,,,,,,67.0,95.57,3.39,,,,,,,,,85.7531,,11.9478,,64400.0,76500.0,101800.0,,82300.0,69700.0,,82300.0,82300.0,153700.0,,,,,,wintonmercedca,Winton,Merced,CA
2493413,2010-03-31,wintonmercedca,45.1521,,,,,,,,,,,,,,,,,,,,,,,,,,,,,,,,,,,,,,,,,,,,,,,,,,,,,66.0,93.35,4.83,,,,,,,,,,,11.443,,65300.0,76200.0,101000.0,,81200.0,69900.0,,81200.0,81200.0,152400.0,,,,,,wintonmercedca,Winton,Merced,CA
2493414,2010-04-30,wintonmercedca,59.2866,,,,,,,,,,,,,,,,,,,,,,,,,,,,,,,,,,,,,,,,,,,,,,,,,,,,,67.0,90.26,7.52,,,,,,,,,73.0347,,10.7699,,65900.0,77300.0,101100.0,,81300.0,70500.0,,81300.0,81300.0,153100.0,,,,,,wintonmercedca,Winton,Merced,CA
2493415,2010-05-31,wintonmercedca,42.4535,,,,,,,,,,,,,,,,,,,,,,,,,,,,,,,,,,,,,,,,,,,,,,,,,,,,,68.0,85.87,11.35,,,,,,,,,73.4895,,9.6856,,67000.0,78800.0,102200.0,,82200.0,71200.0,,82200.0,82200.0,155000.0,,,,,,wintonmercedca,Winton,Merced,CA
2493416,2010-06-30,wintonmercedca,44.0316,,,,,,,,,,,,,,,,,,,,,,,,,,,,,,,,,,,,,,,,,,,,,,,,,,,,,68.0,81.61,15.43,,,,,,,,,66.316,,9.1759,,67400.0,78600.0,101400.0,,81700.0,70700.0,,81700.0,81700.0,152400.0,,,,,,wintonmercedca,Winton,Merced,CA
2493417,2010-07-31,wintonmercedca,37.3626,,,,,,,,,,,,,,,,,,,,,,,,,,,,,,,,,,,,,,,,,,,,,,,,,,,,,67.0,74.83,20.96,,,,,,,,,68.2509,,8.7935,,67500.0,77700.0,99500.0,,80700.0,70100.0,,80700.0,80700.0,148400.0,,,,,,wintonmercedca,Winton,Merced,CA
2493418,2010-08-31,wintonmercedca,52.3443,,,,,,,,,,,,,,,,,,,,,,,,,,,,,,,,,,,,,,,,,,,,,,,,,,,,,67.0,68.52,25.09,,,,,,,,,,,8.7935,,67600.0,77900.0,98900.0,,80700.0,70100.0,,80700.0,80700.0,146000.0,,,,,,wintonmercedca,Winton,Merced,CA
2493419,2010-09-30,wintonmercedca,46.0893,,,,,,,,,,,,,,,,,,,,,,,,,,,,,,,,,,,,,,,,,,,,,,,,,57.8078078078078,,57.8078078078078,82500.0,67.0,65.78,26.39,,,,,,,,,47.5525,,8.836,,67600.0,77700.0,97600.0,,80500.0,70300.0,,80500.0,80500.0,144400.0,,,,,,wintonmercedca,Winton,Merced,CA
2493420,2010-10-31,wintonmercedca,38.7241,,,,,,,,,,,,,,,,,,,,,,,,,,,,,,,,,,,,,,,,,,,,,,,,,,,,,66.0,67.13,25.43,,,,,,,,,,6.66,8.6845,,66900.0,76800.0,94600.0,,79600.0,70000.0,,79600.0,79600.0,140900.0,,,,,,wintonmercedca,Winton,Merced,CA
2493421,2010-11-30,wintonmercedca,21.1707,,,,,,,,,,,,,,,,,,,,,,,,,,,,,,,,,,,,,,,,,,,,,,,,,,,,,64.0,57.09,33.39,,,,,,,,,44.6816,6.51,8.4861,,65300.0,75200.0,91300.0,,78000.0,68100.0,,78000.0,78000.0,137900.0,992.0,996.0,0.7979999999999999,1061.0,996.0,wintonmercedca,Winton,Merced,CA
2493422,2010-12-31,wintonmercedca,21.7014,,,,,,,,,,,,,,,,,,,,,,,,,,,,,,,,,,,,,,,,,,,,,,,,,,,,,62.0,60.83,28.3,,,,,,,,,50.3908,6.5,8.2694,,63500.0,73400.0,89000.0,,76500.0,65300.0,,76500.0,76500.0,135100.0,990.0,995.0,0.794,1039.0,995.0,wintonmercedca,Winton,Merced,CA
2493423,2011-01-31,wintonmercedca,26.7557,,,,,,,,,,,,,,,,,,,,,,,,,,,,,,,,,,,,,,,,,,,,,,,,,,,,,60.0,59.65,29.96,,,,,,,,,,6.63,8.0563,,61800.0,71700.0,87800.0,,75100.0,63000.0,,75100.0,75100.0,131300.0,978.0,983.0,0.784,1007.0,982.0,wintonmercedca,Winton,Merced,CA
2493424,2011-02-28,wintonmercedca,39.9354,,,,,,,,,,,,,,,,,,,,,,,,,,,,,,,,,,,,,,,,,,,,,,,,,,,,,60.0,60.83,29.87,,,,,,,,,,6.76,7.9284,,61300.0,71700.0,89100.0,,75700.0,62600.0,,75700.0,75700.0,129700.0,957.0,959.0,0.764,953.0,959.0,wintonmercedca,Winton,Merced,CA
2493425,2011-03-31,wintonmercedca,51.3895,,,,,,,,,,,,,,,,,,,,,,,,,,,,,,,,,,,,,,,,,,,,,,,,,,,,,61.0,62.57,27.52,,,,,,,,,85.7143,6.9,8.2268,,61800.0,72900.0,90700.0,,77500.0,62500.0,,77500.0,77500.0,131000.0,932.0,934.0,0.742,899.0,933.0,wintonmercedca,Winton,Merced,CA
2493426,2011-04-30,wintonmercedca,50.8461,,,,,,,,,,,,,,,,,,,,,,,,,,,,,,,,,,,,,,,,,,,,,,,,,,,,,62.0,64.39,27.91,,,,,,,,,,7.05,8.2268,,62300.0,74500.0,91200.0,,78900.0,62600.0,,78900.0,78900.0,132000.0,916.0,915.0,0.728,856.0,916.0,wintonmercedca,Winton,Merced,CA
2493427,2011-05-31,wintonmercedca,56.8726,,,,,,,,,,,,,,,,,,,,,,,,,,,,,,,,,,,,,,,,,,,,,,,,,,,,,62.0,73.0,18.78,,,,,,,,,64.652,7.09,8.1841,,62100.0,74900.0,91100.0,,79000.0,62600.0,,79000.0,79000.0,132100.0,905.0,902.0,0.718,828.0,905.0,wintonmercedca,Winton,Merced,CA
2493428,2011-06-30,wintonmercedca,49.9084,,,,,,,,,,,,,,,,,,,,,,,,,,,,,,,,,,,,,,,,,,,,,,,,,,,,,62.0,74.13,18.52,,,,,,,,,,7.12,7.925,,62200.0,74500.0,91800.0,,78900.0,63000.0,,78900.0,78900.0,134300.0,894.0,891.0,0.7120000000000001,808.0,895.0,wintonmercedca,Winton,Merced,CA
2493429,2011-07-31,wintonmercedca,42.32,,,,,,,,,,,,,,,,,,,,,,,,,,,,,,,,,,,,,,,,,,,,,,,,,,,,,62.0,74.22,20.39,,,,,,,,,51.9231,7.02,7.9676,,62300.0,73800.0,91900.0,,78100.0,63200.0,,78100.0,78300.0,136500.0,885.0,882.0,0.706,795.0,886.0,wintonmercedca,Winton,Merced,CA
2493430,2011-08-31,wintonmercedca,41.8095,,,,,,,,,,,,,,,,,,,,,,,,,,,,,,,,,,,,,,,,,,,,,,,,,,,,,62.0,78.0,17.57,,,,,,,,,68.7166,6.94,8.0102,,61900.0,73200.0,91500.0,,77100.0,63100.0,,77100.0,77300.0,136300.0,880.0,878.0,0.7040000000000001,779.0,881.0,wintonmercedca,Winton,Merced,CA
2493431,2011-09-30,wintonmercedca,41.8929,,,,,,,,,,,,,,,,,,,,,,,,,,,,,,,,,,,,,,,,,,,,,,,,,,,,,61.0,78.91,16.0,,,,,,,,,67.9546,6.85,7.7251,,60800.0,72600.0,91600.0,,76000.0,62600.0,,76000.0,76100.0,135300.0,884.0,882.0,0.7040000000000001,765.0,886.0,wintonmercedca,Winton,Merced,CA
2493432,2011-10-31,wintonmercedca,34.7227,,,,,,,,,,,,,,,,,,,,,,,,,,,,,,,,,,,,,,,,,,,,,,,,,,,,,61.0,78.96,16.04,,,,,,,,,55.3788,6.82,7.9385,,60700.0,72500.0,92800.0,,75800.0,62500.0,,75800.0,75900.0,135700.0,889.0,887.0,0.7040000000000001,750.0,891.0,wintonmercedca,Winton,Merced,CA
2493433,2011-11-30,wintonmercedca,25.5165,,,,,,,,,,,,,,,,,,,,,,,,,,,,,,,,,,,,,,,,,,,,,,,,,,,,,61.0,78.96,14.48,,,,,,,,,42.3106,6.79,7.8465,,61300.0,72500.0,93500.0,,75600.0,62600.0,,75600.0,75900.0,135900.0,888.0,884.0,0.7020000000000001,727.0,889.0,wintonmercedca,Winton,Merced,CA
2493434,2011-12-31,wintonmercedca,21.249000000000002,,,,,,,,,,,,,,,,,,,,,,,,,,,,,,,,,,,,,,,,,,,,,,,,,,,,,61.0,72.74,18.13,,,,,,,,,,6.8,7.5053,,61300.0,72200.0,93700.0,,75000.0,62500.0,,75000.0,75200.0,134000.0,885.0,880.0,0.698,722.0,887.0,wintonmercedca,Winton,Merced,CA
2493435,2012-01-31,wintonmercedca,35.4816,,,,,,,,,,,,,,,,,,,,,,,,,,,,,,,,,,,,,,,,,,,,,,,,,,,,,61.0,67.96,23.83,,,,,,,,,,6.77,7.8038,,61100.0,71900.0,94300.0,,74700.0,62300.0,,74700.0,74700.0,131100.0,881.0,875.0,0.696,719.0,884.0,wintonmercedca,Winton,Merced,CA
2493436,2012-02-29,wintonmercedca,36.3799,,,,,,,,,,,,,,,,,,,,,,,,,,,,,,,,,,,,,,,,,,,,,,,,,,,,,61.0,58.13,30.83,,,,,,,,,33.3333,6.81,7.8038,,60800.0,71700.0,94800.0,,74500.0,62200.0,,74500.0,74500.0,129300.0,877.0,872.0,0.6940000000000001,729.0,879.0,wintonmercedca,Winton,Merced,CA
2493437,2012-03-31,wintonmercedca,23.6222,,,,,,,,,,,,,,,,,,,,,,,,,,,,,,,,,,,,,,,,,,,,,,,,,,,,,61.0,54.87,32.83,,,,,,,,,,6.84,7.3348,,59700.0,70200.0,93900.0,,73500.0,61400.0,,73500.0,73500.0,127700.0,872.0,869.0,0.6940000000000001,740.0,875.0,wintonmercedca,Winton,Merced,CA
2493438,2012-04-30,wintonmercedca,15.1054,,,,,,,,,,,,,,,,,,,,,,,,,,,,,,,,,,,,,,,,,,,,,,,,,,,,,60.0,54.78,34.17,,,,,,,,,55.7692,6.85,7.3348,,59100.0,69000.0,93500.0,,73500.0,61000.0,,73500.0,73500.0,127400.0,866.0,863.0,0.6920000000000001,757.0,869.0,wintonmercedca,Winton,Merced,CA
2493439,2012-05-31,wintonmercedca,13.0912,,,,,,,,,,,,,,,,,,,,,,,,,,,,,,,,,,,,,,,,,,,,,,,,,,,,,60.0,42.57,43.13,,,,,,,,,,6.95,7.0789,,58600.0,68900.0,92900.0,,74300.0,60600.0,,74300.0,74300.0,127800.0,862.0,861.0,0.69,765.0,866.0,wintonmercedca,Winton,Merced,CA
2493440,2012-06-30,wintonmercedca,11.2932,,,,,,,,,,,,,,,,,,,,,,,,,,,,,,,,,,,,,,,,,,,,,,,,,,,,,60.0,54.83,33.09,,,,,,,,,,6.93,6.8229999999999995,,58000.0,69900.0,93300.0,,75300.0,60500.0,,75300.0,75300.0,128900.0,864.0,862.0,0.69,769.0,867.0,wintonmercedca,Winton,Merced,CA
2493441,2012-07-31,wintonmercedca,21.1935,,,,,,,,,,,,,,,,,,,,,,,,,,,,,,,,,,,,,,,,,,,,,,,,,,,,,60.0,49.52,38.65,,,,,,,,,,6.88,6.6951,,57500.0,71200.0,94900.0,,76300.0,60900.0,,76300.0,76300.0,130600.0,868.0,865.0,0.6920000000000001,767.0,871.0,wintonmercedca,Winton,Merced,CA
2493442,2012-08-31,wintonmercedca,17.0846,,,,,,,,,,,,,,,,,,,,,,,,,,,,,,,,,,,,,,,,,,,,,,,,,,,,,61.0,40.04,49.13,,,,,,,,,45.4545,6.91,6.3113,,58200.0,73600.0,97700.0,,77700.0,62000.0,,77700.0,77700.0,133700.0,872.0,869.0,0.6920000000000001,767.0,875.0,wintonmercedca,Winton,Merced,CA
2493443,2012-09-30,wintonmercedca,21.0353,,,,,,,,,,,,,,,,,,,,,,,,,,,,,,,,,,,,,,,,,,,,,,,,,,,,,63.0,30.09,60.61,,,,,,,,,40.1069,7.06,6.2392,,58800.0,75000.0,99600.0,,78800.0,62800.0,,78800.0,78800.0,134900.0,879.0,875.0,0.6940000000000001,770.0,881.0,wintonmercedca,Winton,Merced,CA
2493444,2012-10-31,wintonmercedca,28.8393,,,,,,,,,,,,,,,,,,,,,,,,,,,,,,,,,,,,,,,,,,,,,,,,,,,,,63.0,24.7,68.09,,,,,,,,,,7.12,6.3258,,59500.0,76100.0,100600.0,,80200.0,63600.0,,80200.0,80200.0,135300.0,883.0,879.0,0.696,778.0,884.0,wintonmercedca,Winton,Merced,CA
2493445,2012-11-30,wintonmercedca,19.3555,,,,,,,,,,,,,,,,,,,,,,,,,,,,,,,,,,,,,,,,,,,,,,,,,,,,,65.0,17.0,76.83,,,,,,,,,,7.27,5.8925,,61200.0,78400.0,101400.0,,82500.0,65000.0,,82500.0,82500.0,136900.0,885.0,882.0,0.696,778.0,886.0,wintonmercedca,Winton,Merced,CA
2493446,2012-12-31,wintonmercedca,17.5331,,,,,,,,,,,,,,,,,,,,,,,,,,,,,,,,,,,,,,,,,,,,,,,,,,,,,66.0,15.39,79.57,,,,,,,,,,7.45,5.9359,,63500.0,82100.0,103400.0,,85800.0,66800.0,,85800.0,85800.0,140300.0,891.0,889.0,0.7,787.0,891.0,wintonmercedca,Winton,Merced,CA
2493447,2013-01-31,wintonmercedca,13.1009,,,,,,,,,,,,,,,,,,,,,,,,,,,,,,,,,,,,,,,,,,,,,,,,,,,,,68.0,13.09,82.96,,,,,,,,,,7.58,5.9359,,65100.0,85000.0,105200.0,,88300.0,68500.0,,88300.0,88300.0,143300.0,895.0,894.0,0.7040000000000001,795.0,895.0,wintonmercedca,Winton,Merced,CA
2493448,2013-02-28,wintonmercedca,11.7365,,,,,,,,,,,,,,,,,,,,,,,,,,,,,,,,,,,,,,,,,,,,,,,,,,,,,69.0,10.26,85.61,,,,,,,,,,7.67,5.7626,,66300.0,86300.0,105400.0,,89300.0,69700.0,,89300.0,89300.0,145300.0,899.0,899.0,0.71,808.0,900.0,wintonmercedca,Winton,Merced,CA
2493449,2013-03-31,wintonmercedca,14.2884,,,,,,,,,,,,,,,,,,,,,,,,,,,,,,,,,,,,,,,,,,,,,,,,,,,,,70.0,8.04,88.57,,,,,,,,,,7.82,5.7168,,67700.0,87400.0,105200.0,,90500.0,70700.0,,90500.0,90500.0,146900.0,902.0,902.0,0.7140000000000001,819.0,903.0,wintonmercedca,Winton,Merced,CA
2493450,2013-04-30,wintonmercedca,15.7302,,,,,,,,,,,,,,,,,,,,,,,,,,,,,,,,,,,,,,,,,,,,,,,,,,,,,71.0,3.91,93.78,,,,,,,,,,8.03,5.2404,,69300.0,88300.0,106200.0,,91500.0,71600.0,,91500.0,91500.0,148400.0,904.0,904.0,0.716,820.0,905.0,wintonmercedca,Winton,Merced,CA
2493451,2013-05-31,wintonmercedca,15.9671,,,,,,,,,,,,,,,,,,,,,,,,,,,,,,,,,,,,,,,,,,,,,,,,,,,,,72.0,2.74,95.87,,,,,,,,,,8.14,5.1971,,71600.0,89400.0,109600.0,,92400.0,73400.0,,92400.0,92400.0,151000.0,903.0,903.0,0.716,810.0,905.0,wintonmercedca,Winton,Merced,CA
2493452,2013-06-30,wintonmercedca,12.2925,,,,,,,,,,,,,,,,,,,,,,,,,,,,,,,,,,,,,,,,,,,,,,,,,,,,,75.0,0.74,98.87,,,,,,,,,,8.49,5.1104,,74500.0,91300.0,114400.0,,94700.0,76000.0,,94700.0,94800.0,155700.0,903.0,902.0,0.7140000000000001,800.0,904.0,wintonmercedca,Winton,Merced,CA
2493453,2013-07-31,wintonmercedca,5.4966,,,,,,,,,,,,,,,,,,,,,,,,,,,,,,,,,,,,,,,,,,,,,,,,,,,,,77.0,0.65,99.22,,,,,,,,,,8.91,4.9565,,77000.0,93400.0,119100.0,,98700.0,78200.0,,98700.0,98700.0,160300.0,901.0,901.0,0.7120000000000001,791.0,901.0,wintonmercedca,Winton,Merced,CA
2493454,2013-08-31,wintonmercedca,,,,,,,,,,,,,,,,,,,,,,,,,,,,,,,,,,,,,,,,,,,,,,,,,,,,,,79.0,0.52,99.09,,,,,,,,,16.6667,9.19,4.8696,,78900.0,95100.0,122900.0,,102800.0,79600.0,,102800.0,102800.0,163200.0,898.0,898.0,0.71,790.0,898.0,wintonmercedca,Winton,Merced,CA
2493455,2013-09-30,wintonmercedca,,,,,,,,,,,,,,,,,,,,,,,,,,,,,,,,,,,,,,,,,,,,,,,,,,,,,,81.0,0.65,99.13,,,,,,,,,28.2531,9.36,4.7391,,81300.0,97800.0,125300.0,,106200.0,81300.0,,106200.0,106200.0,166200.0,901.0,900.0,0.71,786.0,901.0,wintonmercedca,Winton,Merced,CA
2493456,2013-10-31,wintonmercedca,2.3213,,,,,,,,,,,,,,,,,,,,,,,,,,,,,,,,,,,,,,,,,,,,,,,,,,,,,83.0,0.7,99.0,,,,,,,,,,9.65,4.4608,,84500.0,101100.0,128300.0,,109000.0,84100.0,,109000.0,109000.0,170900.0,898.0,896.0,0.71,789.0,900.0,wintonmercedca,Winton,Merced,CA
2493457,2013-11-30,wintonmercedca,,,,,,,,,,,,,,,,,,,,,,,,,,,,,,,,,,,,,,,,,,,,,,,,,,,,,,86.0,1.09,98.61,,,,,,,,,,9.96,4.3253,,87600.0,103600.0,132600.0,,111200.0,87000.0,,111200.0,111200.0,175200.0,892.0,890.0,0.708,781.0,895.0,wintonmercedca,Winton,Merced,CA
2493458,2013-12-31,wintonmercedca,5.8269,,,,,,,,,,,,,,,,,,,,,,,,,,,,,,,,,,,,,,,,,,,,,,,,,,,,,88.0,1.57,97.87,,,,,,,,,,10.11,4.5848,,89300.0,105100.0,136900.0,,113000.0,89000.0,,113000.0,113000.0,175900.0,886.0,882.0,0.706,782.0,889.0,wintonmercedca,Winton,Merced,CA
2493459,2014-01-31,wintonmercedca,6.439,,,,,,,,,,,,,,,,,,,,,,,,,,,,,,,,,,,,,,,,,,,,,,,,,,,,,88.0,1.96,97.35,,,,,,,,,,10.4,4.3685,,89500.0,106200.0,138100.0,,113700.0,89800.0,,113700.0,113700.0,173500.0,884.0,880.0,0.7040000000000001,782.0,885.0,wintonmercedca,Winton,Merced,CA
2493460,2014-02-28,wintonmercedca,6.3273,,,,,,,,,,,,,,,,,,,,,,,,,,,,,,,,,,,,,,,,,,,,,,,,,,,,,88.0,2.35,97.13,,,,,,,,,,10.67,4.0657,,89500.0,108200.0,138100.0,,114900.0,90300.0,,114900.0,114900.0,172100.0,884.0,880.0,0.7020000000000001,785.0,885.0,wintonmercedca,Winton,Merced,CA
2493461,2014-03-31,wintonmercedca,2.8106,,,,,,,,,,,,,,,,,,,,,,,,,,,,,,,,,,,,,,,,,,,,,,,,,,,,,90.0,2.61,96.7,,,,,,,,,9.0909,10.8,4.3253,,90600.0,111200.0,138900.0,,117500.0,90800.0,,117500.0,117500.0,172300.0,883.0,879.0,0.7020000000000001,787.0,885.0,wintonmercedca,Winton,Merced,CA
2493462,2014-04-30,wintonmercedca,3.4305,,,,,,,,,,,,,,,,,,,,,,,,,,,,,,,,,,,,,,,,,,,,,,,,,,,,,92.0,1.57,97.96,,,,,,,,,,10.93,4.4983,,91900.0,113800.0,140700.0,,120500.0,91700.0,,120500.0,120500.0,172500.0,883.0,879.0,0.7020000000000001,785.0,886.0,wintonmercedca,Winton,Merced,CA
2493463,2014-05-31,wintonmercedca,6.9985,,,,,,,,,,,,,,,,,,,,,,,,,,,,,,,,,,,,,,,,,,,,,,,,,,,,,94.0,1.91,97.48,,,,,,,,,,11.14,4.4118,,94000.0,116500.0,142700.0,,123500.0,94000.0,,123500.0,123500.0,173600.0,886.0,882.0,0.7040000000000001,783.0,888.0,wintonmercedca,Winton,Merced,CA
2493464,2014-06-30,wintonmercedca,6.9984,,,,,,,,,,,,,,,,,,,,,,,,,,,,,,,,,,,,,,,,,,,,,,,,,,,,,96.0,2.78,96.35,,,,,,,,,,11.35,4.3253,,96800.0,120000.0,143900.0,,126200.0,97100.0,,126200.0,126200.0,175900.0,889.0,885.0,0.708,785.0,891.0,wintonmercedca,Winton,Merced,CA
2493465,2014-07-31,wintonmercedca,7.94,,,,,,,,,,,,,,,,,,,,,,,,,,,,,,,,,,,,,,,,,,,,,,,,,,,,,97.0,3.48,95.52,,,,,,,,,16.6667,11.52,4.7145,,100200.0,123300.0,144600.0,,128100.0,99600.0,,128100.0,128100.0,178900.0,890.0,886.0,0.71,785.0,892.0,wintonmercedca,Winton,Merced,CA
2493466,2014-08-31,wintonmercedca,11.595,,,,,,,,,,,,,,,,,,,,,,,,,,,,,,,,,,,,,,,,,,,,,,,,,,,,,99.0,4.74,93.91,,,,,,,,,6.8628,11.69,4.8875,,102800.0,124700.0,146100.0,,129500.0,101400.0,,129500.0,129500.0,181700.0,889.0,886.0,0.71,787.0,891.0,wintonmercedca,Winton,Merced,CA
2493467,2014-09-30,wintonmercedca,9.5112,,,,,,,,,,,,,,,,,,,,,,,,,,,,,,,,,,,,,,,,,,,,,,,,,,,,,101.0,5.96,92.39,,,,,,,,,,11.89,4.7145,,104100.0,125500.0,148300.0,,130900.0,102800.0,,130900.0,130900.0,184100.0,897.0,894.0,0.7140000000000001,783.0,898.0,wintonmercedca,Winton,Merced,CA
2493468,2014-10-31,wintonmercedca,9.9454,,,,,,,,,,,,,,,,,,,,,,,,,,,,,,,,,,,,,,,,,,,,,,,,,,,,,102.0,8.73,89.62,,,,,,,,,,11.97,4.5848,,103700.0,126400.0,150400.0,,131300.0,103600.0,,131300.0,131300.0,185800.0,899.0,897.0,0.716,782.0,900.0,wintonmercedca,Winton,Merced,CA
2493469,2014-11-30,wintonmercedca,6.9946,,,,,,,,,,,,,,,,,,,,,,,,,,,,,,,,,,,,,,,,,,,,,,,,,,,,,103.0,10.33,87.45,,,,,,,,,,12.09,4.6713,,102100.0,126500.0,152000.0,,131100.0,103100.0,,131100.0,131000.0,188200.0,899.0,897.0,0.718,776.0,900.0,wintonmercedca,Winton,Merced,CA
2493470,2014-12-31,wintonmercedca,3.3326,,,,,,,,,,,,,,,,,,,,,,,,,,,,,,,,,,,,,,,,,,,,,,,,,,,,,104.0,12.42,85.11,,,,,,,,,,12.18,4.455,,100500.0,126000.0,152500.0,,130400.0,102900.0,,130400.0,130400.0,191100.0,901.0,899.0,0.72,773.0,901.0,wintonmercedca,Winton,Merced,CA
2493471,2015-01-31,wintonmercedca,3.0163,,,,,,,,,,,,,,,,,,,,,,,,,,,,,,,,,,,,,,,,,,,,,,,,,,,,,105.0,14.68,82.67,,,,,,,,,,12.34,4.628,,99700.0,125900.0,152300.0,,130000.0,104500.0,,130000.0,130000.0,192400.0,898.0,897.0,0.718,769.0,899.0,wintonmercedca,Winton,Merced,CA
2493472,2015-02-28,wintonmercedca,4.2161,,,,,,,,,,,,,,,,,,,,,,,,,,,,,,,,,,,,,,,,,,,,,,,,,,,,,105.0,15.63,81.85,,,,,,,,,,12.42,4.7145,,99500.0,126000.0,152300.0,,129700.0,107300.0,,129700.0,129700.0,192200.0,893.0,891.0,0.716,762.0,896.0,wintonmercedca,Winton,Merced,CA
2493473,2015-03-31,wintonmercedca,2.5105,,,,,,,,,,,,,,,,,,,,,,,,,,,,,,,,,,,,,,,,,,,,,,,,,,,,,105.0,16.8,80.37,,,,,,,,,,12.28,4.455,,98900.0,126000.0,152800.0,,129200.0,109600.0,,129200.0,129300.0,192500.0,888.0,885.0,0.7120000000000001,758.0,891.0,wintonmercedca,Winton,Merced,CA
2493474,2015-04-30,wintonmercedca,3.3696,,,,,,,,,,,,,,,,,,,,,,,,,,,,,,,,,,,,,,,,,,,,,,,,,,,,,105.0,17.19,80.08,,,,,,,,,,12.11,4.3253,,98600.0,126300.0,153600.0,,128500.0,111300.0,,128500.0,128500.0,193000.0,887.0,884.0,0.7140000000000001,761.0,889.0,wintonmercedca,Winton,Merced,CA
2493475,2015-05-31,wintonmercedca,,,,,,,,,,,,,,,,,,,,,,,,,,,,,,,,,,,,,,,,,,,,,,,,,,,,,,105.0,19.53,76.22,,,,,,,,,,12.0,4.1955,,99100.0,126900.0,155000.0,,128700.0,112500.0,,128700.0,128700.0,193600.0,890.0,888.0,0.718,774.0,892.0,wintonmercedca,Winton,Merced,CA
2493476,2015-06-30,wintonmercedca,3.0607,,,,,,,,,,,,,,,,,,,,,,,,,,,,,,,,,,,,,,,,,,,,,,,,,,,,,106.0,21.54,74.71,,,,,,,,,,11.9,4.1522,,99500.0,127800.0,156600.0,,129700.0,113500.0,,129700.0,129700.0,194600.0,901.0,900.0,0.726,797.0,903.0,wintonmercedca,Winton,Merced,CA
2493477,2015-07-31,wintonmercedca,4.4456,,,,,,,,,,,,,,,,,,,,,,,,,,,,,,,,,,,,,,,,,,,,,,,,,,,,,107.0,21.61,76.09,,,,,,,,,,11.81,3.9792,,99800.0,128800.0,157600.0,,130800.0,114900.0,,130800.0,130800.0,196100.0,915.0,913.0,0.738,824.0,918.0,wintonmercedca,Winton,Merced,CA
2493478,2015-08-31,wintonmercedca,2.6781,,,,,,,,,,,,,,,,,,,,,,,,,,,,,,,,,,,,,,,,,,,,,,,,,,,,,108.0,23.87,72.92,,,,,,,,,33.3333,11.66,4.0657,,100900.0,130500.0,157900.0,,132200.0,116700.0,,132200.0,132100.0,198000.0,934.0,931.0,0.75,846.0,937.0,wintonmercedca,Winton,Merced,CA
2493479,2015-09-30,wintonmercedca,10.1221,,,,,,,,,,,,,,,,,,,,,,,,,,,,,,,,,,,,,,,,,,,,,,,,,,,,,109.0,24.91,70.49,,,,,,,,,,11.85,4.1522,,102500.0,132900.0,158500.0,,134400.0,118800.0,,134400.0,134400.0,200000.0,951.0,947.0,0.762,854.0,953.0,wintonmercedca,Winton,Merced,CA
2493480,2015-10-31,wintonmercedca,6.4875,,,,,,,,,,,,,,,,,,,,,,,,,,,,,,,,,,,,,,,,,,,,,,,,,,,,,110.0,22.09,74.13,,,,,,,,,,12.08,4.1522,,104600.0,134800.0,159100.0,,137200.0,120600.0,,137200.0,137200.0,201200.0,956.0,954.0,0.764,857.0,958.0,wintonmercedca,Winton,Merced,CA
2493481,2015-11-30,wintonmercedca,5.0635,,,,,,,,,,,,,,,,,,,,,,,,,,,,,,,,,,,,,,,,,,,,,,,,,,,,,112.0,21.96,73.7,,,,,,,,,,12.08,4.0657,,107800.0,136500.0,159900.0,,139500.0,122100.0,,139500.0,139500.0,202100.0,953.0,951.0,0.764,850.0,955.0,wintonmercedca,Winton,Merced,CA
2493482,2015-12-31,wintonmercedca,,,,,,,,,,,,,,,,,,,,,,,,,,,,,,,,,,,,,,,,,,,,,,,,,,,,,,112.0,22.09,72.57,,,,,,,,,9.0909,12.47,4.1522,,110500.0,137900.0,160600.0,,140800.0,122600.0,,140800.0,140800.0,201500.0,954.0,953.0,0.764,849.0,956.0,wintonmercedca,Winton,Merced,CA
2493483,2016-01-31,wintonmercedca,,,,,,,,,,,,,,,,,,,,,,,,,,,,,,,,,,,,,,,,,,,,,,,,,,,,,,113.0,20.12,73.63,,,,,,,,,,12.03,4.0657,,112300.0,138900.0,160900.0,,141300.0,122500.0,,141300.0,141400.0,199500.0,965.0,962.0,0.772,850.0,967.0,wintonmercedca,Winton,Merced,CA
2493484,2016-02-29,wintonmercedca,,,,,,,,,,,,,,,,,,,,,,,,,,,,,,,,,,,,,,,,,,,,,,,,,,,,,,113.0,17.52,75.89,,,,,,,,,14.9184,11.68,4.282,,113200.0,139400.0,161600.0,,141700.0,122700.0,,141700.0,141700.0,197900.0,987.0,983.0,0.7859999999999999,852.0,990.0,wintonmercedca,Winton,Merced,CA
2493485,2016-03-31,wintonmercedca,,,,,,,,,,,,,,,,,,,,,,,,,,,,,,,,,,,,,,,,,,,,,,,,,,,,,,114.0,15.52,78.45,,,,,,,,,,11.55,4.282,,113700.0,140900.0,163700.0,,142600.0,124000.0,,142600.0,142600.0,197600.0,1016.0,1011.0,0.804,858.0,1018.0,wintonmercedca,Winton,Merced,CA
2493486,2016-04-30,wintonmercedca,,,,,,,,,,,,,,,,,,,,,,,,,,,,,,,,,,,,,,,,,,,,,,,,,,,,,,116.0,15.74,78.62,,,,,,,,,,11.66,4.1522,,114600.0,142700.0,167100.0,,143900.0,126100.0,,143900.0,144000.0,197700.0,1033.0,1030.0,0.816,868.0,1035.0,wintonmercedca,Winton,Merced,CA
2493487,2016-05-31,wintonmercedca,,,,,,,,,,,,,,,,,,,,,,,,,,,,,,,,,,,,,,,,,,,,,,,,,,,,,,119.0,11.71,83.91,,,,,,,,,,12.14,4.282,,117300.0,144600.0,169100.0,,145900.0,129000.0,,145900.0,145900.0,198900.0,1042.0,1038.0,0.8220000000000001,882.0,1044.0,wintonmercedca,Winton,Merced,CA
2493488,2016-06-30,wintonmercedca,,,,,,,,,,,,,,,,,,,,,,,,,,,,,,,,,,,,,,,,,,,,,,,,,,,,,,120.0,11.84,84.69,,,,,,,,,,12.31,4.282,,120800.0,145900.0,168700.0,,147700.0,131600.0,,147700.0,147700.0,201700.0,1040.0,1037.0,0.8220000000000001,894.0,1042.0,wintonmercedca,Winton,Merced,CA
2493489,2016-07-31,wintonmercedca,2.592,,,,,,,,,,,,,,,,,,,,,,,,,,,,,,,,,,,,,,,,,,,,,,,,,,,,,121.0,9.67,86.95,,,,,,,,,,12.4,4.109,,124400.0,146700.0,167200.0,,148600.0,134000.0,,148600.0,148600.0,205200.0,1033.0,1029.0,0.82,903.0,1034.0,wintonmercedca,Winton,Merced,CA
2493490,2016-08-31,wintonmercedca,,,,,,,,,,,,,,,,,,,,,,,,,,,,,,,,,,,,,,,,,,,,,,,,,,,,,,122.0,7.33,89.25,,,,,,,,,,12.56,3.7197,,127800.0,148400.0,167000.0,,150200.0,137100.0,,150200.0,150200.0,208300.0,1017.0,1014.0,0.816,905.0,1020.0,wintonmercedca,Winton,Merced,CA
2493491,2016-09-30,wintonmercedca,,,,,,,,,,,,,,,,,,,,,,,,,,,,,,,,,,,,,,,,,,,,,,,,,,,,,,125.0,6.59,90.24,,,,,,,,,,12.74,3.7197,,131100.0,151600.0,168200.0,,153400.0,141000.0,,153400.0,153400.0,211400.0,1012.0,1009.0,0.818,909.0,1015.0,wintonmercedca,Winton,Merced,CA
2493492,2016-10-31,wintonmercedca,,,,,,,,,,,,,,,,,,,,,,,,,,,,,,,,,,,,,,,,,,,,,,,,,,,,,,126.0,4.99,92.8,,,,,,,,,,12.91,3.417,,133600.0,154300.0,169600.0,,156400.0,143900.0,,156400.0,156400.0,213100.0,1009.0,1006.0,0.818,916.0,1012.0,wintonmercedca,Winton,Merced,CA
2493493,2016-11-30,wintonmercedca,,,,,,,,,,,,,,,,,,,,,,,,,,,,,,,,,,,,,,,,,,,,,,,,,,,,,,128.0,3.12,95.32,,,,,,,,,,12.95,3.3304,,134600.0,156400.0,170700.0,,159100.0,145500.0,,159100.0,159100.0,214400.0,1015.0,1012.0,0.8220000000000001,931.0,1017.0,wintonmercedca,Winton,Merced,CA
2493494,2016-12-31,wintonmercedca,,,,,,,,,,,,,,,,,,,,,,,,,,,,,,,,,,,,,,,,,,,,,,,,,,,,,,131.0,2.82,95.71,,,,,,,,,,12.97,3.2007,,134900.0,159400.0,172400.0,,162300.0,146400.0,,162300.0,162300.0,217100.0,1028.0,1026.0,0.83,946.0,1030.0,wintonmercedca,Winton,Merced,CA
2493495,2017-01-31,wintonmercedca,2.5747,,,,,,,,,,,,,,,,,,,,,,,,,,,,,,,,,,,,,,,,,,,,,,,,,,,,,133.0,2.3,96.66,,,,,,,,,,12.99,3.1574,,134900.0,162500.0,175300.0,,165500.0,147900.0,,165500.0,165500.0,221700.0,1043.0,1041.0,0.84,968.0,1044.0,wintonmercedca,Winton,Merced,CA
2493496,2017-02-28,wintonmercedca,4.1225,,,,,,,,,,,,,,,,,,,,,,,,,,,,,,,,,,,,,,,,,,,,,,,,,,,,,135.0,2.25,96.7,,,,,,,,,,13.02,2.8547,,135900.0,164300.0,179100.0,,168100.0,149400.0,,168100.0,168100.0,226000.0,1055.0,1053.0,0.852,989.0,1056.0,wintonmercedca,Winton,Merced,CA
2493497,2017-03-31,wintonmercedca,7.5326,,,,,,,,,,,,,,,,,,,,,,,,,,,,,,,,,,,,,,,,,,,,,,,,,,,,,135.0,2.12,96.7,,,,,,,,,,12.97,3.0709,,138600.0,165300.0,181700.0,,169700.0,150800.0,,169700.0,169700.0,230400.0,1068.0,1066.0,0.8640000000000001,1015.0,1068.0,wintonmercedca,Winton,Merced,CA
2493498,2017-04-30,wintonmercedca,4.2913,,,,,,,,,,,,,,,,,,,,,,,,,,,,,,,,,,,,,,,,,,,,,,,,,,,,,136.0,1.6,97.18,,,,,,,,,,13.05,3.2007,,141500.0,167300.0,182200.0,,171300.0,152300.0,,171300.0,171300.0,235400.0,1083.0,1082.0,0.872,1027.0,1084.0,wintonmercedca,Winton,Merced,CA
2493499,2017-05-31,wintonmercedca,,,,,,,,,,,,,,,,,,,,,,,,,,,,,,,,,,,,,,,,,,,,,,,,,,,,,,139.0,1.17,97.4,,,,,,,,,,13.18,2.9844,,143600.0,170300.0,182800.0,,173800.0,153900.0,,173800.0,173900.0,239900.0,1094.0,1092.0,0.878,1031.0,1094.0,wintonmercedca,Winton,Merced,CA
2493500,2017-06-30,wintonmercedca,,,,,,,,,,,,,,,,,,,,,,,,,,,,,,,,,,,,,,,,,,,,,,,,,,,,,,141.0,1.6,97.57,,,,,,,,,,13.11,2.7249,,145700.0,173200.0,184600.0,,176400.0,154900.0,,176400.0,176400.0,243800.0,1104.0,1102.0,0.884,1024.0,1104.0,wintonmercedca,Winton,Merced,CA
2493501,2017-07-31,wintonmercedca,,,,,,,,,,,,,,,,,,,,,,,,,,,,,,,,,,,,,,,,,,,,,,,,,,,,,,143.0,1.47,97.75,,,,,,,,,,13.18,2.5952,,147900.0,177000.0,186900.0,,179500.0,155400.0,,179500.0,179500.0,248500.0,1116.0,1114.0,0.892,1018.0,1116.0,wintonmercedca,Winton,Merced,CA
2493502,2017-08-31,wintonmercedca,,,,,,,,,,,,,,,,,,,,,,,,,,,,,,,,,,,,,,,,,,,,,,,,,,,,,,145.0,1.17,98.48,,,,,,,,,,13.35,2.2924,,149500.0,181000.0,189300.0,,182900.0,155600.0,,182900.0,182900.0,252900.0,1129.0,1126.0,0.9,1013.0,1130.0,wintonmercedca,Winton,Merced,CA
2795991,1997-08-31,le_grandmercedca,,,,,,,,,,,,,,,,,,,,,,,,,,,,,,,,,,,,,,,,,,,,,,,,,,,,,,,,,,,,,,,,,,,,,,,,,,,,,,102900.0,,,,,,le_grandmercedca,Le Grand,Merced,CA
2795992,1997-09-30,le_grandmercedca,,,,,,,,,,,,,,,,,,,,,,,,,,,,,,,,,,,,,,,,,,,,,,,,,,,,,,,,,,,,,,,,,,,,,,,,,,,,,,102400.0,,,,,,le_grandmercedca,Le Grand,Merced,CA
2795993,1997-10-31,le_grandmercedca,,,,,,,,,,,,,,,,,,,,,,,,,,,,,,,,,,,,,,,,,,,,,,,,,,,,,,,,,,,,,,,,,,,,,,,,,,,,,,103200.0,,,,,,le_grandmercedca,Le Grand,Merced,CA
2795994,1997-11-30,le_grandmercedca,,,,,,,,,,,,,,,,,,,,,,,,,,,,,,,,,,,,,,,,,,,,,,,,,,,,,,,,,,,,,,,,,,,,,,,,,,,,,,104000.0,,,,,,le_grandmercedca,Le Grand,Merced,CA
2795995,1997-12-31,le_grandmercedca,,,,,,,,,,,,,,,,,,,,,,,,,,,,,,,,,,,,,,,,,,,,,,,,,,,,,,,,,,,,,,,,,,,,,,,,,,,,,,104900.0,,,,,,le_grandmercedca,Le Grand,Merced,CA
2795996,1998-01-31,le_grandmercedca,,,,,,,,,,,,,,,,,,,,,,,,,,,,,,,,,,,,,,,,,,,,,,,,,,,,,,,,,,,,,,,,,,,3.1297,,,,,,,,,,,106500.0,,,,,,le_grandmercedca,Le Grand,Merced,CA
2795997,1998-02-28,le_grandmercedca,,,,,,,,,,,,,,,,,,,,,,,,,,,,,,,,,,,,,,,,,,,,,,,,,,,,,,,,,,,,,,,,,,,3.2787,,,,,,,,,,,109400.0,,,,,,le_grandmercedca,Le Grand,Merced,CA
2795998,1998-03-31,le_grandmercedca,8.2508,,,,,,,,,,,,,,,,,,,,,,,,,,,,,,,,,,,,,,,,,,,,,,,,,,,,,,,,,,,,,,,,,,4.1729,,,,,,,,,,,113100.0,,,,,,le_grandmercedca,Le Grand,Merced,CA
2795999,1998-04-30,le_grandmercedca,,,,,,,,,,,,,,,,,,,,,,,,,,,,,,,,,,,,,,,,,,,,,,,,,,,,,,,,,,,,,,,,,,,3.8748,,,,,,,,,,,112300.0,,,,,,le_grandmercedca,Le Grand,Merced,CA
2796000,1998-05-31,le_grandmercedca,,,,,,,,,,,,,,,,,,,,,,,,,,,,,,,,,,,,,,,,,,,,,,,,,,,,,,,,,,,,,,,,,,,4.0238,,,,,,,,,,,,,,,,,le_grandmercedca,Le Grand,Merced,CA
2796001,1998-06-30,le_grandmercedca,,,,,,,,,,,,,,,,,,,,,,,,,,,,,,,,,,,,,,,,,,,,,,,,,,,,,,,,,,,,,,,,,,,4.3219,,,,,,,,,,,,,,,,,le_grandmercedca,Le Grand,Merced,CA
2796002,1998-07-31,le_grandmercedca,,,,,,,,,,,,,,,,,,,,,,,,,,,,,,,,,,,,,,,,,,,,,,,,,,,,,,,,,,,,,,,,,,,4.62,,,,,,,,,,,108100.0,,,,,,le_grandmercedca,Le Grand,Merced,CA
2796003,1998-08-31,le_grandmercedca,19.084,,,,,,,,,,,,,,,,,,,,,,,,,,,,,,,,,,,,,,,,,,,,,,,,,,,,,,,,,,,,,,,,,,4.769,,,,,,,,,,,106500.0,,,,,,le_grandmercedca,Le Grand,Merced,CA
2796004,1998-09-30,le_grandmercedca,,,,,,,,,,,,,,,,,,,,,,,,,,,,,,,,,,,,,,,,,,,,,,,,,,,,,,,,,,,,,,,,,,,4.62,,,,,,,,,,,106700.0,,,,,,le_grandmercedca,Le Grand,Merced,CA
2796005,1998-10-31,le_grandmercedca,,,,,,,,,,,,,,,,,,,,,,,,,,,,,,,,,,,,,,,,,,,,,,,,,,,,,,,,,,,,,,,,,,,4.0238,,,,,,,,,,,105200.0,,,,,,le_grandmercedca,Le Grand,Merced,CA
2796006,1998-11-30,le_grandmercedca,,,,,,,,,,,,,,,,,,,,,,,,,,,,,,,,,,,,,,,,,,,,,,,,,,,,,,,,,,,,,,,,,,,3.7258,,,,,,,,,,,103200.0,,,,,,le_grandmercedca,Le Grand,Merced,CA
2796007,1998-12-31,le_grandmercedca,,,,,,,,,,,,,,,,,,,,,,,,,,,,,,,,,,,,,,,,,,,,,,,,,,,,,,,,,,,,,,,,,,,3.8748,,,,,,,,,,,101200.0,,,,,,le_grandmercedca,Le Grand,Merced,CA
2796008,1999-01-31,le_grandmercedca,25.641,,,,,,,,,,,,,,,,,,,,,,,,,,,,,,,,,,,,,,,,,,,,,,,,,,,,,,,,,,,,,,,,,,3.7258,,,,,,,,,,,100200.0,,,,,,le_grandmercedca,Le Grand,Merced,CA
2796009,1999-02-28,le_grandmercedca,37.0327,,,,,,,,,,,,,,,,,,,,,,,,,,,,,,,,,,,,,,,,,,,,,,,,,,,,,,,,,,,,,,,,,,3.5768,,,,,,,,,,,100800.0,,,,,,le_grandmercedca,Le Grand,Merced,CA
2796010,1999-03-31,le_grandmercedca,21.0511,,,,,,,,,,,,,,,,,,,,,,,,,,,,,,,,,,,,,,,,,,,,,,,,,,,,,,,,,,,,,,,,,,2.9806,,,,,,,,,,,101700.0,,,,,,le_grandmercedca,Le Grand,Merced,CA
2796011,1999-04-30,le_grandmercedca,20.3451,,,,,,,,,,,,,,,,,,,,,,,,,,,,,,,,,,,,,,,,,,,,,,,,,,,,,,,,,,,,,,,,,,3.2787,,,,,,,,,,,102000.0,,,,,,le_grandmercedca,Le Grand,Merced,CA
2796012,1999-05-31,le_grandmercedca,,,,,,,,,,,,,,,,,,,,,,,,,,,,,,,,,,,,,,,,,,,,,,,,,,,,,,,,,,,,,,,,,,,3.1297,,,,,,,,,,,102100.0,,,,,,le_grandmercedca,Le Grand,Merced,CA
2796013,1999-06-30,le_grandmercedca,,,,,,,,,,,,,,,,,,,,,,,,,,,,,,,,,,,,,,,,,,,,,,,,,,,,,,,,,,,,,,,,,,,2.6826,,,,,,,,,,,102800.0,,,,,,le_grandmercedca,Le Grand,Merced,CA
2796014,1999-07-31,le_grandmercedca,,,,,,,,,,,,,,,,,,,,,,,,,,,,,,,,,,,,,,,,,,,,,,,,,,,,,,,,,,,,,,,,,,,2.3845,,,,,,,,,,,103700.0,,,,,,le_grandmercedca,Le Grand,Merced,CA
2796015,1999-08-31,le_grandmercedca,,,,,,,,,,,,,,,,,,,,,,,,,,,,,,,,,,,,,,,,,,,,,,,,,,,,,,,,,,,,,,,,,,,2.5335,,,,,,,,,,,103700.0,,,,,,le_grandmercedca,Le Grand,Merced,CA
2796016,1999-09-30,le_grandmercedca,21.4685,,,,,,,,,,,,,,,,,,,,,,,,,,,,,,,,,,,,,,,,,,,,,,,,,,,,,,,,,,,,,,,,,,3.1297,,,,,,,,,,,104300.0,,,,,,le_grandmercedca,Le Grand,Merced,CA
2796017,1999-10-31,le_grandmercedca,,,,,,,,,,,,,,,,,,,,,,,,,,,,,,,,,,,,,,,,,,,,,,,,,,,,,,,,,,,,,,,,,,,2.8316,,,,,,,,,,,106900.0,,,,,,le_grandmercedca,Le Grand,Merced,CA
2796018,1999-11-30,le_grandmercedca,28.1461,,,,,,,,,,,,,,,,,,,,,,,,,,,,,,,,,,,,,,,,,,,,,,,,,,,,,,,,,,,,,,,,,,2.9806,,,,,,,,,,,109800.0,,,,,,le_grandmercedca,Le Grand,Merced,CA
2796019,1999-12-31,le_grandmercedca,,,,,,,,,,,,,,,,,,,,,,,,,,,,,,,,,,,,,,,,,,,,,,,,,,,,,,,,,,,,,,,,,,,2.8316,,,,,,,,,,,112200.0,,,,,,le_grandmercedca,Le Grand,Merced,CA
2796020,2000-01-31,le_grandmercedca,,,,,,,,,,,,,,,,,,,,,,,,,,,,,,,,,,,,,,,,,,,,,,,,,,,,,,,,,,,,,,,,,,,2.6826,,,,,,,,,,,114000.0,,,,,,le_grandmercedca,Le Grand,Merced,CA
2796021,2000-02-29,le_grandmercedca,19.084,,,,,,,,,,,,,,,,,,,,,,,,,,,,,,,,,,,,,,,,,,,,,,,,,,,,,,,,,,,,,,,,,,3.1297,,,,,,,,,,,116300.0,,,,,,le_grandmercedca,Le Grand,Merced,CA
2796022,2000-03-31,le_grandmercedca,,,,,,,,,,,,,,,,,,,,,,,,,,,,,,,,,,,,,,,,,,,,,,,,,,,,,,,,,,,,,,,,,,,2.6826,,,,,,,,,,,118600.0,,,,,,le_grandmercedca,Le Grand,Merced,CA
2796023,2000-04-30,le_grandmercedca,67.5279,,,,,,,,,,,,,,,,,,,,,,,,,,,,,,,,,,,,,,,,,,,,,,,,,,,,,,,,,,,,,,,,,,2.3845,,,,,,,,,,,120500.0,,,,,,le_grandmercedca,Le Grand,Merced,CA
2796024,2000-05-31,le_grandmercedca,31.4324,,,,,,,,,,,,,,,,,,,,,,,,,,,,,,,,,,,,,,,,,,,,,,,,,,,,,,,,,,,,,,,,,,2.9806,,,,,,,,,,,121100.0,,,,,,le_grandmercedca,Le Grand,Merced,CA
2796025,2000-06-30,le_grandmercedca,,,,,,,,,,,,,,,,,,,,,,,,,,,,,,,,,,,,,,,,,,,,,,,,,,,,,,,,,,,,,,,,,,,3.1297,,,,,,,,,,,120900.0,,,,,,le_grandmercedca,Le Grand,Merced,CA
2796026,2000-07-31,le_grandmercedca,,,,,,,,,,,,,,,,,,,,,,,,,,,,,,,,,,,,,,,,,,,,,,,,,,,,,,,,,,,,,,,,,,,3.1297,,,,,,,,,,,119700.0,,,,,,le_grandmercedca,Le Grand,Merced,CA
2796027,2000-08-31,le_grandmercedca,,,,,,,,,,,,,,,,,,,,,,,,,,,,,,,,,,,,,,,,,,,,,,,,,,,,,,,,,,,,,,,,,,,2.8316,,,,,,,,,,,119300.0,,,,,,le_grandmercedca,Le Grand,Merced,CA
2796028,2000-09-30,le_grandmercedca,,,,,,,,,,,,,,,,,,,,,,,,,,,,,,,,,,,,,,,,,,,,,,,,,,,,,,,,,,,,,,,,,,,2.3845,,,,,,,,,,,120200.0,,,,,,le_grandmercedca,Le Grand,Merced,CA
2796029,2000-10-31,le_grandmercedca,22.4517,,,,,,,,,,,,,,,,,,,,,,,,,,,,,,,,,,,,,,,,,,,,,,,,,,,,,,,,,,,,,,,,,,2.3845,,,,,,,,,,,120900.0,,,,,,le_grandmercedca,Le Grand,Merced,CA
2796030,2000-11-30,le_grandmercedca,83.7813,,,,,,,,,,,,,,,,,,,,,,,,,,,,,,,,,,,,,,,,,,,,,,,,,,,,,,,,,,,,,,,,,,2.2355,,,,,,,,,,,120300.0,,,,,,le_grandmercedca,Le Grand,Merced,CA
2796031,2000-12-31,le_grandmercedca,85.051,,,,,,,,,,,,,,,,,,,,,,,,,,,,,,,,,,,,,,,,,,,,,,,,,,,,,,,,,,,,,,,,,,2.5335,,,,,,,,,,,119800.0,,,,,,le_grandmercedca,Le Grand,Merced,CA
2796032,2001-01-31,le_grandmercedca,42.1478,,,,,,,,,,,,,,,,,,,,,,,,,,,,,,,,,,,,,,,,,,,,,,,,,,,,,,,,,,,,,,,,,,2.5335,,,,,,,,,,,119800.0,,,,,,le_grandmercedca,Le Grand,Merced,CA
2796033,2001-02-28,le_grandmercedca,,,,,,,,,,,,,,,,,,,,,,,,,,,,,,,,,,,,,,,,,,,,,,,,,,,,,,,,,,,,,,,,,,,2.6826,,,,,,,,,,,119100.0,,,,,,le_grandmercedca,Le Grand,Merced,CA
2796034,2001-03-31,le_grandmercedca,416.6667,,,,,,,,,,,,,,,,,,,,,,,,,,,,,,,,,,,,,,,,,,,,,,,,,,,,,,,,,,,,,,,,,,2.8316,,,,,,,,,,,118300.0,,,,,,le_grandmercedca,Le Grand,Merced,CA
2796035,2001-04-30,le_grandmercedca,310.7506,,,,,,,,,,,,,,,,,,,,,,,,,,,,,,,,,,,,,,,,,,,,,,,,,,,,,,,,,,,,,,,,,,2.9806,,,,,,,,,,,117300.0,,,,,,le_grandmercedca,Le Grand,Merced,CA
2796036,2001-05-31,le_grandmercedca,147.9008,,,,,,,,,,,,,,,,,,,,,,,,,,,,,,,,,,,,,,,,,,,,,,,,,,,,,,,,,,,,,,,,,,3.1297,,,,,,,,,,,117600.0,,,,,,le_grandmercedca,Le Grand,Merced,CA
2796037,2001-06-30,le_grandmercedca,27.0245,,,,,,,,,,,,,,,,,,,,,,,,,,,,,,,,,,,,,,,,,,,,,,,,,,,,,,,,,,,,,,,,,,3.1297,,,,,,,,,,,118200.0,,,,,,le_grandmercedca,Le Grand,Merced,CA
2796038,2001-07-31,le_grandmercedca,13.0965,,,,,,,,,,,,,,,,,,,,,,,,,,,,,,,,,,,,,,,,,,,,,,,,,,,,,,,,,,,,,,,,,,3.5768,,,,,,,,,,,118600.0,,,,,,le_grandmercedca,Le Grand,Merced,CA
2796039,2001-08-31,le_grandmercedca,,,,,,,,,,,,,,,,,,,,,,,,,,,,,,,,,,,,,,,,,,,,,,,,,,,,,,,,,,,,,,,,,,,3.5768,,,,,,,,,,,119300.0,,,,,,le_grandmercedca,Le Grand,Merced,CA
2796040,2001-09-30,le_grandmercedca,,,,,,,,,,,,,,,,,,,,,,,,,,,,,,,,,,,,,,,,,,,,,,,,,,,,,,,,,,,,,,,,,,,3.8748,,,,,,,,,,,119100.0,,,,,,le_grandmercedca,Le Grand,Merced,CA
2796041,2001-10-31,le_grandmercedca,,,,,,,,,,,,,,,,,,,,,,,,,,,,,,,,,,,,,,,,,,,,,,,,,,,,,,,,,,,,,,,,,,,3.8748,,,,,,,,,,,117800.0,,,,,,le_grandmercedca,Le Grand,Merced,CA
2796042,2001-11-30,le_grandmercedca,,,,,,,,,,,,,,,,,,,,,,,,,,,,,,,,,,,,,,,,,,,,,,,,,,,,,,,,,,,,,,,,,,,3.7258,,,,,,,,,,,118400.0,,,,,,le_grandmercedca,Le Grand,Merced,CA
2796043,2001-12-31,le_grandmercedca,,,,,,,,,,,,,,,,,,,,,,,,,,,,,,,,,,,,,,,,,,,,,,,,,,,,,,,,,,,,,,,,,,,3.5768,,,,,,,,,,,120600.0,,,,,,le_grandmercedca,Le Grand,Merced,CA
2796044,2002-01-31,le_grandmercedca,14.243,,,,,,,,,,,,,,,,,,,,,,,,,,,,,,,,,,,,,,,,,,,,,,,,,,,,,,,,,,,,,,,,,,3.7258,,,,,,,,,,,122400.0,,,,,,le_grandmercedca,Le Grand,Merced,CA
2796045,2002-02-28,le_grandmercedca,,,,,,,,,,,,,,,,,,,,,,,,,,,,,,,,,,,,,,,,,,,,,,,,,,,,,,,,,,,,,,,,,,,3.2787,,,,,,,,,,,123600.0,,,,,,le_grandmercedca,Le Grand,Merced,CA
2796046,2002-03-31,le_grandmercedca,,,,,,,,,,,,,,,,,,,,,,,,,,,,,,,,,,,,,,,,,,,,,,,,,,,,,,,,,,,,,,,,,,,3.1297,,,,,,,,,,,124400.0,,,,,,le_grandmercedca,Le Grand,Merced,CA
2796047,2002-04-30,le_grandmercedca,,,,,,,,,,,,,,,,,,,,,,,,,,,,,,,,,,,,,,,,,,,,,,,,,,,,,,,,,,,,,,,,,,,2.8316,,,,,,,,,,,125800.0,,,,,,le_grandmercedca,Le Grand,Merced,CA
2796048,2002-05-31,le_grandmercedca,29.2398,,,,,,,,,,,,,,,,,,,,,,,,,,,,,,,,,,,,,,,,,,,,,,,,,,,,,,,,,,,,,,,,,,2.5335,,,,,,,,,,,127900.0,,,,,,le_grandmercedca,Le Grand,Merced,CA
2796049,2002-06-30,le_grandmercedca,56.9434,,,,,,,,,,,,,,,,,,,,,,,,,,,,,,,,,,,,,,,,,,,,,,,,,,,,,,,,,,,,,,,,,,3.2787,,,,,,,,,,,131200.0,,,,,,le_grandmercedca,Le Grand,Merced,CA
2796050,2002-07-31,le_grandmercedca,31.1035,,,,,,,,,,,,,,,,,,,,,,,,,,,,,,,,,,,,,,,,,,,,,,,,,,,,,,,,,,,,,,,,,,2.9806,,,,,,,,,,,135400.0,,,,,,le_grandmercedca,Le Grand,Merced,CA
2796051,2002-08-31,le_grandmercedca,,,,,,,,,,,,,,,,,,,,,,,,,,,,,,,,,,,,,,,,,,,,,,,,,,,,,,,,,,,,,,,,,,,2.9806,,,,,,,,,,,139900.0,,,,,,le_grandmercedca,Le Grand,Merced,CA
2796052,2002-09-30,le_grandmercedca,,,,,,,,,,,,,,,,,,,,,,,,,,,,,,,,,,,,,,,,,,,,,,,,,,,,,,,,,,,,,,,,,,,2.8316,,,,,,,,,,,143900.0,,,,,,le_grandmercedca,Le Grand,Merced,CA
2796053,2002-10-31,le_grandmercedca,,,,,,,,,,,,,,,,,,,,,,,,,,,,,,,,,,,,,,,,,,,,,,,,,,,,,,,,,,,,,,,,,,,2.8316,,,,,,,,,,,148900.0,,,,,,le_grandmercedca,Le Grand,Merced,CA
2796054,2002-11-30,le_grandmercedca,,,,,,,,,,,,,,,,,,,,,,,,,,,,,,,,,,,,,,,,,,,,,,,,,,,,,,,,,,,,,,,,,,,2.9806,,,,,,,,,,,155700.0,,,,,,le_grandmercedca,Le Grand,Merced,CA
2796055,2002-12-31,le_grandmercedca,,,,,,,,,,,,,,,,,,,,,,,,,,,,,,,,,,,,,,,,,,,,,,,,,,,,,,,,,,,,,,,,,,,2.9806,,,,,,,,,,,163600.0,,,,,,le_grandmercedca,Le Grand,Merced,CA
2796056,2003-01-31,le_grandmercedca,,,,,,,,,,,,,,,,,,,,,,,,,,,,,,,,,,,,,,,,,,,,,,,,,,,,,,,,,,,,,,,,,,,2.8316,,,,,,,,,,,170600.0,,,,,,le_grandmercedca,Le Grand,Merced,CA
2796057,2003-02-28,le_grandmercedca,,,,,,,,,,,,,,,,,,,,,,,,,,,,,,,,,,,,,,,,,,,,,,,,,,,,,,,,,,,,,,,,,,,2.9806,,,,,,,,,,,173300.0,,,,,,le_grandmercedca,Le Grand,Merced,CA
2796058,2003-03-31,le_grandmercedca,,,,,,,,,,,,,,,,,,,,,,,,,,,,,,,,,,,,,,,,,,,,,,,,,,,,,,,,,,,,,,,,,,,3.2787,,,,,,,,,,,174700.0,,,,,,le_grandmercedca,Le Grand,Merced,CA
2796059,2003-04-30,le_grandmercedca,,,,,,,,,,,,,,,,,,,,,,,,,,,,,,,,,,,,,,,,,,,,,,,,,,,,,,,,,,,,,,,,,,,3.1297,,,,,,,,,,,178000.0,,,,,,le_grandmercedca,Le Grand,Merced,CA
2796060,2003-05-31,le_grandmercedca,,,,,,,,,,,,,,,,,,,,,,,,,,,,,,,,,,,,,,,,,,,,,,,,,,,,,,,,,,,,,,,,,,,3.1297,,,,,,,,,,,184500.0,,,,,,le_grandmercedca,Le Grand,Merced,CA
2796061,2003-06-30,le_grandmercedca,,,,,,,,,,,,,,,,,,,,,,,,,,,,,,,,,,,,,,,,,,,,,,,,,,,,,,,,,,,,,,,,,,,2.5335,,,,,,,,,,,188400.0,,,,,,le_grandmercedca,Le Grand,Merced,CA
2796062,2003-07-31,le_grandmercedca,,,,,,,,,,,,,,,,,,,,,,,,,,,,,,,,,,,,,,,,,,,,,,,,,,,,,,,,,,,,,,,,,,,2.5335,,,,,,,,,,,189800.0,,,,,,le_grandmercedca,Le Grand,Merced,CA
2796063,2003-08-31,le_grandmercedca,,,,,,,,,,,,,,,,,,,,,,,,,,,,,,,,,,,,,,,,,,,,,,,,,,,,,,,,,,,,,,,,,,,2.6826,,,,,,,,,,,189300.0,,,,,,le_grandmercedca,Le Grand,Merced,CA
2796064,2003-09-30,le_grandmercedca,,,,,,,,,,,,,,,,,,,,,,,,,,,,,,,,,,,,,,,,,,,,,,,,,,,,,,,,,,,,,,,,,,,2.6826,,,,,,,,,,,188900.0,,,,,,le_grandmercedca,Le Grand,Merced,CA
2796065,2003-10-31,le_grandmercedca,,,,,,,,,,,,,,,,,,,,,,,,,,,,,,,,,,,,,,,,,,,,,,,,,,,,,,,,,,,,,,,,,,,2.6826,,,,,,,,,,,188100.0,,,,,,le_grandmercedca,Le Grand,Merced,CA
2796066,2003-11-30,le_grandmercedca,,,,,,,,,,,,,,,,,,,,,,,,,,,,,,,,,,,,,,,,,,,,,,,,,,,,,,,,,,,,,,,,,,,3.1297,,,,,,,,,,,186400.0,,,,,,le_grandmercedca,Le Grand,Merced,CA
2796067,2003-12-31,le_grandmercedca,,,,,,,,,,,,,,,,,,,,,,,,,,,,,,,,,,,,,,,,,,,,,,,,,,,,,,,,,,,,,,,,,,,3.1297,,,,,,,,,,,183100.0,,,,,,le_grandmercedca,Le Grand,Merced,CA
2796068,2004-01-31,le_grandmercedca,22.4922,,,,,,,,,,,,,,,,,,,,,,,,,,,,,,,,,,,,,,,,,,,,,,,,,,,,,,,,,,,,,,,,,,3.2787,,,,,,,,,,,181500.0,,,,,,le_grandmercedca,Le Grand,Merced,CA
2796069,2004-02-29,le_grandmercedca,26.4222,,,,,,,,,,,,,,,,,,,,,,,,,,,,,,,,,,,,,,,,,,,,,,,,,,,,,,,,,,,,,,,,,,4.0238,,,,,,,,,,,184600.0,,,,,,le_grandmercedca,Le Grand,Merced,CA
2796070,2004-03-31,le_grandmercedca,12.9434,,,,,,,,,,,,,,,,,,,,,,,,,,,,,,,,,,,,,,,,,,,,,,,,,,,,,,,,,,,,,,,,,,4.0238,,,,,,,,,,,191100.0,,,,,,le_grandmercedca,Le Grand,Merced,CA
2796071,2004-04-30,le_grandmercedca,,,,,,,,,,,,,,,,,,,,,,,,,,,,,,,,,,,,,,,,,,,,,,,,,,,,,,,,,,,,,,,,,,,4.3219,,,,,,,,,,,194800.0,,,,,,le_grandmercedca,Le Grand,Merced,CA
2796072,2004-05-31,le_grandmercedca,,,,,,,,,,,,,,,,,,,,,,,,,,,,,,,,,,,,,,,,,,,,,,,,,,,,,,,,,,,,,,,,,,,4.3219,,,,,,,,,,,193200.0,,,,,,le_grandmercedca,Le Grand,Merced,CA
2796073,2004-06-30,le_grandmercedca,26.8962,,,,,,,,,,,,,,,,,,,,,,,,,,,,,,,,,,,,,,,,,,,,,,,,,,,,,,,,,,,,,,,,,,4.918,,,,,,,,,,,194600.0,,,,,,le_grandmercedca,Le Grand,Merced,CA
2796074,2004-07-31,le_grandmercedca,,,,,,,,,,,,,,,,,,,,,,,,,,,,,,,,,,,,,,,,,,,,,,,,,,,,,,,,,,,,,,,,,,,5.0671,,,,,,,,,,,201500.0,,,,,,le_grandmercedca,Le Grand,Merced,CA
2796075,2004-08-31,le_grandmercedca,,,,,,,,,,,,,,,,,,,,,,,,,,,,,,,,,,,,,,,,,,,,,,,,,,,,,,,,,,,,,,,,,,,5.0671,,,,,,,,,,,206500.0,,,,,,le_grandmercedca,Le Grand,Merced,CA
2796076,2004-09-30,le_grandmercedca,10.9409,,,,,,,,,,,,,,,,,,,,,,,,,,,,,,,,,,,,,,,,,,,,,,,,,,,,,,,,,,,,,,,,,,5.6632,,,,,,,,,,,210400.0,,,,,,le_grandmercedca,Le Grand,Merced,CA
2796077,2004-10-31,le_grandmercedca,,,,,,,,,,,,,,,,,,,,,,,,,,,,,,,,,,,,,,,,,,,,,,,,,,,,,,,,,,,,,,,,,,,5.6632,,,,,,,,,,,216300.0,,,,,,le_grandmercedca,Le Grand,Merced,CA
2796078,2004-11-30,le_grandmercedca,,,,,,,,,,,,,,,,,,,,,,,,,,,,,,,,,,,,,,,,,,,,,,,,,,,,,,,,,,,,,,,,,,,5.0671,,,,,,,,,,,222200.0,,,,,,le_grandmercedca,Le Grand,Merced,CA
2796079,2004-12-31,le_grandmercedca,,,,,,,,,,,,,,,,,,,,,,,,,,,,,,,,,,,,,,,,,,,,,,,,,,,,,,,,,,,,,,,,,,,5.0671,,,,,,,,,,,224900.0,,,,,,le_grandmercedca,Le Grand,Merced,CA
2796080,2005-01-31,le_grandmercedca,,,,,,,,,,,,,,,,,,,,,,,,,,,,,,,,,,,,,,,,,,,,,,,,,,,,,,,,,,,,,,,,,,,5.3651,,,,,,,,,,,226100.0,,,,,,le_grandmercedca,Le Grand,Merced,CA
2796081,2005-02-28,le_grandmercedca,,,,,,,,,,,,,,,,,,,,,,,,,,,,,,,,,,,,,,,,,,,,,,,,,,,,,,,,,,,,,,,,,,,4.769,,,,,,,,,,,226800.0,,,,,,le_grandmercedca,Le Grand,Merced,CA
2796082,2005-03-31,le_grandmercedca,,,,,,,,,,,,,,,,,,,,,,,,,,,,,,,,,,,,,,,,,,,,,,,,,,,,,,,,,,,,,,,,,,,4.769,,,,,,,,,,,229300.0,,,,,,le_grandmercedca,Le Grand,Merced,CA
2796083,2005-04-30,le_grandmercedca,,,,,,,,,,,,,,,,,,,,,,,,,,,,,,,,,,,,,,,,,,,,,,,,,,,,,,,,,,,,,,,,,,,4.3219,,,,,,,,,,,237300.0,,,,,,le_grandmercedca,Le Grand,Merced,CA
2796084,2005-05-31,le_grandmercedca,,,,,,,,,,,,,,,,,,,,,,,,,,,,,,,,,,,,,,,,,,,,,,,,,,,,,,,,,,,,,,,,,,,4.62,,,,,,,,,,,249400.0,,,,,,le_grandmercedca,Le Grand,Merced,CA
2796085,2005-06-30,le_grandmercedca,12.5628,,,,,,,,,,,,,,,,,,,,,,,,,,,,,,,,,,,,,,,,,,,,,,,,,,,,,,,,,,,,,,,,,,4.4709,,,,,,,,,,,260100.0,,,,,,le_grandmercedca,Le Grand,Merced,CA
2796086,2005-07-31,le_grandmercedca,,,,,,,,,,,,,,,,,,,,,,,,,,,,,,,,,,,,,,,,,,,,,,,,,,,,,,,,,,,,,,,,,,,4.769,,,,,,,,,,,269100.0,,,,,,le_grandmercedca,Le Grand,Merced,CA
2796087,2005-08-31,le_grandmercedca,,,,,,,,,,,,,,,,,,,,,,,,,,,,,,,,,,,,,,,,,,,,,,,,,,,,,,,,,,,,,,,,,,,4.62,,,,,,,,,,,281500.0,,,,,,le_grandmercedca,Le Grand,Merced,CA
2796088,2005-09-30,le_grandmercedca,,,,,,,,,,,,,,,,,,,,,,,,,,,,,,,,,,,,,,,,,,,,,,,,,,,,,,,,,,,,,,,,,,,3.8748,,,,,,,,,,,292900.0,,,,,,le_grandmercedca,Le Grand,Merced,CA
2796089,2005-10-31,le_grandmercedca,,,,,,,,,,,,,,,,,,,,,,,,,,,,,,,,,,,,,,,,,,,,,,,,,,,,,,,,,,,,,,,,,,,4.3219,,,,,,,,,,,298900.0,,,,,,le_grandmercedca,Le Grand,Merced,CA
2796090,2005-11-30,le_grandmercedca,,,,,,,,,,,,,,,,,,,,,,,,,,,,,,,,,,,,,,,,,,,,,,,,,,,,,,,,,,,,,,,,,,,4.769,,,,,,,,,,,299100.0,,,,,,le_grandmercedca,Le Grand,Merced,CA
2796091,2005-12-31,le_grandmercedca,,,,,,,,,,,,,,,,,,,,,,,,,,,,,,,,,,,,,,,,,,,,,,,,,,,,,,,,,,,,,,,,,,,5.0671,,,,,,,,,,,300800.0,,,,,,le_grandmercedca,Le Grand,Merced,CA
2796092,2006-01-31,le_grandmercedca,,,,,,,,,,,,,,,,,,,,,,,,,,,,,,,,,,,,,,,,,,,,,,,,,,,,,,,,,,,,,,,,,8.3333,,5.9613,,,,,,,,,,,304100.0,,,,,,le_grandmercedca,Le Grand,Merced,CA
2796093,2006-02-28,le_grandmercedca,,,,,,,,,,,,,,,,,,,,,,,,,,,,,,,,,,,,,,,,,,,,,,,,,,,,,,,,,,,,,,,,,,,7.3025,,,,,,,,,,,301900.0,,,,,,le_grandmercedca,Le Grand,Merced,CA
2796094,2006-03-31,le_grandmercedca,,,,,,,,,,,,,,,,,,,,,,,,,,,,,,,,,,,,,,,,,,,,,,,,,,,,,,,,,,,,,,,,,,,9.389,,,,,,,,,,,294100.0,,,,,,le_grandmercedca,Le Grand,Merced,CA
2796095,2006-04-30,le_grandmercedca,,,,,,,,,,,,,,,,,,,,,,,,,,,,,,,,,,,,,,,,,,,,,,,,,,,,,,,,,,,,,,,,,,,9.389,,,,,,,,,,,289800.0,,,,,,le_grandmercedca,Le Grand,Merced,CA
2796096,2006-05-31,le_grandmercedca,,,,,,,,,,,,,,,,,,,,,,,,,,,,,,,,,,,,,,,,,,,,,,,,,,,,,,,,,,,,,,,,,,,9.2399,,,,,,,,,,,291200.0,,,,,,le_grandmercedca,Le Grand,Merced,CA
2796097,2006-06-30,le_grandmercedca,,,,,,,,,,,,,,,,,,,,,,,,,,,,,,,,,,,,,,,,,,,,,,,,,,,,,,,,,,,,,,,,,,,9.0909,,,,,,,,,,,294500.0,,,,,,le_grandmercedca,Le Grand,Merced,CA
2796098,2006-07-31,le_grandmercedca,,,,,,,,,,,,,,,,,,,,,,,,,,,,,,,,,,,,,,,,,,,,,,,,,,,,,,,,,,,,,,,,,,,8.6438,,,,,,,,,,,296200.0,,,,,,le_grandmercedca,Le Grand,Merced,CA
2796099,2006-08-31,le_grandmercedca,,,,,,,,,,,,,,,,,,,,,,,,,,,,,,,,,,,,,,,,,,,,,,,,,,,,,,,,,,,,,,,,,,,8.3458,,,,,,,,,,,294900.0,,,,,,le_grandmercedca,Le Grand,Merced,CA
2796100,2006-09-30,le_grandmercedca,,,,,,,,,,,,,,,,,,,,,,,,,,,,,,,,,,,,,,,,,,,,,,,,,,,,,,,,,,,,,,,,,,,8.6438,,,,,,,,,,,290600.0,,,,,,le_grandmercedca,Le Grand,Merced,CA
2796101,2006-10-31,le_grandmercedca,,,,,,,,,,,,,,,,,,,,,,,,,,,,,,,,,,,,,,,,,,,,,,,,,,,,,,,,,,,,,,,,,,,8.1967,,,,,,,,,,,286100.0,,,,,,le_grandmercedca,Le Grand,Merced,CA
2796102,2006-11-30,le_grandmercedca,,,,,,,,,,,,,,,,,,,,,,,,,,,,,,,,,,,,,,,,,,,,,,,,,,,,,,,,,,,,,,,,,,,8.0477,,,,,,,,,,,281700.0,,,,,,le_grandmercedca,Le Grand,Merced,CA
2796103,2006-12-31,le_grandmercedca,,,,,,,,,,,,,,,,,,,,,,,,,,,,,,,,,,,,,,,,,,,,,,,,,,,,,,,,,,,,,,,,,,,7.7496,,,,,,,,,,,278400.0,,,,,,le_grandmercedca,Le Grand,Merced,CA
2796104,2007-01-31,le_grandmercedca,,,,,,,,,,,,,,,,,,,,,,,,,,,,,,,,,,,,,,,,,,,,,,,,,,,,,,,,,,,,,,,,,,,6.4083,,,,,,,,,,,276000.0,,,,,,le_grandmercedca,Le Grand,Merced,CA
2796105,2007-02-28,le_grandmercedca,25.641,,,,,,,,,,,,,,,,,,,,,,,,,,,,,,,,,,,,,,,,,,,,,,,,,,,,,,,,,,,,,,,,,,5.5142,,,,,,,,,,,273100.0,,,,,,le_grandmercedca,Le Grand,Merced,CA
2796106,2007-03-31,le_grandmercedca,,,,,,,,,,,,,,,,,,,,,,,,,,,,,,,,,,,,,,,,,,,,,,,,,,,,,,,,,,,,,,,,,,,3.1297,,,,,,,,,,,266900.0,,,,,,le_grandmercedca,Le Grand,Merced,CA
2796107,2007-04-30,le_grandmercedca,,,,,,,,,,,,,,,,,,,,,,,,,,,,,,,,,,,,,,,,,,,,,,,,,,,,,,,,,,,,,,,,,,,3.1297,,,,,,,,,,,258700.0,,,,,,le_grandmercedca,Le Grand,Merced,CA
2796108,2007-05-31,le_grandmercedca,22.4517,,,,,,,,,,,,,,,,,,,,,,,,,,,,,,,,,,,,,,,,,,,,,,,,,,,,,,,,,,,,,,,,,,3.5768,,,,,,,,,,,253900.0,,,,,,le_grandmercedca,Le Grand,Merced,CA
2796109,2007-06-30,le_grandmercedca,,,,,,,,,,,,,,,,,,,,,,,,,,,,,,,,,,,,,,,,,,,,,,,,,,,,,,,,,,,,,,,,,,,3.4277,,,,,,,,,,,256100.0,,,,,,le_grandmercedca,Le Grand,Merced,CA
2796110,2007-07-31,le_grandmercedca,16.3409,,,,,,,,,,,,,,,,,,,,,,,,,,,,,,,,,,,,,,,,,,,,,,,,,,,,,,,,,,,,,,,,,,4.3219,,,,,,,,,,,257500.0,,,,,,le_grandmercedca,Le Grand,Merced,CA
2796111,2007-08-31,le_grandmercedca,80.9604,,,,,,,,,,,,,,,,,,,,,,,,,,,,,,,,,,,,,,,,,,,,,,,,,,,,,,,,,,,,,,,,,,4.918,,,,,,,,,,,252300.0,,,,,,le_grandmercedca,Le Grand,Merced,CA
2796112,2007-09-30,le_grandmercedca,121.3219,,,,,,,,,,,,,,,,,,,,,,,,,,,,,,,,,,,,,,,,,,,,,,,,,,,,,,,,,,,,,,,,,,4.62,,,,,,,,,,,247000.0,,,,,,le_grandmercedca,Le Grand,Merced,CA
2796113,2007-10-31,le_grandmercedca,,,,,,,,,,,,,,,,,,,,,,,,,,,,,,,,,,,,,,,,,,,,,,,,,,,,,,,,,,,,,,,,,,,4.4709,,,,,,,,,,,245600.0,,,,,,le_grandmercedca,Le Grand,Merced,CA
2796114,2007-11-30,le_grandmercedca,,,,,,,,,,,,,,,,,,,,,,,,,,,,,,,,,,,,,,,,,,,,,,,,,,,,,,,,,,,,,,,,,,,4.0238,,,,,,,,,,,244200.0,,,,,,le_grandmercedca,Le Grand,Merced,CA
2796115,2007-12-31,le_grandmercedca,80.6452,,,,,,,,,,,,,,,,,,,,,,,,,,,,,,,,,,,,,,,,,,,,,,,,,,,,,,,,,,,,,,,,,,4.0238,,,,,,,,,,,244700.0,,,,,,le_grandmercedca,Le Grand,Merced,CA
2796116,2008-01-31,le_grandmercedca,94.8021,,,,,,,,,,,,,,,,,,,,,,,,,,,,,,,,,,,,,,,,,,,,,,,,,,,,,,,,,,,,,,,,,,4.1729,,,,,,,,,,,250100.0,,,,,,le_grandmercedca,Le Grand,Merced,CA
2796117,2008-02-29,le_grandmercedca,197.9997,,,,,,,,,,,,,,,,,,,,,,,,,,,,,,,,,,,,,,,,,,,,,,,,,,,,,,,,,,,,,,,,,,4.1729,,,,,,,,,,,255400.0,,,,,,le_grandmercedca,Le Grand,Merced,CA
2796118,2008-03-31,le_grandmercedca,142.0663,,,,,,,,,,,,,,,,,,,,,,,,,,,,,,,,,,,,,,,,,,,,,,,,,,,,,,,,,,,,,,,,,,4.62,,,,,,,,,,,259500.0,,,,,,le_grandmercedca,Le Grand,Merced,CA
2796119,2008-04-30,le_grandmercedca,103.8571,,,,,,,,,,,,,,,,,,,,,,,,,,,,,,,,,,,,,,,,,,,,,,,,,,,,,,,,,,,,,,,,,,4.62,,,,,,,,,,,253000.0,,,,,,le_grandmercedca,Le Grand,Merced,CA
2796120,2008-05-31,le_grandmercedca,73.431,,,,,,,,,,,,,,,,,,,,,,,,,,,,,,,,,,,,,,,,,,,,,,,,,,,,,,,,,,,,,,,,,,4.1729,,,,,,,,,,,233300.0,,,,,,le_grandmercedca,Le Grand,Merced,CA
2796121,2008-06-30,le_grandmercedca,117.0255,,,,,,,,,,,,,,,,,,,,,,,,,,,,,,,,,,,,,,,,,,,,,,,,,,,,,,,,,,,,,,,,,,4.4709,,,,,,,,,,,212400.0,,,,,,le_grandmercedca,Le Grand,Merced,CA
2796122,2008-07-31,le_grandmercedca,170.5555,,,,,,,,,,,,,,,,,,,,,,,,,,,,,,,,,,,,,,,,,,,,,,,,,,,,,,,,,,,,,,,,,,4.1729,,,,,,,,,,,202900.0,,,,,,le_grandmercedca,Le Grand,Merced,CA
2796123,2008-08-31,le_grandmercedca,118.9337,,,,,,,,,,,,,,,,,,,,,,,,,,,,,,,,,,,,,,,,,,,,,,,,,,,,,,,,,,,,,,,,,,4.0238,,,,,,,,,,,200100.0,,,,,,le_grandmercedca,Le Grand,Merced,CA
2796124,2008-09-30,le_grandmercedca,101.8112,,,,,,,,,,,,,,,,,,,,,,,,,,,,,,,,,,,,,,,,,,,,,,,,,,,,,,,,,,,,,,,,,,4.769,,,,,,,,,,,200400.0,,,,,,le_grandmercedca,Le Grand,Merced,CA
2796125,2008-10-31,le_grandmercedca,133.0606,,,,,,,,,,,,,,,,,,,,,,,,,,,,,,,,,,,,,,,,,,,,,,,,,,,,,,,,,,,,,,,,,,5.6632,,,,,,,,,,,199400.0,,,,,,le_grandmercedca,Le Grand,Merced,CA
2796126,2008-11-30,le_grandmercedca,97.15100000000001,,,,,,,,,,,,,,,,,,,,,,,,,,,,,,,,,,,,,,,,,,,,,,,,,,,,,,,,,,,,,,,,,,6.1103,,,,,,,,,,,201000.0,,,,,,le_grandmercedca,Le Grand,Merced,CA
2796127,2008-12-31,le_grandmercedca,61.8268,,,,,,,,,,,,,,,,,,,,,,,,,,,,,,,,,,,,,,,,,,,,,,,,,,,,,,,,,,,,,,,,,,6.2593,,,,,,,,,,,205000.0,,,,,,le_grandmercedca,Le Grand,Merced,CA
2796128,2009-01-31,le_grandmercedca,41.8389,,,,,,,,,,,,,,,,,,,,,,,,,,,,,,,,,,,,,,,,,,,,,,,,,,,,,,,,,,,,,,,,,,6.4083,,,,,,,,,,,202000.0,,,,,,le_grandmercedca,Le Grand,Merced,CA
2796129,2009-02-28,le_grandmercedca,39.7073,,,,,,,,,,,,,,,,,,,,,,,,,,,,,,,,,,,,,,,,,,,,,,,,,,,,,,,,,,,,,,,,,,6.8554,,,,,,,,,,,199900.0,,,,,,le_grandmercedca,Le Grand,Merced,CA
2796130,2009-03-31,le_grandmercedca,64.8264,,,,,,,,,,,,,,,,,,,,,,,,,,,,,,,,,,,,,,,,,,,,,,,,,,,,,,,,,,,,,,,,,,6.8554,,,,,,,,,,,201200.0,,,,,,le_grandmercedca,Le Grand,Merced,CA
2796131,2009-04-30,le_grandmercedca,69.7595,,,,,,,,,,,,,,,,,,,,,,,,,,,,,,,,,,,,,,,,,,,,,,,,,,,,,,,,,,,,,,,,,,7.4516,,,,,,,,,,,202500.0,,,,,,le_grandmercedca,Le Grand,Merced,CA
2796132,2009-05-31,le_grandmercedca,69.37100000000001,,,,,,,,,,,,,,,,,,,,,,,,,,,,,,,,,,,,,,,,,,,,,,,,,,,,,,,,,,,,,,,,,,8.0477,,,,,,,,,,,201600.0,,,,,,le_grandmercedca,Le Grand,Merced,CA
2796133,2009-06-30,le_grandmercedca,144.5881,,,,,,,,,,,,,,,,,,,,,,,,,,,,,,,,,,,,,,,,,,,,,,,,,,,,,,,,,,,,,,,,,,9.8361,,,,,,,,,,,195000.0,,,,,,le_grandmercedca,Le Grand,Merced,CA
2796134,2009-07-31,le_grandmercedca,154.94,,,,,,,,,,,,,,,,,,,,,,,,,,,,,,,,,,,,,,,,,,,,,,,,,,,,,,,,,,,,,,,,,,10.7303,,,,,,,,,,,178200.0,,,,,,le_grandmercedca,Le Grand,Merced,CA
2796135,2009-08-31,le_grandmercedca,89.8173,,,,,,,,,,,,,,,,,,,,,,,,,,,,,,,,,,,,,,,,,,,,,,,,,,,,,,,,,,,,,,,,,,10.7303,,,,,,,,,,,166400.0,,,,,,le_grandmercedca,Le Grand,Merced,CA
2796136,2009-09-30,le_grandmercedca,59.8302,,,,,,,,,,,,,,,,,,,,,,,,,,,,,,,,,,,,,,,,,,,,,,,,,,,,,,,,,,,,,,,,,,10.8631,,,,,,,,,,,161100.0,,,,,,le_grandmercedca,Le Grand,Merced,CA
2796137,2009-10-31,le_grandmercedca,102.3773,,,,,,,,,,,,,,,,,,,,,,,,,,,,,,,,,,,,,,,,,,,,,,,,,,,,,,,,,,,,,,,,,,11.2409,,,,,,,,,,,157300.0,,,,,,le_grandmercedca,Le Grand,Merced,CA
2796138,2009-11-30,le_grandmercedca,116.4475,,,,,,,,,,,,,,,,,,,,,,,,,,,,,,,,,,,,,,,,,,,,,,,,,,,,,,,,,,,,,,,,,,11.2245,,,,,,,,,,,152800.0,,,,,,le_grandmercedca,Le Grand,Merced,CA
2796139,2009-12-31,le_grandmercedca,118.5353,,,,,,,,,,,,,,,,,,,,,,,,,,,,,,,,,,,,,,,,,,,,,,,,,,,,,,,,,,,,,,,,,,11.3703,,,,,,,,,,,143900.0,,,,,,le_grandmercedca,Le Grand,Merced,CA
2796140,2010-01-31,le_grandmercedca,77.4354,,,,,,,,,,,,,,,,,,,,,,,,,,,,,,,,,,,,,,,,,,,,,,,,,,,,,,,,,,,,,,,,,,11.0787,,,,,,,,,,,135300.0,,,,,,le_grandmercedca,Le Grand,Merced,CA
2796141,2010-02-28,le_grandmercedca,58.1252,,,,,,,,,,,,,,,,,,,,,,,,,,,,,,,,,,,,,,,,,,,,,,,,,,,,,,,,,,,,,,,,,,10.4499,,,,,,,,,,,130900.0,,,,,,le_grandmercedca,Le Grand,Merced,CA
2796142,2010-03-31,le_grandmercedca,40.5746,,,,,,,,,,,,,,,,,,,,,,,,,,,,,,,,,,,,,,,,,,,,,,,,,,,,,,,,,,,,,,,,,,10.7402,,,,,,,,,,,129400.0,,,,,,le_grandmercedca,Le Grand,Merced,CA
2796143,2010-04-30,le_grandmercedca,29.8601,,,,,,,,,,,,,,,,,,,,,,,,,,,,,,,,,,,,,,,,,,,,,,,,,,,,,,,,,,,,,,,,,,10.3048,,,,,,,,,,,129000.0,,,,,,le_grandmercedca,Le Grand,Merced,CA
2796144,2010-05-31,le_grandmercedca,64.706,,,,,,,,,,,,,,,,,,,,,,,,,,,,,,,,,,,,,,,,,,,,,,,,,,,,,,,,,,,,,,,,,,9.607000000000001,,,,,,,,,,,128800.0,,,,,,le_grandmercedca,Le Grand,Merced,CA
2796145,2010-06-30,le_grandmercedca,82.8858,,,,,,,,,,,,,,,,,,,,,,,,,,,,,,,,,,,,,,,,,,,,,,,,,,,,,,,,,,,,,,,,,,9.607000000000001,,,,,,,,,,,126900.0,,,,,,le_grandmercedca,Le Grand,Merced,CA
2796146,2010-07-31,le_grandmercedca,86.1369,,,,,,,,,,,,,,,,,,,,,,,,,,,,,,,,,,,,,,,,,,,,,,,,,,,,,,,,,,,,,,,,,,9.434,,,,,,,,,,,125200.0,,,,,,le_grandmercedca,Le Grand,Merced,CA
2796147,2010-08-31,le_grandmercedca,53.2356,,,,,,,,,,,,,,,,,,,,,,,,,,,,,,,,,,,,,,,,,,,,,,,,,,,,,,,,,,,,,,,,,,8.418,,,,,,,,,,,122900.0,,,,,,le_grandmercedca,Le Grand,Merced,CA
2796148,2010-09-30,le_grandmercedca,94.1008,,,,,,,,,,,,,,,,,,,,,,,,,,,,,,,,,,,,,,,,,,,,,,,,,,,,,,,,,,,,,,,,,,8.418,,,,,,,,,,,118500.0,,,,,,le_grandmercedca,Le Grand,Merced,CA
2796149,2010-10-31,le_grandmercedca,73.8643,,,,,,,,,,,,,,,,,,,,,,,,,,,,,,,,,,,,,,,,,,,,,,,,,,,,,,,,,,,,,,,,,,8.1277,,,,,,,,,,,114500.0,,,,,,le_grandmercedca,Le Grand,Merced,CA
2796150,2010-11-30,le_grandmercedca,35.192,,,,,,,,,,,,,,,,,,,,,,,,,,,,,,,,,,,,,,,,,,,,,,,,,,,,,,,,,,,,,,,,,,7.2886,,,,,,,,,,,111100.0,976.0,983.0,0.838,,979.0,le_grandmercedca,Le Grand,Merced,CA
2796151,2010-12-31,le_grandmercedca,49.3922,,,,,,,,,,,,,,,,,,,,,,,,,,,,,,,,,,,,,,,,,,,,,,,,,,,,,,,,,,,,,,,,,,6.8215,,,,,,,,,,,108900.0,970.0,979.0,0.836,,974.0,le_grandmercedca,Le Grand,Merced,CA
2796152,2011-01-31,le_grandmercedca,30.6346,,,,,,,,,,,,,,,,,,,,,,,,,,,,,,,,,,,,,,,,,,,,,,,,,,,,,,,,,,,,,,,,,,6.3861,,,,,,,,,,,107300.0,962.0,968.0,0.83,,966.0,le_grandmercedca,Le Grand,Merced,CA
2796153,2011-02-28,le_grandmercedca,77.5068,,,,,,,,,,,,,,,,,,,,,,,,,,,,,,,,,,,,,,,,,,,,,,,,,,,,,,,,,,,,,,,,,,6.8215,,,,,,,,,,,106400.0,945.0,949.0,0.8140000000000001,,948.0,le_grandmercedca,Le Grand,Merced,CA
2796154,2011-03-31,le_grandmercedca,70.19,,,,,,,,,,,,,,,,,,,,,,,,,,,,,,,,,,,,,,,,,,,,,,,,,,,,,,,,,,,,,,,,,,6.0958,,,,,,,,,,,106300.0,922.0,925.0,0.792,,924.0,le_grandmercedca,Le Grand,Merced,CA
2796155,2011-04-30,le_grandmercedca,69.72399999999999,,,,,,,,,,,,,,,,,,,,,,,,,,,,,,,,,,,,,,,,,,,,,,,,,,,,,,,,,,,,,,,,,,6.0958,,,,,,,,,,,106700.0,905.0,907.0,0.778,,907.0,le_grandmercedca,Le Grand,Merced,CA
2796156,2011-05-31,le_grandmercedca,49.0665,,,,,,,,,,,,,,,,,,,,,,,,,,,,,,,,,,,,,,,,,,,,,,,,,,,,,,,,,,,,,,,,,,5.8055,,,,,,,,,,,107300.0,892.0,893.0,0.768,,893.0,le_grandmercedca,Le Grand,Merced,CA
2796157,2011-06-30,le_grandmercedca,22.8339,,,,,,,,,,,,,,,,,,,,,,,,,,,,,,,,,,,,,,,,,,,,,,,,,,,,,,,,,,,,,,,,,,5.5233,,,,,,,,,,,108600.0,881.0,881.0,0.762,,882.0,le_grandmercedca,Le Grand,Merced,CA
2796158,2011-07-31,le_grandmercedca,,,,,,,,,,,,,,,,,,,,,,,,,,,,,,,,,,,,,,,,,,,,,,,,,,,,,,,,,,,,,,,,,,,5.6686,,,,,,,,,,,110700.0,872.0,873.0,0.7559999999999999,,873.0,le_grandmercedca,Le Grand,Merced,CA
2796159,2011-08-31,le_grandmercedca,16.5563,,,,,,,,,,,,,,,,,,,,,,,,,,,,,,,,,,,,,,,,,,,,,,,,,,,,,,,,,,,,,,,,,,5.9593,,,,,,,,,,,111000.0,863.0,863.0,0.752,,864.0,le_grandmercedca,Le Grand,Merced,CA
2796160,2011-09-30,le_grandmercedca,55.4491,,,,,,,,,,,,,,,,,,,,,,,,,,,,,,,,,,,,,,,,,,,,,,,,,,,,,,,,,,,,,,,,,,6.4047,,,,,,,,,,,110700.0,858.0,858.0,0.75,,859.0,le_grandmercedca,Le Grand,Merced,CA
2796161,2011-10-31,le_grandmercedca,57.6466,,,,,,,,,,,,,,,,,,,,,,,,,,,,,,,,,,,,,,,,,,,,,,,,,,,,,,,,,,,,,,,,,,6.1135,,,,,,,,,,,110700.0,857.0,857.0,0.752,,859.0,le_grandmercedca,Le Grand,Merced,CA
2796162,2011-11-30,le_grandmercedca,94.5082,,,,,,,,,,,,,,,,,,,,,,,,,,,,,,,,,,,,,,,,,,,,,,,,,,,,,,,,,,,,,,,,,,6.9971,,,,,,,,,,,110500.0,854.0,854.0,0.752,,857.0,le_grandmercedca,Le Grand,Merced,CA
2796163,2011-12-31,le_grandmercedca,65.692,,,,,,,,,,,,,,,,,,,,,,,,,,,,,,,,,,,,,,,,,,,,,,,,,,,,,,,,,,,,,,,,,,6.9971,,,,,,,,,,,109700.0,855.0,855.0,0.752,,859.0,le_grandmercedca,Le Grand,Merced,CA
2796164,2012-01-31,le_grandmercedca,28.8319,,,,,,,,,,,,,,,,,,,,,,,,,,,,,,,,,,,,,,,,,,,,,,,,,,,,,,,,,,,,,,,,,,6.8513,,,,,,,,,,,110600.0,854.0,853.0,0.75,,857.0,le_grandmercedca,Le Grand,Merced,CA
2796165,2012-02-29,le_grandmercedca,14.7592,,,,,,,,,,,,,,,,,,,,,,,,,,,,,,,,,,,,,,,,,,,,,,,,,,,,,,,,,,,,,,,,,,6.686,,,,,,,,,,,111000.0,856.0,856.0,0.752,,860.0,le_grandmercedca,Le Grand,Merced,CA
2796166,2012-03-31,le_grandmercedca,43.8572,,,,,,,,,,,,,,,,,,,,,,,,,,,,,,,,,,,,,,,,,,,,,,,,,,,,,,,,,,,,,,,,,,6.25,,,,,,,,,,,109700.0,860.0,860.0,0.754,,863.0,le_grandmercedca,Le Grand,Merced,CA
2796167,2012-04-30,le_grandmercedca,47.5697,,,,,,,,,,,,,,,,,,,,,,,,,,,,,,,,,,,,,,,,,,,,,,,,,,,,,,,,,,,,,,,,,,6.3953,,,,,,,,,,,108900.0,865.0,865.0,0.754,,868.0,le_grandmercedca,Le Grand,Merced,CA
2796168,2012-05-31,le_grandmercedca,24.1272,,,,,,,,,,,,,,,,,,,,,,,,,,,,,,,,,,,,,,,,,,,,,,,,,,,,,,,,,,,,,,,,,,5.9593,,,,,,,,,,,109100.0,867.0,867.0,0.754,,870.0,le_grandmercedca,Le Grand,Merced,CA
2796169,2012-06-30,le_grandmercedca,22.2381,,,,,,,,,,,,,,,,,,,,,,,,,,,,,,,,,,,,,,,,,,,,,,,,,,,,,,,,,,,,,,,,,,6.25,,,,,,,,,,,110000.0,866.0,866.0,0.752,,868.0,le_grandmercedca,Le Grand,Merced,CA
2796170,2012-07-31,le_grandmercedca,40.1609,,,,,,,,,,,,,,,,,,,,,,,,,,,,,,,,,,,,,,,,,,,,,,,,,,,,,,,,,,,,,,,,,,6.1047,,,,,,,,,,,111500.0,865.0,866.0,0.75,,866.0,le_grandmercedca,Le Grand,Merced,CA
2796171,2012-08-31,le_grandmercedca,58.0066,,,,,,,,,,,,,,,,,,,,,,,,,,,,,,,,,,,,,,,,,,,,,,,,,,,,,,,,,,,,,,,,,,6.1047,,,,,,,,,,,114300.0,861.0,862.0,0.748,,862.0,le_grandmercedca,Le Grand,Merced,CA
2796172,2012-09-30,le_grandmercedca,98.53399999999999,,,,,,,,,,,,,,,,,,,,,,,,,,,,,,,,,,,,,,,,,,,,,,,,,,,,,,,,,,,,,,,,,,5.7353,,,,,,,,,,,116700.0,859.0,859.0,0.748,,861.0,le_grandmercedca,Le Grand,Merced,CA
2796173,2012-10-31,le_grandmercedca,108.4359,,,,,,,,,,,,,,,,,,,,,,,,,,,,,,,,,,,,,,,,,,,,,,,,,,,,,,,,,,,,,,,,,,5.4412,,,,,,,,,,,119900.0,856.0,856.0,0.7440000000000001,,857.0,le_grandmercedca,Le Grand,Merced,CA
2796174,2012-11-30,le_grandmercedca,,,,,,,,,,,,,,,,,,,,,,,,,,,,,,,,,,,,,,,,,,,,,,,,,,,,,,,,,,,,,,,,,,,4.8529,,,,,,,,,,,123100.0,852.0,852.0,0.74,,852.0,le_grandmercedca,Le Grand,Merced,CA
2796175,2012-12-31,le_grandmercedca,23.9139,,,,,,,,,,,,,,,,,,,,,,,,,,,,,,,,,,,,,,,,,,,,,,,,,,,,,,,,,,,,,,,,,,4.7059,,,,,,,,,,,126700.0,853.0,853.0,0.74,,853.0,le_grandmercedca,Le Grand,Merced,CA
2796176,2013-01-31,le_grandmercedca,21.9491,,,,,,,,,,,,,,,,,,,,,,,,,,,,,,,,,,,,,,,,,,,,,,,,,,,,,,,,,,,,,,,,,,4.8529,,,,,,,,,,,129900.0,856.0,857.0,0.7440000000000001,,858.0,le_grandmercedca,Le Grand,Merced,CA
2796177,2013-02-28,le_grandmercedca,,,,,,,,,,,,,,,,,,,,,,,,,,,,,,,,,,,,,,,,,,,,,,,,,,,,,,,,,,,,,,,,,,,4.5588,,,,,,,,,,,131700.0,864.0,866.0,0.746,,867.0,le_grandmercedca,Le Grand,Merced,CA
2796178,2013-03-31,le_grandmercedca,25.2969,,,,,,,,,,,,,,,,,,,,,,,,,,,,,,,,,,,,,,,,,,,,,,,,,,,,,,,,,,,,,,,,,,4.7059,,,,,,,,,,,131500.0,872.0,874.0,0.752,,874.0,le_grandmercedca,Le Grand,Merced,CA
2796179,2013-04-30,le_grandmercedca,44.4749,,,,,,,,,,,,,,,,,,,,,,,,,,,,,,,,,,,,,,,,,,,,,,,,,,,,,,,,,,,,,,,,,,4.7059,,,,,,,,,,,131400.0,875.0,877.0,0.752,,877.0,le_grandmercedca,Le Grand,Merced,CA
2796180,2013-05-31,le_grandmercedca,24.4018,,,,,,,,,,,,,,,,,,,,,,,,,,,,,,,,,,,,,,,,,,,,,,,,,,,,,,,,,,,,,,,,,,4.5588,,,,,,,,,,,134100.0,878.0,880.0,0.7559999999999999,,879.0,le_grandmercedca,Le Grand,Merced,CA
2796181,2013-06-30,le_grandmercedca,,,,,,,,,,,,,,,,,,,,,,,,,,,,,,,,,,,,,,,,,,,,,,,,,,,,,,,,,,,,,,,,,,,3.6711,,,,,,,,,,,139700.0,882.0,883.0,0.758,,883.0,le_grandmercedca,Le Grand,Merced,CA
2796182,2013-07-31,le_grandmercedca,,,,,,,,,,,,,,,,,,,,,,,,,,,,,,,,,,,,,,,,,,,,,,,,,,,,,,,,,,,,,,,,,,,3.4639,,,,,,,,,,,145700.0,887.0,888.0,0.76,,889.0,le_grandmercedca,Le Grand,Merced,CA
2796183,2013-08-31,le_grandmercedca,64.6412,,,,,,,,,,,,,,,,,,,,,,,,,,,,,,,,,,,,,,,,,,,,,,,,,,,,,,,,,,,,,,,,,,3.4639,,,,,,,,,,,150600.0,890.0,890.0,0.758,,891.0,le_grandmercedca,Le Grand,Merced,CA
2796184,2013-09-30,le_grandmercedca,38.4615,,,,,,,,,,,,,,,,,,,,,,,,,,,,,,,,,,,,,,,,,,,,,,,,,,,,,,,,,,,,,,,,,,3.4639,,,,,,,,,,,154400.0,891.0,891.0,0.7559999999999999,,893.0,le_grandmercedca,Le Grand,Merced,CA
2796185,2013-10-31,le_grandmercedca,53.1881,,,,,,,,,,,,,,,,,,,,,,,,,,,,,,,,,,,,,,,,,,,,,,,,,,,,,,,,,,,,,,,,,,2.9369,,,,,,,,,,,156800.0,894.0,893.0,0.752,,895.0,le_grandmercedca,Le Grand,Merced,CA
2796186,2013-11-30,le_grandmercedca,,,,,,,,,,,,,,,,,,,,,,,,,,,,,,,,,,,,,,,,,,,,,,,,,,,,,,,,,,,,,,,,,,,2.9369,,,,,,,,,,,159900.0,895.0,894.0,0.748,,895.0,le_grandmercedca,Le Grand,Merced,CA
2796187,2013-12-31,le_grandmercedca,,,,,,,,,,,,,,,,,,,,,,,,,,,,,,,,,,,,,,,,,,,,,,,,,,,,,,,,,,,,,,,,,,,2.6432,,,,,,,,,,,164400.0,893.0,891.0,0.746,,893.0,le_grandmercedca,Le Grand,Merced,CA
2796188,2014-01-31,le_grandmercedca,,,,,,,,,,,,,,,,,,,,,,,,,,,,,,,,,,,,,,,,,,,,,,,,,,,,,,,,,,,,,,,,,,,2.6432,,,,,,,,,,,166800.0,889.0,889.0,0.7440000000000001,,890.0,le_grandmercedca,Le Grand,Merced,CA
2796189,2014-02-28,le_grandmercedca,34.1997,,,,,,,,,,,,,,,,,,,,,,,,,,,,,,,,,,,,,,,,,,,,,,,,,,,,,,,,,,,,,,,,,,3.3774,,,,,,,,,,,166300.0,882.0,881.0,0.742,,883.0,le_grandmercedca,Le Grand,Merced,CA
2796190,2014-03-31,le_grandmercedca,20.3488,,,,,,,,,,,,,,,,,,,,,,,,,,,,,,,,,,,,,,,,,,,,,,,,,,,,,,,,,,,,,,,,,,2.79,,,,,,,,,,,166100.0,876.0,875.0,0.742,,877.0,le_grandmercedca,Le Grand,Merced,CA
2796191,2014-04-30,le_grandmercedca,21.6743,,,,,,,,,,,,,,,,,,,,,,,,,,,,,,,,,,,,,,,,,,,,,,,,,,,,,,,,,,,,,,,,,,2.9326,,,,,,,,,,,166900.0,869.0,868.0,0.7440000000000001,,871.0,le_grandmercedca,Le Grand,Merced,CA
2796192,2014-05-31,le_grandmercedca,,,,,,,,,,,,,,,,,,,,,,,,,,,,,,,,,,,,,,,,,,,,,,,,,,,,,,,,,,,,,,,,,,,2.9326,,,,,,,,,,,167400.0,867.0,865.0,0.748,,868.0,le_grandmercedca,Le Grand,Merced,CA
2796193,2014-06-30,le_grandmercedca,,,,,,,,,,,,,,,,,,,,,,,,,,,,,,,,,,,,,,,,,,,,,,,,,,,,,,,,,,,,,,,,,,,3.2258,,,,,,,,,,,168200.0,871.0,870.0,0.752,,872.0,le_grandmercedca,Le Grand,Merced,CA
2796194,2014-07-31,le_grandmercedca,,,,,,,,,,,,,,,,,,,,,,,,,,,,,,,,,,,,,,,,,,,,,,,,,,,,,,,,,,,,,,,,,,,3.0792,,,,,,,,,,,170000.0,875.0,873.0,0.7559999999999999,,876.0,le_grandmercedca,Le Grand,Merced,CA
2796195,2014-08-31,le_grandmercedca,,,,,,,,,,,,,,,,,,,,,,,,,,,,,,,,,,,,,,,,,,,,,,,,,,,,,,,,,,,,,,,,,,,2.9326,,,,,,,,,,,171400.0,879.0,876.0,0.758,,880.0,le_grandmercedca,Le Grand,Merced,CA
2796196,2014-09-30,le_grandmercedca,,,,,,,,,,,,,,,,,,,,,,,,,,,,,,,,,,,,,,,,,,,,,,,,,,,,,,,,,,,,,,,,,,,3.0792,,,,,,,,,,,171000.0,876.0,874.0,0.76,,877.0,le_grandmercedca,Le Grand,Merced,CA
2796197,2014-10-31,le_grandmercedca,,,,,,,,,,,,,,,,,,,,,,,,,,,,,,,,,,,,,,,,,,,,,,,,,,,,,,,,,,,,,,,,,,,3.0792,,,,,,,,,,,169600.0,874.0,874.0,0.76,,876.0,le_grandmercedca,Le Grand,Merced,CA
2796198,2014-11-30,le_grandmercedca,,,,,,,,,,,,,,,,,,,,,,,,,,,,,,,,,,,,,,,,,,,,,,,,,,,,,,,,,,,,,,,,,,,3.2258,,,,,,,,,,,167900.0,870.0,870.0,0.76,,872.0,le_grandmercedca,Le Grand,Merced,CA
2796199,2014-12-31,le_grandmercedca,,,,,,,,,,,,,,,,,,,,,,,,,,,,,,,,,,,,,,,,,,,,,,,,,,,,,,,,,,,,,,,,,,,3.2258,,,,,,,,,,,167200.0,868.0,868.0,0.76,,870.0,le_grandmercedca,Le Grand,Merced,CA
2796200,2015-01-31,le_grandmercedca,,,,,,,,,,,,,,,,,,,,,,,,,,,,,,,,,,,,,,,,,,,,,,,,,,,,,,,,,,,,,,,,,,,3.0792,,,,,,,,,,,167600.0,862.0,862.0,0.754,,864.0,le_grandmercedca,Le Grand,Merced,CA
2796201,2015-02-28,le_grandmercedca,,,,,,,,,,,,,,,,,,,,,,,,,,,,,,,,,,,,,,,,,,,,,,,,,,,,,,,,,,,,,,,,,,,2.7859,,,,,,,,,,,167200.0,854.0,854.0,0.746,,856.0,le_grandmercedca,Le Grand,Merced,CA
2796202,2015-03-31,le_grandmercedca,,,,,,,,,,,,,,,,,,,,,,,,,,,,,,,,,,,,,,,,,,,,,,,,,,,,,,,,,,,,,,,,,,,2.6393,,,,,,,,,,,166200.0,849.0,850.0,0.742,,850.0,le_grandmercedca,Le Grand,Merced,CA
2796203,2015-04-30,le_grandmercedca,,,,,,,,,,,,,,,,,,,,,,,,,,,,,,,,,,,,,,,,,,,,,,,,,,,,,,,,,,,,,,,,,,,2.4927,,,,,,,,,,,165800.0,850.0,850.0,0.742,,852.0,le_grandmercedca,Le Grand,Merced,CA
2796204,2015-05-31,le_grandmercedca,17.7715,,,,,,,,,,,,,,,,,,,,,,,,,,,,,,,,,,,,,,,,,,,,,,,,,,,,,,,,,,,,,,,,,,2.7859,,,,,,,,,,,166400.0,858.0,857.0,0.7440000000000001,,859.0,le_grandmercedca,Le Grand,Merced,CA
2796205,2015-06-30,le_grandmercedca,,,,,,,,,,,,,,,,,,,,,,,,,,,,,,,,,,,,,,,,,,,,,,,,,,,,,,,,,,,,,,,,,,,2.9326,,,,,,,,,,,167100.0,871.0,870.0,0.752,,873.0,le_grandmercedca,Le Grand,Merced,CA
2796206,2015-07-31,le_grandmercedca,,,,,,,,,,,,,,,,,,,,,,,,,,,,,,,,,,,,,,,,,,,,,,,,,,,,,,,,,,,,,,,,,,,3.0792,,,,,,,,,,,167700.0,881.0,880.0,0.758,,883.0,le_grandmercedca,Le Grand,Merced,CA
2796207,2015-08-31,le_grandmercedca,,,,,,,,,,,,,,,,,,,,,,,,,,,,,,,,,,,,,,,,,,,,,,,,,,,,,,,,,,,,,,,,,,,3.0792,,,,,,,,,,,168200.0,888.0,887.0,0.764,,889.0,le_grandmercedca,Le Grand,Merced,CA
2796208,2015-09-30,le_grandmercedca,,,,,,,,,,,,,,,,,,,,,,,,,,,,,,,,,,,,,,,,,,,,,,,,,,,,,,,,,,,,,,,,,,,3.3724,,,,,,,,,,,169100.0,891.0,891.0,0.762,,893.0,le_grandmercedca,Le Grand,Merced,CA
2796209,2015-10-31,le_grandmercedca,,,,,,,,,,,,,,,,,,,,,,,,,,,,,,,,,,,,,,,,,,,,,,,,,,,,,,,,,,,,,,,,,,,3.0792,,,,,,,,,,,169100.0,896.0,895.0,0.76,,898.0,le_grandmercedca,Le Grand,Merced,CA
2796210,2015-11-30,le_grandmercedca,219.7802,,,,,,,,,,,,,,,,,,,,,,,,,,,,,,,,,,,,,,,,,,,,,,,,,,,,,,,,,,,,,,,,,,3.2258,,,,,,,,,,,168500.0,903.0,902.0,0.76,,905.0,le_grandmercedca,Le Grand,Merced,CA
2796211,2015-12-31,le_grandmercedca,117.6471,,,,,,,,,,,,,,,,,,,,,,,,,,,,,,,,,,,,,,,,,,,,,,,,,,,,,,,,,,,,,,,,,,3.0792,,,,,,,,,,,167700.0,911.0,911.0,0.7659999999999999,,914.0,le_grandmercedca,Le Grand,Merced,CA
2796212,2016-01-31,le_grandmercedca,57.9629,,,,,,,,,,,,,,,,,,,,,,,,,,,,,,,,,,,,,,,,,,,,,,,,,,,,,,,,,,,,,,,,,,2.9326,,,,,,,,,,,168200.0,921.0,922.0,0.778,,925.0,le_grandmercedca,Le Grand,Merced,CA
2796213,2016-02-29,le_grandmercedca,,,,,,,,,,,,,,,,,,,,,,,,,,,,,,,,,,,,,,,,,,,,,,,,,,,,,,,,,,,,,,,,,,,2.4927,,,,,,,,,,,170000.0,932.0,932.0,0.79,,935.0,le_grandmercedca,Le Grand,Merced,CA
2796214,2016-03-31,le_grandmercedca,,,,,,,,,,,,,,,,,,,,,,,,,,,,,,,,,,,,,,,,,,,,,,,,,,,,,,,,,,,,,,,,,,,2.6393,,,,,,,,,,,171400.0,941.0,942.0,0.802,,946.0,le_grandmercedca,Le Grand,Merced,CA
2796215,2016-04-30,le_grandmercedca,,,,,,,,,,,,,,,,,,,,,,,,,,,,,,,,,,,,,,,,,,,,,,,,,,,,,,,,,,,,,,,,,,,2.346,,,,,,,,,,,171600.0,943.0,944.0,0.8059999999999999,,948.0,le_grandmercedca,Le Grand,Merced,CA
2796216,2016-05-31,le_grandmercedca,,,,,,,,,,,,,,,,,,,,,,,,,,,,,,,,,,,,,,,,,,,,,,,,,,,,,,,,,,,,,,,,,,,2.4927,,,,,,,,,,,173400.0,940.0,943.0,0.804,,947.0,le_grandmercedca,Le Grand,Merced,CA
2796217,2016-06-30,le_grandmercedca,,,,,,,,,,,,,,,,,,,,,,,,,,,,,,,,,,,,,,,,,,,,,,,,,,,,,,,,,,,,,,,,,,,2.1994,,,,,,,,,,,175900.0,936.0,940.0,0.7979999999999999,,944.0,le_grandmercedca,Le Grand,Merced,CA
2796218,2016-07-31,le_grandmercedca,,,,,,,,,,,,,,,,,,,,,,,,,,,,,,,,,,,,,,,,,,,,,,,,,,,,,,,,,,,,,,,,,,,1.9062,,,,,,,,,,,177800.0,938.0,943.0,0.7979999999999999,,945.0,le_grandmercedca,Le Grand,Merced,CA
2796219,2016-08-31,le_grandmercedca,,,,,,,,,,,,,,,,,,,,,,,,,,,,,,,,,,,,,,,,,,,,,,,,,,,,,,,,,,,,,,,,,,,1.9062,,,,,,,,,,,180500.0,943.0,948.0,0.8059999999999999,,949.0,le_grandmercedca,Le Grand,Merced,CA
2796220,2016-09-30,le_grandmercedca,21.4685,,,,,,,,,,,,,,,,,,,,,,,,,,,,,,,,,,,,,,,,,,,,,,,,,,,,,,,,,,,,,,,,,,1.6129,,,,,,,,,,,184500.0,951.0,956.0,0.816,,957.0,le_grandmercedca,Le Grand,Merced,CA
2796221,2016-10-31,le_grandmercedca,,,,,,,,,,,,,,,,,,,,,,,,,,,,,,,,,,,,,,,,,,,,,,,,,,,,,,,,,,,,,,,,,,,1.7595,,,,,,,,,,,187400.0,955.0,961.0,0.826,,962.0,le_grandmercedca,Le Grand,Merced,CA
2796222,2016-11-30,le_grandmercedca,,,,,,,,,,,,,,,,,,,,,,,,,,,,,,,,,,,,,,,,,,,,,,,,,,,,,,,,,,,,,,,,,,,1.7595,,,,,,,,,,,189000.0,954.0,958.0,0.83,,959.0,le_grandmercedca,Le Grand,Merced,CA
2796223,2016-12-31,le_grandmercedca,14.7929,,,,,,,,,,,,,,,,,,,,,,,,,,,,,,,,,,,,,,,,,,,,,,,,,,,,,,,,,,,,,,,,,,1.9062,,,,,,,,,,,190600.0,954.0,957.0,0.8340000000000001,,957.0,le_grandmercedca,Le Grand,Merced,CA
2796224,2017-01-31,le_grandmercedca,,,,,,,,,,,,,,,,,,,,,,,,,,,,,,,,,,,,,,,,,,,,,,,,,,,,,,,,,,,,,,,,,,,1.9062,,,,,,,,,,,192400.0,962.0,964.0,0.838,,964.0,le_grandmercedca,Le Grand,Merced,CA
2796225,2017-02-28,le_grandmercedca,44.7605,,,,,,,,,,,,,,,,,,,,,,,,,,,,,,,,,,,,,,,,,,,,,,,,,,,,,,,,,,,,,,,,,,2.0528,,,,,,,,,,,192800.0,973.0,976.0,0.848,,977.0,le_grandmercedca,Le Grand,Merced,CA
2796226,2017-03-31,le_grandmercedca,,,,,,,,,,,,,,,,,,,,,,,,,,,,,,,,,,,,,,,,,,,,,,,,,,,,,,,,,,,,,,,,,,,1.9062,,,,,,,,,,,193200.0,991.0,994.0,0.862,,995.0,le_grandmercedca,Le Grand,Merced,CA
2796227,2017-04-30,le_grandmercedca,,,,,,,,,,,,,,,,,,,,,,,,,,,,,,,,,,,,,,,,,,,,,,,,,,,,,,,,,,,,,,,,,,,1.9062,,,,,,,,,,,196400.0,1010.0,1013.0,0.8740000000000001,,1013.0,le_grandmercedca,Le Grand,Merced,CA
2796228,2017-05-31,le_grandmercedca,,,,,,,,,,,,,,,,,,,,,,,,,,,,,,,,,,,,,,,,,,,,,,,,,,,,,,,,,,,,,,,,,,,1.7595,,,,,,,,,,,202000.0,1021.0,1023.0,0.88,,1022.0,le_grandmercedca,Le Grand,Merced,CA
2796229,2017-06-30,le_grandmercedca,,,,,,,,,,,,,,,,,,,,,,,,,,,,,,,,,,,,,,,,,,,,,,,,,,,,,,,,,,,,,,,,,,,1.6129,,,,,,,,,,,207000.0,1019.0,1020.0,0.884,,1020.0,le_grandmercedca,Le Grand,Merced,CA
2796230,2017-07-31,le_grandmercedca,,,,,,,,,,,,,,,,,,,,,,,,,,,,,,,,,,,,,,,,,,,,,,,,,,,,,,,,,,,,,,,,,,,1.6129,,,,,,,,,,,211200.0,1010.0,1012.0,0.888,,1013.0,le_grandmercedca,Le Grand,Merced,CA
2796231,2017-08-31,le_grandmercedca,,,,,,,,,,,,,,,,,,,,,,,,,,,,,,,,,,,,,,,,,,,,,,,,,,,,,,,,,,,,,,,,,,,1.4663,,,,,,,,,,,214600.0,1010.0,1013.0,0.89,,1015.0,le_grandmercedca,Le Grand,Merced,CA
2803701,1997-08-31,planadamercedca,,,,,,,,,,,,,,,,,,,,,,,,,,,,,,,,,,,,,,,,,,,,,,,,,,,,,,,,,,,,,,,,,,,,,,,,,,64600.0,,,,,,,,,,planadamercedca,Planada,Merced,CA
2803702,1997-09-30,planadamercedca,,,,,,,,,,,,,,,,,,,,,,,,,,,,,,,,,,,,,,,,,,,,,,,,,,,,,,,,,,,,,,,,,,,,,,,,,,63400.0,,,,,,,,,,planadamercedca,Planada,Merced,CA
2803703,1997-10-31,planadamercedca,,,,,,,,,,,,,,,,,,,,,,,,,,,,,,,,,,,,,,,,,,,,,,,,,,,,,,,,,,,,,,,,,,,,,,,,,,62000.0,,,,,,,,,,planadamercedca,Planada,Merced,CA
2803704,1997-11-30,planadamercedca,,,,,,,,,,,,,,,,,,,,,,,,,,,,,,,,,,,,,,,,,,,,,,,,,,,,,,,,,,,,,,,,,,,,,,,,,,61200.0,,,,,,,,,,planadamercedca,Planada,Merced,CA
2803705,1997-12-31,planadamercedca,,,,,,,,,,,,,,,,,,,,,,,,,,,,,,,,,,,,,,,,,,,,,,,,,,,,,,,,,,,,,,,,,,,,,,,,,,60600.0,,,,,,,,,,planadamercedca,Planada,Merced,CA
2803706,1998-01-31,planadamercedca,13.6373,,,,,,,,,,,,,,,,,,,,,,,,,,,,,,,,,,,,,,,,,,,,,,,,,,,,,,,,,,,,,,,,,,1.5603,,,,,,,60100.0,,,,,,,,,,planadamercedca,Planada,Merced,CA
2803707,1998-02-28,planadamercedca,,,,,,,,,,,,,,,,,,,,,,,,,,,,,,,,,,,,,,,,,,,,,,,,,,,,,,,,,,,,,,,,,,,1.844,,,,,,,60200.0,,,,,,,,,,planadamercedca,Planada,Merced,CA
2803708,1998-03-31,planadamercedca,,,,,,,,,,,,,,,,,,,,,,,,,,,,,,,,,,,,,,,,,,,,,,,,,,,,,,,,,,,,,,,,,,,1.9858,,,,,,,60700.0,,,,,,,,,,planadamercedca,Planada,Merced,CA
2803709,1998-04-30,planadamercedca,9.1408,,,,,,,,,,,,,,,,,,,,,,,,,,,,,,,,,,,,,,,,,,,,,,,,,,,,,,,,,,,,,,,,,,2.695,,,,,,,61000.0,,,,,,,,,,planadamercedca,Planada,Merced,CA
2803710,1998-05-31,planadamercedca,18.3889,,,,,,,,,,,,,,,,,,,,,,,,,,,,,,,,,,,,,,,,,,,,,,,,,,,,,,,,,,,,,,,,,,3.1206,,,,,,,,,,,,,,,,,planadamercedca,Planada,Merced,CA
2803711,1998-06-30,planadamercedca,,,,,,,,,,,,,,,,,,,,,,,,,,,,,,,,,,,,,,,,,,,,,,,,,,,,,,,,,,,,,,,,,,,3.1206,,,,,,,,,,,,,,,,,planadamercedca,Planada,Merced,CA
2803712,1998-07-31,planadamercedca,,,,,,,,,,,,,,,,,,,,,,,,,,,,,,,,,,,,,,,,,,,,,,,,,,,,,,,,,,,,,,,,,,,3.1206,,,,,,,61300.0,,,,,,,,,,planadamercedca,Planada,Merced,CA
2803713,1998-08-31,planadamercedca,,,,,,,,,,,,,,,,,,,,,,,,,,,,,,,,,,,,,,,,,,,,,,,,,,,,,,,,,,,,,,,,,,,2.8369,,,,,,,61700.0,,,,,,,,,,planadamercedca,Planada,Merced,CA
2803714,1998-09-30,planadamercedca,,,,,,,,,,,,,,,,,,,,,,,,,,,,,,,,,,,,,,,,,,,,,,,,,,,,,,,,,,,,,,,,,,,2.695,,,,,,,62600.0,,,,,,,,,,planadamercedca,Planada,Merced,CA
2803715,1998-10-31,planadamercedca,,,,,,,,,,,,,,,,,,,,,,,,,,,,,,,,,,,,,,,,,,,,,,,,,,,,,,,,,,,,,,,,,,,2.9787,,,,,,,63900.0,,,,,,,,,,planadamercedca,Planada,Merced,CA
2803716,1998-11-30,planadamercedca,,,,,,,,,,,,,,,,,,,,,,,,,,,,,,,,,,,,,,,,,,,,,,,,,,,,,,,,,,,,,,,,,,,2.9787,,,,,,,65300.0,,,,,,,,,,planadamercedca,Planada,Merced,CA
2803717,1998-12-31,planadamercedca,,,,,,,,,,,,,,,,,,,,,,,,,,,,,,,,,,,,,,,,,,,,,,,,,,,,,,,,,,,,,,,,,,,2.8369,,,,,,,66300.0,,,,,,,,,,planadamercedca,Planada,Merced,CA
2803718,1999-01-31,planadamercedca,,,,,,,,,,,,,,,,,,,,,,,,,,,,,,,,,,,,,,,,,,,,,,,,,,,,,,,,,,,,,,,,,,,2.695,,,,,,,67200.0,,,,,,,,,,planadamercedca,Planada,Merced,CA
2803719,1999-02-28,planadamercedca,,,,,,,,,,,,,,,,,,,,,,,,,,,,,,,,,,,,,,,,,,,,,,,,,,,,,,,,,,,,,,,,,,,2.4113,,,,,,,68200.0,,,,,,,,,,planadamercedca,Planada,Merced,CA
2803720,1999-03-31,planadamercedca,,,,,,,,,,,,,,,,,,,,,,,,,,,,,,,,,,,,,,,,,,,,,,,,,,,,,,,,,,,,,,,,,,,2.2695,,,,,,,68900.0,,,,,,,,,,planadamercedca,Planada,Merced,CA
2803721,1999-04-30,planadamercedca,,,,,,,,,,,,,,,,,,,,,,,,,,,,,,,,,,,,,,,,,,,,,,,,,,,,,,,,,,,,,,,,,,,1.844,,,,,,,69000.0,,,,,,,,,,planadamercedca,Planada,Merced,CA
2803722,1999-05-31,planadamercedca,,,,,,,,,,,,,,,,,,,,,,,,,,,,,,,,,,,,,,,,,,,,,,,,,,,,,,,,,,,,,,,,,,,1.844,,,,,,,68500.0,,,,,,,,,,planadamercedca,Planada,Merced,CA
2803723,1999-06-30,planadamercedca,,,,,,,,,,,,,,,,,,,,,,,,,,,,,,,,,,,,,,,,,,,,,,,,,,,,,,,,,,,,,,,,,,,2.2695,,,,,,,67700.0,,,,,,,,,,planadamercedca,Planada,Merced,CA
2803724,1999-07-31,planadamercedca,,,,,,,,,,,,,,,,,,,,,,,,,,,,,,,,,,,,,,,,,,,,,,,,,,,,,,,,,,,,,,,,,,,1.9858,,,,,,,67800.0,,,,,,,,,,planadamercedca,Planada,Merced,CA
2803725,1999-08-31,planadamercedca,,,,,,,,,,,,,,,,,,,,,,,,,,,,,,,,,,,,,,,,,,,,,,,,,,,,,,,,,,,,,,,,,,,2.2695,,,,,,,68100.0,,,,,,,,,,planadamercedca,Planada,Merced,CA
2803726,1999-09-30,planadamercedca,,,,,,,,,,,,,,,,,,,,,,,,,,,,,,,,,,,,,,,,,,,,,,,,,,,,,,,,,,,,,,,,,,,2.4113,,,,,,,67400.0,,,,,,,,,,planadamercedca,Planada,Merced,CA
2803727,1999-10-31,planadamercedca,,,,,,,,,,,,,,,,,,,,,,,,,,,,,,,,,,,,,,,,,,,,,,,,,,,,,,,,,,,,,,,,,,,1.9858,,,,,,,67000.0,,,,,,,,,,planadamercedca,Planada,Merced,CA
2803728,1999-11-30,planadamercedca,,,,,,,,,,,,,,,,,,,,,,,,,,,,,,,,,,,,,,,,,,,,,,,,,,,,,,,,,,,,,,,,,,,1.9858,,,,,,,67600.0,,,,,,,,,,planadamercedca,Planada,Merced,CA
2803729,1999-12-31,planadamercedca,,,,,,,,,,,,,,,,,,,,,,,,,,,,,,,,,,,,,,,,,,,,,,,,,,,,,,,,,,,,,,,,,,,1.7021,,,,,,,68800.0,,,,,,,,,,planadamercedca,Planada,Merced,CA
2803730,2000-01-31,planadamercedca,,,,,,,,,,,,,,,,,,,,,,,,,,,,,,,,,,,,,,,,,,,,,,,,,,,,,,,,,,,,,,,,,,,1.844,,,,,,,69700.0,,,,,,,,,,planadamercedca,Planada,Merced,CA
2803731,2000-02-29,planadamercedca,,,,,,,,,,,,,,,,,,,,,,,,,,,,,,,,,,,,,,,,,,,,,,,,,,,,,,,,,,,,,,,,,,,1.9858,,,,,,,70300.0,,,,,,,,,,planadamercedca,Planada,Merced,CA
2803732,2000-03-31,planadamercedca,,,,,,,,,,,,,,,,,,,,,,,,,,,,,,,,,,,,,,,,,,,,,,,,,,,,,,,,,,,,,,,,,,,1.9858,,,,,,,71200.0,,,,,,,,,,planadamercedca,Planada,Merced,CA
2803733,2000-04-30,planadamercedca,,,,,,,,,,,,,,,,,,,,,,,,,,,,,,,,,,,,,,,,,,,,,,,,,,,,,,,,,,,,,,,,,,,1.844,,,,,,,72100.0,,,,,,,,,,planadamercedca,Planada,Merced,CA
2803734,2000-05-31,planadamercedca,,,,,,,,,,,,,,,,,,,,,,,,,,,,,,,,,,,,,,,,,,,,,,,,,,,,,,,,,,,,,,,,,,,1.7021,,,,,,,72400.0,,,,,,,,,,planadamercedca,Planada,Merced,CA
2803735,2000-06-30,planadamercedca,,,,,,,,,,,,,,,,,,,,,,,,,,,,,,,,,,,,,,,,,,,,,,,,,,,,,,,,,,,,,,,,,,,,,,,,,,72200.0,,,,,,,,,,planadamercedca,Planada,Merced,CA
2803736,2000-07-31,planadamercedca,,,,,,,,,,,,,,,,,,,,,,,,,,,,,,,,,,,,,,,,,,,,,,,,,,,,,,,,,,,,,,,,,,,,,,,,,,71800.0,,,,,,,,,,planadamercedca,Planada,Merced,CA
2803737,2000-08-31,planadamercedca,,,,,,,,,,,,,,,,,,,,,,,,,,,,,,,,,,,,,,,,,,,,,,,,,,,,,,,,,,,,,,,,,,,,,,,,,,72600.0,,,,,,,,,,planadamercedca,Planada,Merced,CA
2803738,2000-09-30,planadamercedca,,,,,,,,,,,,,,,,,,,,,,,,,,,,,,,,,,,,,,,,,,,,,,,,,,,,,,,,,,,,,,,,,,,,,,,,,,75000.0,,,,,,,,,,planadamercedca,Planada,Merced,CA
2803739,2000-10-31,planadamercedca,11.489,,,,,,,,,,,,,,,,,,,,,,,,,,,,,,,,,,,,,,,,,,,,,,,,,,,,,,,,,,,,,,,,,,1.7021,,,,,,,76000.0,,,,,,,,,,planadamercedca,Planada,Merced,CA
2803740,2000-11-30,planadamercedca,,,,,,,,,,,,,,,,,,,,,,,,,,,,,,,,,,,,,,,,,,,,,,,,,,,,,,,,,,,,,,,,,,,1.844,,,,,,,76000.0,,,,,,,,,,planadamercedca,Planada,Merced,CA
2803741,2000-12-31,planadamercedca,,,,,,,,,,,,,,,,,,,,,,,,,,,,,,,,,,,,,,,,,,,,,,,,,,,,,,,,,,,,,,,,,,,1.844,,,,,,,76100.0,,,,,,,,,,planadamercedca,Planada,Merced,CA
2803742,2001-01-31,planadamercedca,,,,,,,,,,,,,,,,,,,,,,,,,,,,,,,,,,,,,,,,,,,,,,,,,,,,,,,,,,,,,,,,,,,1.844,,,,,,,75700.0,,,,,,,,,,planadamercedca,Planada,Merced,CA
2803743,2001-02-28,planadamercedca,,,,,,,,,,,,,,,,,,,,,,,,,,,,,,,,,,,,,,,,,,,,,,,,,,,,,,,,,,,,,,,,,,,1.9858,,,,,,,74900.0,,,,,,,,,,planadamercedca,Planada,Merced,CA
2803744,2001-03-31,planadamercedca,10.0402,,,,,,,,,,,,,,,,,,,,,,,,,,,,,,,,,,,,,,,,,,,,,,,,,,,,,,,,,,,,,,,,,,2.2695,,,,,,,75000.0,,,,,,,,,,planadamercedca,Planada,Merced,CA
2803745,2001-04-30,planadamercedca,,,,,,,,,,,,,,,,,,,,,,,,,,,,,,,,,,,,,,,,,,,,,,,,,,,,,,,,,,,,,,,,,,,2.695,,,,,,,74600.0,,,,,,,,,,planadamercedca,Planada,Merced,CA
2803746,2001-05-31,planadamercedca,,,,,,,,,,,,,,,,,,,,,,,,,,,,,,,,,,,,,,,,,,,,,,,,,,,,,,,,,,,,,,,,,,,2.4113,,,,,,,74700.0,,,,,,,,,,planadamercedca,Planada,Merced,CA
2803747,2001-06-30,planadamercedca,,,,,,,,,,,,,,,,,,,,,,,,,,,,,,,,,,,,,,,,,,,,,,,,,,,,,,,,,,,,,,,,,,,2.5532,,,,,,,75900.0,,,,,,,,,,planadamercedca,Planada,Merced,CA
2803748,2001-07-31,planadamercedca,61.7284,,,,,,,,,,,,,,,,,,,,,,,,,,,,,,,,,,,,,,,,,,,,,,,,,,,,,,,,,,,,,,,,,,2.5532,,,,,,,76800.0,,,,,,,,,,planadamercedca,Planada,Merced,CA
2803749,2001-08-31,planadamercedca,53.25,,,,,,,,,,,,,,,,,,,,,,,,,,,,,,,,,,,,,,,,,,,,,,,,,,,,,,,,,,,,,,,,,,2.9787,,,,,,,76500.0,,,,,,,,,,planadamercedca,Planada,Merced,CA
2803750,2001-09-30,planadamercedca,25.5466,,,,,,,,,,,,,,,,,,,,,,,,,,,,,,,,,,,,,,,,,,,,,,,,,,,,,,,,,,,,,,,,,,2.8369,,,,,,,76200.0,,,,,,,,,,planadamercedca,Planada,Merced,CA
2803751,2001-10-31,planadamercedca,18.9865,,,,,,,,,,,,,,,,,,,,,,,,,,,,,,,,,,,,,,,,,,,,,,,,,,,,,,,,,,,,,,,,,,2.695,,,,,,,76400.0,,,,,,,,,,planadamercedca,Planada,Merced,CA
2803752,2001-11-30,planadamercedca,,,,,,,,,,,,,,,,,,,,,,,,,,,,,,,,,,,,,,,,,,,,,,,,,,,,,,,,,,,,,,,,,,,2.695,,,,,,,77200.0,,,,,,,,,,planadamercedca,Planada,Merced,CA
2803753,2001-12-31,planadamercedca,25.8196,,,,,,,,,,,,,,,,,,,,,,,,,,,,,,,,,,,,,,,,,,,,,,,,,,,,,,,,,,,,,,,,,,2.9787,,,,,,,78000.0,,,,,,,,,,planadamercedca,Planada,Merced,CA
2803754,2002-01-31,planadamercedca,19.0656,,,,,,,,,,,,,,,,,,,,,,,,,,,,,,,,,,,,,,,,,,,,,,,,,,,,,,,,,,,,,,,,,,3.4043,,,,,,,78300.0,,,,,,,,,,planadamercedca,Planada,Merced,CA
2803755,2002-02-28,planadamercedca,9.0659,,,,,,,,,,,,,,,,,,,,,,,,,,,,,,,,,,,,,,,,,,,,,,,,,,,,,,,,,,,,,,,,,,3.4043,,,,,,,78800.0,,,,,,,,,,planadamercedca,Planada,Merced,CA
2803756,2002-03-31,planadamercedca,,,,,,,,,,,,,,,,,,,,,,,,,,,,,,,,,,,,,,,,,,,,,,,,,,,,,,,,,,,,,,,,,,,3.4043,,,,,,,79500.0,,,,,,,,,,planadamercedca,Planada,Merced,CA
2803757,2002-04-30,planadamercedca,11.9904,,,,,,,,,,,,,,,,,,,,,,,,,,,,,,,,,,,,,,,,,,,,,,,,,,,,,,,,,,,,,,,,,,2.9787,,,,,,,80100.0,,,,,,,,,,planadamercedca,Planada,Merced,CA
2803758,2002-05-31,planadamercedca,,,,,,,,,,,,,,,,,,,,,,,,,,,,,,,,,,,,,,,,,,,,,,,,,,,,,,,,,,,,,,,,,,,3.1206,,,,,,,81000.0,,,,,,,,,,planadamercedca,Planada,Merced,CA
2803759,2002-06-30,planadamercedca,,,,,,,,,,,,,,,,,,,,,,,,,,,,,,,,,,,,,,,,,,,,,,,,,,,,,,,,,,,,,,,,,,,3.1206,,,,,,,82900.0,,,,,,,,,,planadamercedca,Planada,Merced,CA
2803760,2002-07-31,planadamercedca,,,,,,,,,,,,,,,,,,,,,,,,,,,,,,,,,,,,,,,,,,,,,,,,,,,,,,,,,,,,,,,,,,,2.9787,,,,,,,84900.0,,,,,,,,,,planadamercedca,Planada,Merced,CA
2803761,2002-08-31,planadamercedca,,,,,,,,,,,,,,,,,,,,,,,,,,,,,,,,,,,,,,,,,,,,,,,,,,,,,,,,,,,,,,,,,,,2.8369,,,,,,,86100.0,,,,,,,,,,planadamercedca,Planada,Merced,CA
2803762,2002-09-30,planadamercedca,,,,,,,,,,,,,,,,,,,,,,,,,,,,,,,,,,,,,,,,,,,,,,,,,,,,,,,,,,,,,,,,,,,2.8369,,,,,,,86800.0,,,,,,,,,,planadamercedca,Planada,Merced,CA
2803763,2002-10-31,planadamercedca,,,,,,,,,,,,,,,,,,,,,,,,,,,,,,,,,,,,,,,,,,,,,,,,,,,,,,,,,,,,,,,,,,,2.8369,,,,,,,87100.0,,,,,,,,,,planadamercedca,Planada,Merced,CA
2803764,2002-11-30,planadamercedca,,,,,,,,,,,,,,,,,,,,,,,,,,,,,,,,,,,,,,,,,,,,,,,,,,,,,,,,,,,,,,,,,,,2.695,,,,,,,87400.0,,,,,,,,,,planadamercedca,Planada,Merced,CA
2803765,2002-12-31,planadamercedca,,,,,,,,,,,,,,,,,,,,,,,,,,,,,,,,,,,,,,,,,,,,,,,,,,,,,,,,,,,,,,,,,,,2.8369,,,,,,,88000.0,,,,,,,,,,planadamercedca,Planada,Merced,CA
2803766,2003-01-31,planadamercedca,,,,,,,,,,,,,,,,,,,,,,,,,,,,,,,,,,,,,,,,,,,,,,,,,,,,,,,,,,,,,,,,,,,2.5532,,,,,,,88800.0,,,,,,,,,,planadamercedca,Planada,Merced,CA
2803767,2003-02-28,planadamercedca,,,,,,,,,,,,,,,,,,,,,,,,,,,,,,,,,,,,,,,,,,,,,,,,,,,,,,,,,,,,,,,,,,,2.2695,,,,,,,89400.0,,,,,,,,,,planadamercedca,Planada,Merced,CA
2803768,2003-03-31,planadamercedca,18.4468,,,,,,,,,,,,,,,,,,,,,,,,,,,,,,,,,,,,,,,,,,,,,,,,,,,,,,,,,,,,,,,,,,2.2695,,,,,,,90100.0,,,,,,,,,,planadamercedca,Planada,Merced,CA
2803769,2003-04-30,planadamercedca,,,,,,,,,,,,,,,,,,,,,,,,,,,,,,,,,,,,,,,,,,,,,,,,,,,,,,,,,,,,,,,,,,,2.1277,,,,,,,91400.0,,,,,,,,,,planadamercedca,Planada,Merced,CA
2803770,2003-05-31,planadamercedca,,,,,,,,,,,,,,,,,,,,,,,,,,,,,,,,,,,,,,,,,,,,,,,,,,,,,,,,,,,,,,,,,,,1.7021,,,,,,,93100.0,,,,,,,,,,planadamercedca,Planada,Merced,CA
2803771,2003-06-30,planadamercedca,,,,,,,,,,,,,,,,,,,,,,,,,,,,,,,,,,,,,,,,,,,,,,,,,,,,,,,,,,,,,,,,,,,1.7021,,,,,,,93800.0,,,,,,,,,,planadamercedca,Planada,Merced,CA
2803772,2003-07-31,planadamercedca,,,,,,,,,,,,,,,,,,,,,,,,,,,,,,,,,,,,,,,,,,,,,,,,,,,,,,,,,,,,,,,,,,,1.844,,,,,,,94200.0,,,,,,,,,,planadamercedca,Planada,Merced,CA
2803773,2003-08-31,planadamercedca,,,,,,,,,,,,,,,,,,,,,,,,,,,,,,,,,,,,,,,,,,,,,,,,,,,,,,,,,,,,,,,,,,,1.5603,,,,,,,94900.0,,,,,,,,,,planadamercedca,Planada,Merced,CA
2803774,2003-09-30,planadamercedca,,,,,,,,,,,,,,,,,,,,,,,,,,,,,,,,,,,,,,,,,,,,,,,,,,,,,,,,,,,,,,,,,,,1.9858,,,,,,,96900.0,,,,,,,,,,planadamercedca,Planada,Merced,CA
2803775,2003-10-31,planadamercedca,,,,,,,,,,,,,,,,,,,,,,,,,,,,,,,,,,,,,,,,,,,,,,,,,,,,,,,,,,,,,,,,,,,1.9858,,,,,,,100400.0,,,,,,,,,,planadamercedca,Planada,Merced,CA
2803776,2003-11-30,planadamercedca,,,,,,,,,,,,,,,,,,,,,,,,,,,,,,,,,,,,,,,,,,,,,,,,,,,,,,,,,,,,,,,,,,,2.1277,,,,,,,104200.0,,,,,,,,,,planadamercedca,Planada,Merced,CA
2803777,2003-12-31,planadamercedca,,,,,,,,,,,,,,,,,,,,,,,,,,,,,,,,,,,,,,,,,,,,,,,,,,,,,,,,,,,,,,,,,,,2.1277,,,,,,,107900.0,,,,,,,,,,planadamercedca,Planada,Merced,CA
2803778,2004-01-31,planadamercedca,,,,,,,,,,,,,,,,,,,,,,,,,,,,,,,,,,,,,,,,,,,,,,,,,,,,,,,,,,,,,,,,,,,3.5461,,,,,,,112500.0,,,,,,,,,,planadamercedca,Planada,Merced,CA
2803779,2004-02-29,planadamercedca,9.1743,,,,,,,,,,,,,,,,,,,,,,,,,,,,,,,,,,,,,,,,,,,,,,,,,,,,,,,,,,,,,,,,,,4.3972,,,,,,,118300.0,,,,,,,,,,planadamercedca,Planada,Merced,CA
2803780,2004-03-31,planadamercedca,,,,,,,,,,,,,,,,,,,,,,,,,,,,,,,,,,,,,,,,,,,,,,,,,,,,,,,,,,,,,,,,,,,6.382999999999999,,,,,,,123600.0,,,,,,,,,,planadamercedca,Planada,Merced,CA
2803781,2004-04-30,planadamercedca,,,,,,,,,,,,,,,,,,,,,,,,,,,,,,,,,,,,,,,,,,,,,,,,,,,,,,,,,,,,,,,,,,,7.5177,,,,,,,127400.0,,,,,,,,,,planadamercedca,Planada,Merced,CA
2803782,2004-05-31,planadamercedca,,,,,,,,,,,,,,,,,,,,,,,,,,,,,,,,,,,,,,,,,,,,,,,,,,,,,,,,,,,,,,,,,,,8.6525,,,,,,,130500.0,,,,,,,,,,planadamercedca,Planada,Merced,CA
2803783,2004-06-30,planadamercedca,,,,,,,,,,,,,,,,,,,,,,,,,,,,,,,,,,,,,,,,,,,,,,,,,,,,,,,,,,,,,,,,,,,9.5035,,,,,,,132300.0,,,,,,,,,,planadamercedca,Planada,Merced,CA
2803784,2004-07-31,planadamercedca,,,,,,,,,,,,,,,,,,,,,,,,,,,,,,,,,,,,,,,,,,,,,,,,,,,,,,,,,,,,,,,,,,,10.2128,,,,,,,132500.0,,,,,,,,,,planadamercedca,Planada,Merced,CA
2803785,2004-08-31,planadamercedca,,,,,,,,,,,,,,,,,,,,,,,,,,,,,,,,,,,,,,,,,,,,,,,,,,,,,,,,,,,,,,,,,,,10.922,,,,,,,133300.0,,,,,,,,,,planadamercedca,Planada,Merced,CA
2803786,2004-09-30,planadamercedca,,,,,,,,,,,,,,,,,,,,,,,,,,,,,,,,,,,,,,,,,,,,,,,,,,,,,,,,,,,,,,,,,,,10.6383,,,,,,,135900.0,,,,,,,,,,planadamercedca,Planada,Merced,CA
2803787,2004-10-31,planadamercedca,,,,,,,,,,,,,,,,,,,,,,,,,,,,,,,,,,,,,,,,,,,,,,,,,,,,,,,,,,,,,,,,,,,10.7801,,,,,,,138300.0,,,,,,,,,,planadamercedca,Planada,Merced,CA
2803788,2004-11-30,planadamercedca,,,,,,,,,,,,,,,,,,,,,,,,,,,,,,,,,,,,,,,,,,,,,,,,,,,,,,,,,,,,,,,,,,,10.7801,,,,,,,140000.0,,,,,,,,,,planadamercedca,Planada,Merced,CA
2803789,2004-12-31,planadamercedca,,,,,,,,,,,,,,,,,,,,,,,,,,,,,,,,,,,,,,,,,,,,,,,,,,,,,,,,,,,,,,,,,,,11.3475,,,,,,,143300.0,,,,,,,,,,planadamercedca,Planada,Merced,CA
2803790,2005-01-31,planadamercedca,,,,,,,,,,,,,,,,,,,,,,,,,,,,,,,,,,,,,,,,,,,,,,,,,,,,,,,,,,,,,,,,,,,10.2128,,,,,,,148000.0,,,,,,,,,,planadamercedca,Planada,Merced,CA
2803791,2005-02-28,planadamercedca,,,,,,,,,,,,,,,,,,,,,,,,,,,,,,,,,,,,,,,,,,,,,,,,,,,,,,,,,,,,,,,,,,,10.0709,,,,,,,150800.0,,,,,,,,,,planadamercedca,Planada,Merced,CA
2803792,2005-03-31,planadamercedca,,,,,,,,,,,,,,,,,,,,,,,,,,,,,,,,,,,,,,,,,,,,,,,,,,,,,,,,,,,,,,,,,,,8.5106,,,,,,,150900.0,,,,,,,,,,planadamercedca,Planada,Merced,CA
2803793,2005-04-30,planadamercedca,,,,,,,,,,,,,,,,,,,,,,,,,,,,,,,,,,,,,,,,,,,,,,,,,,,,,,,,,,,,,,,,,,,7.6596,,,,,,,155100.0,,,,,,,,,,planadamercedca,Planada,Merced,CA
2803794,2005-05-31,planadamercedca,,,,,,,,,,,,,,,,,,,,,,,,,,,,,,,,,,,,,,,,,,,,,,,,,,,,,,,,,,,,,,,,,,,6.9504,,,,,,,159700.0,,,,,,,,,,planadamercedca,Planada,Merced,CA
2803795,2005-06-30,planadamercedca,,,,,,,,,,,,,,,,,,,,,,,,,,,,,,,,,,,,,,,,,,,,,,,,,,,,,,,,,,,,,,,,,,,5.9574,,,,,,,164000.0,,,,,,,,,,planadamercedca,Planada,Merced,CA
2803796,2005-07-31,planadamercedca,11.9904,,,,,,,,,,,,,,,,,,,,,,,,,,,,,,,,,,,,,,,,,,,,,,,,,,,,,,,,,,,,,,,,,,5.5319,,,,,,,170900.0,,,,,,,,,,planadamercedca,Planada,Merced,CA
2803797,2005-08-31,planadamercedca,,,,,,,,,,,,,,,,,,,,,,,,,,,,,,,,,,,,,,,,,,,,,,,,,,,,,,,,,,,,,,,,,,,5.1064,,,,,,,179200.0,,,,,,,,,,planadamercedca,Planada,Merced,CA
2803798,2005-09-30,planadamercedca,,,,,,,,,,,,,,,,,,,,,,,,,,,,,,,,,,,,,,,,,,,,,,,,,,,,,,,,,,,,,,,,,,,5.8156,,,,,,,183300.0,,,,,,,,,,planadamercedca,Planada,Merced,CA
2803799,2005-10-31,planadamercedca,,,,,,,,,,,,,,,,,,,,,,,,,,,,,,,,,,,,,,,,,,,,,,,,,,,,,,,,,,,,,,,,,,,5.5319,,,,,,,187300.0,,,,,,,,,,planadamercedca,Planada,Merced,CA
2803800,2005-11-30,planadamercedca,,,,,,,,,,,,,,,,,,,,,,,,,,,,,,,,,,,,,,,,,,,,,,,,,,,,,,,,,,,,,,,,,,,5.5319,,,,,,,190600.0,,,,,,,,,,planadamercedca,Planada,Merced,CA
2803801,2005-12-31,planadamercedca,,,,,,,,,,,,,,,,,,,,,,,,,,,,,,,,,,,,,,,,,,,,,,,,,,,,,,,,,,,,,,,,,,,4.8227,,,,,,,191600.0,,,,,,,,,,planadamercedca,Planada,Merced,CA
2803802,2006-01-31,planadamercedca,,,,,,,,,,,,,,,,,,,,,,,,,,,,,,,,,,,,,,,,,,,,,,,,,,,,,,,,,,,,,,,,,,,4.539,,,,,,,192400.0,,,,,,,,,,planadamercedca,Planada,Merced,CA
2803803,2006-02-28,planadamercedca,,,,,,,,,,,,,,,,,,,,,,,,,,,,,,,,,,,,,,,,,,,,,,,,,,,,,,,,,,,,,,,,,,,4.539,,,,,,,194400.0,,,,,,,,,,planadamercedca,Planada,Merced,CA
2803804,2006-03-31,planadamercedca,,,,,,,,,,,,,,,,,,,,,,,,,,,,,,,,,,,,,,,,,,,,,,,,,,,,,,,,,,,,,,,,,,,4.539,,,,,,,194600.0,,,,,,,,,,planadamercedca,Planada,Merced,CA
2803805,2006-04-30,planadamercedca,,,,,,,,,,,,,,,,,,,,,,,,,,,,,,,,,,,,,,,,,,,,,,,,,,,,,,,,,,,,,,,,,,,4.3972,,,,,,,192800.0,,,,,,,,,,planadamercedca,Planada,Merced,CA
2803806,2006-05-31,planadamercedca,,,,,,,,,,,,,,,,,,,,,,,,,,,,,,,,,,,,,,,,,,,,,,,,,,,,,,,,,,,,,,,,,,,3.8298,,,,,,,193800.0,,,,,,,,,,planadamercedca,Planada,Merced,CA
2803807,2006-06-30,planadamercedca,,,,,,,,,,,,,,,,,,,,,,,,,,,,,,,,,,,,,,,,,,,,,,,,,,,,,,,,,,,,,,,,,,,3.9716,,,,,,,198300.0,,,,,,,,,,planadamercedca,Planada,Merced,CA
2803808,2006-07-31,planadamercedca,,,,,,,,,,,,,,,,,,,,,,,,,,,,,,,,,,,,,,,,,,,,,,,,,,,,,,,,,,,,,,,,,,,3.9716,,,,,,,201600.0,,,,,,,,,,planadamercedca,Planada,Merced,CA
2803809,2006-08-31,planadamercedca,,,,,,,,,,,,,,,,,,,,,,,,,,,,,,,,,,,,,,,,,,,,,,,,,,,,,,,,,,,,,,,,,,,3.8298,,,,,,,199800.0,,,,,,,,,,planadamercedca,Planada,Merced,CA
2803810,2006-09-30,planadamercedca,,,,,,,,,,,,,,,,,,,,,,,,,,,,,,,,,,,,,,,,,,,,,,,,,,,,,,,,,,,,,,,,,,,2.9787,,,,,,,194600.0,,,,,,,,,,planadamercedca,Planada,Merced,CA
2803811,2006-10-31,planadamercedca,,,,,,,,,,,,,,,,,,,,,,,,,,,,,,,,,,,,,,,,,,,,,,,,,,,,,,,,,,,,,,,,,,,3.2624,,,,,,,190500.0,,,,,,,,,,planadamercedca,Planada,Merced,CA
2803812,2006-11-30,planadamercedca,,,,,,,,,,,,,,,,,,,,,,,,,,,,,,,,,,,,,,,,,,,,,,,,,,,,,,,,,,,,,,,,,,,3.5461,,,,,,,188400.0,,,,,,,,,,planadamercedca,Planada,Merced,CA
2803813,2006-12-31,planadamercedca,,,,,,,,,,,,,,,,,,,,,,,,,,,,,,,,,,,,,,,,,,,,,,,,,,,,,,,,,,,,,,,,,,,3.8298,,,,,,,186900.0,,,,,,,,,,planadamercedca,Planada,Merced,CA
2803814,2007-01-31,planadamercedca,,,,,,,,,,,,,,,,,,,,,,,,,,,,,,,,,,,,,,,,,,,,,,,,,,,,,,,,,,,,,,,,,,,3.6879,,,,,,,184900.0,,,,,,,,,,planadamercedca,Planada,Merced,CA
2803815,2007-02-28,planadamercedca,,,,,,,,,,,,,,,,,,,,,,,,,,,,,,,,,,,,,,,,,,,,,,,,,,,,,,,,,,,,,,,,,,,3.2624,,,,,,,182500.0,,,,,,,,,,planadamercedca,Planada,Merced,CA
2803816,2007-03-31,planadamercedca,,,,,,,,,,,,,,,,,,,,,,,,,,,,,,,,,,,,,,,,,,,,,,,,,,,,,,,,,,,,,,,,,,,3.2624,,,,,,,179300.0,,,,,,,,,,planadamercedca,Planada,Merced,CA
2803817,2007-04-30,planadamercedca,,,,,,,,,,,,,,,,,,,,,,,,,,,,,,,,,,,,,,,,,,,,,,,,,,,,,,,,,,,,,,,,,,,3.2624,,,,,,,177600.0,,,,,,,,,,planadamercedca,Planada,Merced,CA
2803818,2007-05-31,planadamercedca,9.1743,,,,,,,,,,,,,,,,,,,,,,,,,,,,,,,,,,,,,,,,,,,,,,,,,,,,,,,,,,,,,,,,,,3.4043,,,,,,,176900.0,,,,,,,,,,planadamercedca,Planada,Merced,CA
2803819,2007-06-30,planadamercedca,,,,,,,,,,,,,,,,,,,,,,,,,,,,,,,,,,,,,,,,,,,,,,,,,,,,,,,,,,,,,,,,,,,3.1206,,,,,,,176100.0,,,,,,,,,,planadamercedca,Planada,Merced,CA
2803820,2007-07-31,planadamercedca,,,,,,,,,,,,,,,,,,,,,,,,,,,,,,,,,,,,,,,,,,,,,,,,,,,,,,,,,,,,,,,,,,,2.695,,,,,,,172700.0,,,,,,,,,,planadamercedca,Planada,Merced,CA
2803821,2007-08-31,planadamercedca,123.4568,,,,,,,,,,,,,,,,,,,,,,,,,,,,,,,,,,,,,,,,,,,,,,,,,,,,,,,,,,,,,,,,,,2.4113,,,,,,,168400.0,,,,,,,,,,planadamercedca,Planada,Merced,CA
2803822,2007-09-30,planadamercedca,,,,,,,,,,,,,,,,,,,,,,,,,,,,,,,,,,,,,,,,,,,,,,,,,,,,,,,,,,,,,,,,,,,2.2695,,,,,,,165100.0,,,,,,,,,,planadamercedca,Planada,Merced,CA
2803823,2007-10-31,planadamercedca,43.9364,,,,,,,,,,,,,,,,,,,,,,,,,,,,,,,,,,,,,,,,,,,,,,,,,,,,,,,,,,,,,,,,,,2.1277,,,,,,,163300.0,,,,,,,,,,planadamercedca,Planada,Merced,CA
2803824,2007-11-30,planadamercedca,22.3747,,,,,,,,,,,,,,,,,,,,,,,,,,,,,,,,,,,,,,,,,,,,,,,,,,,,,,,,,,,,,,,,,,1.844,,,,,,,161100.0,,,,,,,,,,planadamercedca,Planada,Merced,CA
2803825,2007-12-31,planadamercedca,35.3861,,,,,,,,,,,,,,,,,,,,,,,,,,,,,,,,,,,,,,,,,,,,,,,,,,,,,,,,,,,,,,,,,,1.844,,,,,,,160300.0,,,,,,,,,,planadamercedca,Planada,Merced,CA
2803826,2008-01-31,planadamercedca,36.3581,,,,,,,,,,,,,,,,,,,,,,,,,,,,,,,,,,,,,,,,,,,,,,,,,,,,,,,,,,,,,,,,,,2.5532,,,,,,,160900.0,,,,,,,,,,planadamercedca,Planada,Merced,CA
2803827,2008-02-29,planadamercedca,30.3668,,,,,,,,,,,,,,,,,,,,,,,,,,,,,,,,,,,,,,,,,,,,,,,,,,,,,,,,,,,,,,,,,,2.5532,,,,,,,161500.0,,,,,,,,,,planadamercedca,Planada,Merced,CA
2803828,2008-03-31,planadamercedca,23.2258,,,,,,,,,,,,,,,,,,,,,,,,,,,,,,,,,,,,,,,,,,,,,,,,,,,,,,,,,,,,,,,,,,2.4113,,,,,,,162800.0,,,,,,,,,,planadamercedca,Planada,Merced,CA
2803829,2008-04-30,planadamercedca,,,,,,,,,,,,,,,,,,,,,,,,,,,,,,,,,,,,,,,,,,,,,,,,,,,,,,,,,,,,,,,,,,,2.2695,,,,,,,158700.0,,,,,,,,,,planadamercedca,Planada,Merced,CA
2803830,2008-05-31,planadamercedca,46.9769,,,,,,,,,,,,,,,,,,,,,,,,,,,,,,,,,,,,,,,,,,,,,,,,,,,,,,,,,,,,,,,,,,2.4113,,,,,,,146500.0,,,,,,,,,,planadamercedca,Planada,Merced,CA
2803831,2008-06-30,planadamercedca,78.9564,,,,,,,,,,,,,,,,,,,,,,,,,,,,,,,,,,,,,,,,,,,,,,,,,,,,,,,,,,,,,,,,,,2.9787,,,,,,,133600.0,,,,,,,,,,planadamercedca,Planada,Merced,CA
2803832,2008-07-31,planadamercedca,69.2727,,,,,,,,,,,,,,,,,,,,,,,,,,,,,,,,,,,,,,,,,,,,,,,,,,,,,,,,,,,,,,,,,,3.4043,,,,,,,127000.0,,,,,,,,,,planadamercedca,Planada,Merced,CA
2803833,2008-08-31,planadamercedca,70.3174,,,,,,,,,,,,,,,,,,,,,,,,,,,,,,,,,,,,,,,,,,,,,,,,,,,,,,,,,,,,,,,,,,4.1135,,,,,,,124700.0,,,,,,,,,,planadamercedca,Planada,Merced,CA
2803834,2008-09-30,planadamercedca,68.8287,,,,,,,,,,,,,,,,,,,,,,,,,,,,,,,,,,,,,,,,,,,,,,,,,,,,,,,,,,,,,,,,,,4.539,,,,,,,123100.0,,,,,,,,,,planadamercedca,Planada,Merced,CA
2803835,2008-10-31,planadamercedca,35.4278,,,,,,,,,,,,,,,,,,,,,,,,,,,,,,,,,,,,,,,,,,,,,,,,,,,,,,,,,,,,,,,,,,4.539,,,,,,,116800.0,,,,,,,,,,planadamercedca,Planada,Merced,CA
2803836,2008-11-30,planadamercedca,28.8137,,,,,,,,,,,,,,,,,,,,,,,,,,,,,,,,,,,,,,,,,,,,,,,,,,,,,,,,,,,,,,,,,,4.9645,,,,,,,109700.0,,,,,,,,,,planadamercedca,Planada,Merced,CA
2803837,2008-12-31,planadamercedca,60.6909,,,,,,,,,,,,,,,,,,,,,,,,,,,,,,,,,,,,,,,,,,,,,,,,,,,,,,,,,,,,,,,,,,5.5319,,,,,,,104200.0,,,,,,,,,,planadamercedca,Planada,Merced,CA
2803838,2009-01-31,planadamercedca,70.9463,,,,,,,,,,,,,,,,,,,,,,,,,,,,,,,,,,,,,,,,,,,,,,,,,,,,,,,,,,,,,,,,,,5.6738,,,,,,,98100.0,,,,,,,,,,planadamercedca,Planada,Merced,CA
2803839,2009-02-28,planadamercedca,52.6927,,,,,,,,,,,,,,,,,,,,,,,,,,,,,,,,,,,,,,,,,,,,,,,,,,,,,,,,,,,,,,,,,,6.0993,,,,,,,90800.0,,,,,,,,,,planadamercedca,Planada,Merced,CA
2803840,2009-03-31,planadamercedca,28.754,,,,,,,,,,,,,,,,,,,,,,,,,,,,,,,,,,,,,,,,,,,,,,,,,,,,,,,,,,,,,,,,,,5.9574,,,,,,,85200.0,,,,,,,,,,planadamercedca,Planada,Merced,CA
2803841,2009-04-30,planadamercedca,10.3834,,,,,,,,,,,,,,,,,,,,,,,,,,,,,,,,,,,,,,,,,,,,,,,,,,,,,,,,,,,,,,,,,,5.9574,,,,,,,81400.0,,,,,,,,,,planadamercedca,Planada,Merced,CA
2803842,2009-05-31,planadamercedca,,,,,,,,,,,,,,,,,,,,,,,,,,,,,,,,,,,,,,,,,,,,,,,,,,,,,,,,,,,,,,,,,,,6.2411,,,,,,,78900.0,,,,,,,,,,planadamercedca,Planada,Merced,CA
2803843,2009-06-30,planadamercedca,50.1002,,,,,,,,,,,,,,,,,,,,,,,,,,,,,,,,,,,,,,,,,,,,,,,,,,,,,,,,,,,,,,,,,,6.8085,,,,,,,76700.0,,,,,,,,,,planadamercedca,Planada,Merced,CA
2803844,2009-07-31,planadamercedca,43.0446,,,,,,,,,,,,,,,,,,,,,,,,,,,,,,,,,,,,,,,,,,,,,,,,,,,,,,,,,,,,,,,,,,6.8085,,,,,,,74400.0,,,,,,,,,,planadamercedca,Planada,Merced,CA
2803845,2009-08-31,planadamercedca,32.6026,,,,,,,,,,,,,,,,,,,,,,,,,,,,,,,,,,,,,,,,,,,,,,,,,,,,,,,,,,,,,,,,,,6.382999999999999,,,,,,,72300.0,,,,,,,,,,planadamercedca,Planada,Merced,CA
2803846,2009-09-30,planadamercedca,50.9463,,,,,,,,,,,,,,,,,,,,,,,,,,,,,,,,,,,,,,,,,,,,,,,,,,,,,,,,,,,,,,,,,,6.6667,,,,,,,70500.0,,,,,,,,,,planadamercedca,Planada,Merced,CA
2803847,2009-10-31,planadamercedca,61.8301,,,,,,,,,,,,,,,,,,,,,,,,,,,,,,,,,,,,,,,,,,,,,,,,,,,,,,,,,,,,,,,,,,6.5434,,,,,,,69600.0,,,,,,,,,,planadamercedca,Planada,Merced,CA
2803848,2009-11-30,planadamercedca,80.9794,,,,,,,,,,,,,,,,,,,,,,,,,,,,,,,,,,,,,,,,,,,,,,,,,,,,,,,,,,,,,,,,,,7.265,,,,,,,69700.0,,,,,,,,,,planadamercedca,Planada,Merced,CA
2803849,2009-12-31,planadamercedca,90.2617,,,,,,,,,,,,,,,,,,,,,,,,,,,,,,,,,,,,,,,,,,,,,,,,,,,,,,,,,,,,,,,,,,7.4074,,,,,,,66600.0,,,,,,,,,,planadamercedca,Planada,Merced,CA
2803850,2010-01-31,planadamercedca,74.6006,,,,,,,,,,,,,,,,,,,,,,,,,,,,,,,,,,,,,,,,,,,,,,,,,,,,,,,,,,,,,,,,,,6.9801,,,,,,,62700.0,,,,,,,,,,planadamercedca,Planada,Merced,CA
2803851,2010-02-28,planadamercedca,50.9925,,,,,,,,,,,,,,,,,,,,,,,,,,,,,,,,,,,,,,,,,,,,,,,,,,,,,,,,,,,,,,,,,,6.9801,,,,,,,61300.0,,,,,,,,,,planadamercedca,Planada,Merced,CA
2803852,2010-03-31,planadamercedca,40.6528,,,,,,,,,,,,,,,,,,,,,,,,,,,,,,,,,,,,,,,,,,,,,,,,,,,,,,,,,,,,,,,,,,6.8376,,,,,,,62700.0,,,,,,,,,,planadamercedca,Planada,Merced,CA
2803853,2010-04-30,planadamercedca,29.4631,,,,,,,,,,,,,,,,,,,,,,,,,,,,,,,,,,,,,,,,,,,,,,,,,,,,,,,,,,,,,,,,,,6.9801,,,,,,,62600.0,,,,,,,,,,planadamercedca,Planada,Merced,CA
2803854,2010-05-31,planadamercedca,31.4008,,,,,,,,,,,,,,,,,,,,,,,,,,,,,,,,,,,,,,,,,,,,,,,,,,,,,,,,,,,,,,,,,,6.5312,,,,,,,62900.0,,,,,,,,,,planadamercedca,Planada,Merced,CA
2803855,2010-06-30,planadamercedca,31.8305,,,,,,,,,,,,,,,,,,,,,,,,,,,,,,,,,,,,,,,,,,,,,,,,,,,,,,,,,,,,,,,,,,6.8215,,,,,,,62500.0,,,,,,,,,,planadamercedca,Planada,Merced,CA
2803856,2010-07-31,planadamercedca,32.6611,,,,,,,,,,,,,,,,,,,,,,,,,,,,,,,,,,,,,,,,,,,,,,,,,,,,,,,,,,,,,,,,,,6.3861,,,,,,,61200.0,,,,,,,,,,planadamercedca,Planada,Merced,CA
2803857,2010-08-31,planadamercedca,63.9361,,,,,,,,,,,,,,,,,,,,,,,,,,,,,,,,,,,,,,,,,,,,,,,,,,,,,,,,,,,,,,,,,,6.9666,,,,,,,60000.0,,,,,,,,,,planadamercedca,Planada,Merced,CA
2803858,2010-09-30,planadamercedca,65.8884,,,,,,,,,,,,,,,,,,,,,,,,,,,,,,,,,,,,,,,,,,,,,,,,,,,,,,,,,,,,,,,,,,6.9666,,,,,,,60000.0,,,,,,,,,,planadamercedca,Planada,Merced,CA
2803859,2010-10-31,planadamercedca,33.6546,,,,,,,,,,,,,,,,,,,,,,,,,,,,,,,,,,,,,,,,,,,,,,,,,,,,,,,,,,,,,,,,,,6.8215,,,,,,,59400.0,,,,,,,,,,planadamercedca,Planada,Merced,CA
2803860,2010-11-30,planadamercedca,18.297,,,,,,,,,,,,,,,,,,,,,,,,,,,,,,,,,,,,,,,,,,,,,,,,,,,,,,,,,,,,,,,,,,6.7919,,,,,,,57600.0,,,,,938.0,940.0,0.858,,938.0,planadamercedca,Planada,Merced,CA
2803861,2010-12-31,planadamercedca,,,,,,,,,,,,,,,,,,,,,,,,,,,,,,,,,,,,,,,,,,,,,,,,,,,,,,,,,,,,,,,,,,,6.5029,,,,,,,56400.0,,,,,937.0,940.0,0.856,,937.0,planadamercedca,Planada,Merced,CA
2803862,2011-01-31,planadamercedca,48.8836,,,,,,,,,,,,,,,,,,,,,,,,,,,,,,,,,,,,,,,,,,,,,,,,,,,,,,,,,,,,,,,,,,6.5029,,,,,,,56000.0,,,,,934.0,936.0,0.852,,934.0,planadamercedca,Planada,Merced,CA
2803863,2011-02-28,planadamercedca,50.4587,,,,,,,,,,,,,,,,,,,,,,,,,,,,,,,,,,,,,,,,,,,,,,,,,,,,,,,,,,,,,,,,,,6.2139,,,,,,,56000.0,,,,,918.0,918.0,0.838,,918.0,planadamercedca,Planada,Merced,CA
2803864,2011-03-31,planadamercedca,63.3027,,,,,,,,,,,,,,,,,,,,,,,,,,,,,,,,,,,,,,,,,,,,,,,,,,,,,,,,,,,,,,,,,,7.0809,,,,,,,55300.0,,,,,892.0,891.0,0.818,,891.0,planadamercedca,Planada,Merced,CA
2803865,2011-04-30,planadamercedca,43.1831,,,,,,,,,,,,,,,,,,,,,,,,,,,,,,,,,,,,,,,,,,,,,,,,,,,,,,,,,,,,,,,,,,6.6474,,,,,,,54500.0,,,,,867.0,865.0,0.7979999999999999,,866.0,planadamercedca,Planada,Merced,CA
2803866,2011-05-31,planadamercedca,,,,,,,,,,,,,,,,,,,,,,,,,,,,,,,,,,,,,,,,,,,,,,,,,,,,,,,,,,,,,,,,,,,6.2139,,,,,,,53600.0,,,,,851.0,849.0,0.784,,851.0,planadamercedca,Planada,Merced,CA
2803867,2011-06-30,planadamercedca,42.0482,,,,,,,,,,,,,,,,,,,,,,,,,,,,,,,,,,,,,,,,,,,,,,,,,,,,,,,,,,,,,,,,,,6.0694,,,,,,,53400.0,,,,,844.0,841.0,0.778,,843.0,planadamercedca,Planada,Merced,CA
2803868,2011-07-31,planadamercedca,38.3393,,,,,,,,,,,,,,,,,,,,,,,,,,,,,,,,,,,,,,,,,,,,,,,,,,,,,,,,,,,,,,,,,,5.6358,,,,,,,52700.0,,,,,842.0,840.0,0.774,,842.0,planadamercedca,Planada,Merced,CA
2803869,2011-08-31,planadamercedca,18.3024,,,,,,,,,,,,,,,,,,,,,,,,,,,,,,,,,,,,,,,,,,,,,,,,,,,,,,,,,,,,,,,,,,5.6358,,,,,,,51400.0,,,,,839.0,836.0,0.77,,839.0,planadamercedca,Planada,Merced,CA
2803870,2011-09-30,planadamercedca,14.8325,,,,,,,,,,,,,,,,,,,,,,,,,,,,,,,,,,,,,,,,,,,,,,,,,,,,,,,,,,,,,,,,,,5.7803,,,,,,,49800.0,,,,,840.0,838.0,0.77,,839.0,planadamercedca,Planada,Merced,CA
2803871,2011-10-31,planadamercedca,,,,,,,,,,,,,,,,,,,,,,,,,,,,,,,,,,,,,,,,,,,,,,,,,,,,,,,,,,,,,,,,,,,5.3468,,,,,,,49400.0,,,,,842.0,841.0,0.772,,842.0,planadamercedca,Planada,Merced,CA
2803872,2011-11-30,planadamercedca,29.4055,,,,,,,,,,,,,,,,,,,,,,,,,,,,,,,,,,,,,,,,,,,,,,,,,,,,,,,,,,,,,,,,,,5.3468,,,,,,,49500.0,,,,,842.0,842.0,0.774,,842.0,planadamercedca,Planada,Merced,CA
2803873,2011-12-31,planadamercedca,,,,,,,,,,,,,,,,,,,,,,,,,,,,,,,,,,,,,,,,,,,,,,,,,,,,,,,,,,,,,,,,,,,5.2023,,,,,,,49800.0,,,,,844.0,843.0,0.7759999999999999,,844.0,planadamercedca,Planada,Merced,CA
2803874,2012-01-31,planadamercedca,25.9559,,,,,,,,,,,,,,,,,,,,,,,,,,,,,,,,,,,,,,,,,,,,,,,,,,,,,,,,,,,,,,,,,,4.6243,,,,,,,50100.0,,,,,845.0,844.0,0.7759999999999999,,845.0,planadamercedca,Planada,Merced,CA
2803875,2012-02-29,planadamercedca,,,,,,,,,,,,,,,,,,,,,,,,,,,,,,,,,,,,,,,,,,,,,,,,,,,,,,,,,,,,,,,,,,,4.329,,,,,,,49700.0,,,,,845.0,845.0,0.7759999999999999,,846.0,planadamercedca,Planada,Merced,CA
2803876,2012-03-31,planadamercedca,34.0491,,,,,,,,,,,,,,,,,,,,,,,,,,,,,,,,,,,,,,,,,,,,,,,,,,,,,,,,,,,,,,,,,,4.1847,,,,,,,48600.0,,,,,845.0,845.0,0.774,,845.0,planadamercedca,Planada,Merced,CA
2803877,2012-04-30,planadamercedca,30.5233,,,,,,,,,,,,,,,,,,,,,,,,,,,,,,,,,,,,,,,,,,,,,,,,,,,,,,,,,,,,,,,,,,3.7518,,,,,,,48600.0,,,,,845.0,846.0,0.772,,845.0,planadamercedca,Planada,Merced,CA
2803878,2012-05-31,planadamercedca,15.5854,,,,,,,,,,,,,,,,,,,,,,,,,,,,,,,,,,,,,,,,,,,,,,,,,,,,,,,,,,,,,,,,,,3.8961,,,,,,,49600.0,,,,,847.0,847.0,0.77,,847.0,planadamercedca,Planada,Merced,CA
2803879,2012-06-30,planadamercedca,21.2177,,,,,,,,,,,,,,,,,,,,,,,,,,,,,,,,,,,,,,,,,,,,,,,,,,,,,,,,,,,,,,,,,,4.0404,,,,,,,51100.0,,,,,850.0,850.0,0.77,,850.0,planadamercedca,Planada,Merced,CA
2803880,2012-07-31,planadamercedca,,,,,,,,,,,,,,,,,,,,,,,,,,,,,,,,,,,,,,,,,,,,,,,,,,,,,,,,,,,,,,,,,,,3.6075,,,,,,,52300.0,,,,,851.0,850.0,0.77,,850.0,planadamercedca,Planada,Merced,CA
2803881,2012-08-31,planadamercedca,27.0959,,,,,,,,,,,,,,,,,,,,,,,,,,,,,,,,,,,,,,,,,,,,,,,,,,,,,,,,,,,,,,,,,,3.3189,,,,,,,53600.0,,,,,849.0,848.0,0.768,,849.0,planadamercedca,Planada,Merced,CA
2803882,2012-09-30,planadamercedca,,,,,,,,,,,,,,,,,,,,,,,,,,,,,,,,,,,,,,,,,,,,,,,,,,,,,,,,,,,,,,,,,,,3.193,,,,,,,54500.0,,,,,848.0,846.0,0.768,,848.0,planadamercedca,Planada,Merced,CA
2803883,2012-10-31,planadamercedca,12.9261,,,,,,,,,,,,,,,,,,,,,,,,,,,,,,,,,,,,,,,,,,,,,,,,,,,,,,,,,,,,,,,,,,3.6284,,,,,,,55300.0,,,,,848.0,847.0,0.77,,848.0,planadamercedca,Planada,Merced,CA
2803884,2012-11-30,planadamercedca,,,,,,,,,,,,,,,,,,,,,,,,,,,,,,,,,,,,,,,,,,,,,,,,,,,,,,,,,,,,,,,,,,,3.3382,,,,,,,56000.0,,,,,846.0,845.0,0.77,,846.0,planadamercedca,Planada,Merced,CA
2803885,2012-12-31,planadamercedca,,,,,,,,,,,,,,,,,,,,,,,,,,,,,,,,,,,,,,,,,,,,,,,,,,,,,,,,,,,,,,,,,,,3.4833,,,,,,,57800.0,,,,,847.0,846.0,0.77,,847.0,planadamercedca,Planada,Merced,CA
2803886,2013-01-31,planadamercedca,,,,,,,,,,,,,,,,,,,,,,,,,,,,,,,,,,,,,,,,,,,,,,,,,,,,,,,,,,,,,,,,,,,3.4833,,,,,,,60000.0,,,,,847.0,845.0,0.77,,847.0,planadamercedca,Planada,Merced,CA
2803887,2013-02-28,planadamercedca,12.1654,,,,,,,,,,,,,,,,,,,,,,,,,,,,,,,,,,,,,,,,,,,,,,,,,,,,,,,,,,,,,,,,,,3.3382,,,,,,,61400.0,,,,,850.0,848.0,0.77,,850.0,planadamercedca,Planada,Merced,CA
2803888,2013-03-31,planadamercedca,,,,,,,,,,,,,,,,,,,,,,,,,,,,,,,,,,,,,,,,,,,,,,,,,,,,,,,,,,,,,,,,,,,2.9028,,,,,,,62000.0,,,,,856.0,854.0,0.774,,855.0,planadamercedca,Planada,Merced,CA
2803889,2013-04-30,planadamercedca,,,,,,,,,,,,,,,,,,,,,,,,,,,,,,,,,,,,,,,,,,,,,,,,,,,,,,,,,,,,,,,,,,,2.9028,,,,,,,62900.0,,,,,859.0,859.0,0.778,,859.0,planadamercedca,Planada,Merced,CA
2803890,2013-05-31,planadamercedca,,,,,,,,,,,,,,,,,,,,,,,,,,,,,,,,,,,,,,,,,,,,,,,,,,,,,,,,,,,,,,,,,,,2.7576,,,,,,,64400.0,,,,,860.0,860.0,0.78,,860.0,planadamercedca,Planada,Merced,CA
2803891,2013-06-30,planadamercedca,12.1359,,,,,,,,,,,,,,,,,,,,,,,,,,,,,,,,,,,,,,,,,,,,,,,,,,,,,,,,,,,,,,,,,,2.4673,,,,,,,66100.0,,,,,859.0,859.0,0.782,,859.0,planadamercedca,Planada,Merced,CA
2803892,2013-07-31,planadamercedca,,,,,,,,,,,,,,,,,,,,,,,,,,,,,,,,,,,,,,,,,,,,,,,,,,,,,,,,,,,,,,,,,,,2.4927,,,,,,,68500.0,,,,,857.0,857.0,0.782,,857.0,planadamercedca,Planada,Merced,CA
2803893,2013-08-31,planadamercedca,,,,,,,,,,,,,,,,,,,,,,,,,,,,,,,,,,,,,,,,,,,,,,,,,,,,,,,,,,,,,,,,,,,2.489,,,,,,,70700.0,,,,,857.0,855.0,0.78,,857.0,planadamercedca,Planada,Merced,CA
2803894,2013-09-30,planadamercedca,,,,,,,,,,,,,,,,,,,,,,,,,,,,,,,,,,,,,,,,,,,,,,,,,,,,,,,,,,,,,,,,,,,2.7818,,,,,,,71700.0,,,,,855.0,853.0,0.7759999999999999,,855.0,planadamercedca,Planada,Merced,CA
2803895,2013-10-31,planadamercedca,12.0192,,,,,,,,,,,,,,,,,,,,,,,,,,,,,,,,,,,,,,,,,,,,,,,,,,,,,,,,,,,,,,,,,,2.4638,,,,,,,73100.0,,,,,854.0,850.0,0.772,,854.0,planadamercedca,Planada,Merced,CA
2803896,2013-11-30,planadamercedca,,,,,,,,,,,,,,,,,,,,,,,,,,,,,,,,,,,,,,,,,,,,,,,,,,,,,,,,,,,,,,,,,,,2.7457,,,,,,,75600.0,,,,,853.0,848.0,0.768,,852.0,planadamercedca,Planada,Merced,CA
2803897,2013-12-31,planadamercedca,,,,,,,,,,,,,,,,,,,,,,,,,,,,,,,,,,,,,,,,,,,,,,,,,,,,,,,,,,,,,,,,,,,2.4566,,,,,,,77200.0,,,,,850.0,844.0,0.764,,849.0,planadamercedca,Planada,Merced,CA
2803898,2014-01-31,planadamercedca,,,,,,,,,,,,,,,,,,,,,,,,,,,,,,,,,,,,,,,,,,,,,,,,,,,,,,,,,,,,,,,,,,,2.3121,,,,,,,77600.0,,,,,848.0,844.0,0.764,,847.0,planadamercedca,Planada,Merced,CA
2803899,2014-02-28,planadamercedca,,,,,,,,,,,,,,,,,,,,,,,,,,,,,,,,,,,,,,,,,,,,,,,,,,,,,,,,,,,,,,,,,,,2.3121,,,,,,,78200.0,,,,,842.0,840.0,0.762,,842.0,planadamercedca,Planada,Merced,CA
2803900,2014-03-31,planadamercedca,,,,,,,,,,,,,,,,,,,,,,,,,,,,,,,,,,,,,,,,,,,,,,,,,,,,,,,,,,,,,,,,,,,2.4566,,,,,,,79200.0,,,,,844.0,841.0,0.7659999999999999,,843.0,planadamercedca,Planada,Merced,CA
2803901,2014-04-30,planadamercedca,,,,,,,,,,,,,,,,,,,,,,,,,,,,,,,,,,,,,,,,,,,,,,,,,,,,,,,,,,,,,,,,,,,2.6012,,,,,,,80000.0,,,,,845.0,843.0,0.77,,845.0,planadamercedca,Planada,Merced,CA
2803902,2014-05-31,planadamercedca,,,,,,,,,,,,,,,,,,,,,,,,,,,,,,,,,,,,,,,,,,,,,,,,,,,,,,,,,,,,,,,,,,,2.6012,,,,,,,81100.0,,,,,850.0,847.0,0.778,,849.0,planadamercedca,Planada,Merced,CA
2803903,2014-06-30,planadamercedca,,,,,,,,,,,,,,,,,,,,,,,,,,,,,,,,,,,,,,,,,,,,,,,,,,,,,,,,,,,,,,,,,,,2.6012,,,,,,,82300.0,,,,,854.0,851.0,0.782,,853.0,planadamercedca,Planada,Merced,CA
2803904,2014-07-31,planadamercedca,,,,,,,,,,,,,,,,,,,,,,,,,,,,,,,,,,,,,,,,,,,,,,,,,,,,,,,,,,,,,,,,,,,2.6012,,,,,,,83100.0,,,,,858.0,855.0,0.784,,857.0,planadamercedca,Planada,Merced,CA
2803905,2014-08-31,planadamercedca,15.4155,,,,,,,,,,,,,,,,,,,,,,,,,,,,,,,,,,,,,,,,,,,,,,,,,,,,,,,,,,,,,,,,,,2.8902,,,,,,,83000.0,,,,,859.0,856.0,0.784,,858.0,planadamercedca,Planada,Merced,CA
2803906,2014-09-30,planadamercedca,20.1594,,,,,,,,,,,,,,,,,,,,,,,,,,,,,,,,,,,,,,,,,,,,,,,,,,,,,,,,,,,,,,,,,,2.7457,,,,,,,83000.0,,,,,857.0,854.0,0.782,,857.0,planadamercedca,Planada,Merced,CA
2803907,2014-10-31,planadamercedca,10.091000000000001,,,,,,,,,,,,,,,,,,,,,,,,,,,,,,,,,,,,,,,,,,,,,,,,,,,,,,,,,,,,,,,,,,2.6012,,,,,,,82800.0,,,,,855.0,852.0,0.782,,855.0,planadamercedca,Planada,Merced,CA
2803908,2014-11-30,planadamercedca,,,,,,,,,,,,,,,,,,,,,,,,,,,,,,,,,,,,,,,,,,,,,,,,,,,,,,,,,,,,,,,,,,,2.3121,,,,,,,83100.0,,,,,853.0,849.0,0.778,,852.0,planadamercedca,Planada,Merced,CA
2803909,2014-12-31,planadamercedca,12.0482,,,,,,,,,,,,,,,,,,,,,,,,,,,,,,,,,,,,,,,,,,,,,,,,,,,,,,,,,,,,,,,,,,2.6012,,,,,,,84500.0,,,,,854.0,849.0,0.7759999999999999,,853.0,planadamercedca,Planada,Merced,CA
2803910,2015-01-31,planadamercedca,70.1621,,,,,,,,,,,,,,,,,,,,,,,,,,,,,,,,,,,,,,,,,,,,,,,,,,,,,,,,,,,,,,,,,,2.7457,,,,,,,86400.0,,,,,846.0,842.0,0.772,,845.0,planadamercedca,Planada,Merced,CA
2803911,2015-02-28,planadamercedca,56.9253,,,,,,,,,,,,,,,,,,,,,,,,,,,,,,,,,,,,,,,,,,,,,,,,,,,,,,,,,,,,,,,,,,2.8902,,,,,,,87600.0,,,,,840.0,837.0,0.768,,839.0,planadamercedca,Planada,Merced,CA
2803912,2015-03-31,planadamercedca,35.6902,,,,,,,,,,,,,,,,,,,,,,,,,,,,,,,,,,,,,,,,,,,,,,,,,,,,,,,,,,,,,,,,,,3.1792,,,,,,,87900.0,,,,,833.0,831.0,0.764,,832.0,planadamercedca,Planada,Merced,CA
2803913,2015-04-30,planadamercedca,10.101,,,,,,,,,,,,,,,,,,,,,,,,,,,,,,,,,,,,,,,,,,,,,,,,,,,,,,,,,,,,,,,,,,3.0347,,,,,,,86400.0,,,,,834.0,833.0,0.7659999999999999,,834.0,planadamercedca,Planada,Merced,CA
2803914,2015-05-31,planadamercedca,,,,,,,,,,,,,,,,,,,,,,,,,,,,,,,,,,,,,,,,,,,,,,,,,,,,,,,,,,,,,,,,,,,3.0347,,,,,,,84000.0,,,,,840.0,838.0,0.77,,840.0,planadamercedca,Planada,Merced,CA
2803915,2015-06-30,planadamercedca,12.0773,,,,,,,,,,,,,,,,,,,,,,,,,,,,,,,,,,,,,,,,,,,,,,,,,,,,,,,,,,,,,,,,,,3.0347,,,,,,,81700.0,,,,,849.0,846.0,0.778,,849.0,planadamercedca,Planada,Merced,CA
2803916,2015-07-31,planadamercedca,16.4033,,,,,,,,,,,,,,,,,,,,,,,,,,,,,,,,,,,,,,,,,,,,,,,,,,,,,,,,,,,,,,,,,,3.6127,,,,,,,80100.0,,,,,855.0,852.0,0.784,,855.0,planadamercedca,Planada,Merced,CA
2803917,2015-08-31,planadamercedca,,,,,,,,,,,,,,,,,,,,,,,,,,,,,,,,,,,,,,,,,,,,,,,,,,,,,,,,,,,,,,,,,,,3.1792,,,,,,,79500.0,,,,,858.0,854.0,0.7859999999999999,,857.0,planadamercedca,Planada,Merced,CA
2803918,2015-09-30,planadamercedca,,,,,,,,,,,,,,,,,,,,,,,,,,,,,,,,,,,,,,,,,,,,,,,,,,,,,,,,,,,,,,,,,,,2.8902,,,,,,,80800.0,,,,,854.0,852.0,0.784,,854.0,planadamercedca,Planada,Merced,CA
2803919,2015-10-31,planadamercedca,,,,,,,,,,,,,,,,,,,,,,,,,,,,,,,,,,,,,,,,,,,,,,,,,,,,,,,,,,,,,,,,,,,2.7457,,,,,,,82700.0,,,,,852.0,852.0,0.784,,852.0,planadamercedca,Planada,Merced,CA
2803920,2015-11-30,planadamercedca,39.0625,,,,,,,,,,,,,,,,,,,,,,,,,,,,,,,,,,,,,,,,,,,,,,,,,,,,,,,,,,,,,,,,,,2.7457,,,,,,,84000.0,,,,,850.0,850.0,0.78,,850.0,planadamercedca,Planada,Merced,CA
2803921,2015-12-31,planadamercedca,,,,,,,,,,,,,,,,,,,,,,,,,,,,,,,,,,,,,,,,,,,,,,,,,,,,,,,,,,,,,,,,,,,2.6012,,,,,,,85100.0,,,,,852.0,852.0,0.784,,852.0,planadamercedca,Planada,Merced,CA
2803922,2016-01-31,planadamercedca,,,,,,,,,,,,,,,,,,,,,,,,,,,,,,,,,,,,,,,,,,,,,,,,,,,,,,,,,,,,,,,,,,,2.4566,,,,,,,86500.0,,,,,859.0,857.0,0.79,,858.0,planadamercedca,Planada,Merced,CA
2803923,2016-02-29,planadamercedca,,,,,,,,,,,,,,,,,,,,,,,,,,,,,,,,,,,,,,,,,,,,,,,,,,,,,,,,,,,,,,,,,,,2.4566,,,,,,,87900.0,,,,,873.0,870.0,0.802,,872.0,planadamercedca,Planada,Merced,CA
2803924,2016-03-31,planadamercedca,,,,,,,,,,,,,,,,,,,,,,,,,,,,,,,,,,,,,,,,,,,,,,,,,,,,,,,,,,,,,,,,,,,2.3121,,,,,,,90300.0,,,,,885.0,879.0,0.81,,884.0,planadamercedca,Planada,Merced,CA
2803925,2016-04-30,planadamercedca,,,,,,,,,,,,,,,,,,,,,,,,,,,,,,,,,,,,,,,,,,,,,,,,,,,,,,,,,,,,,,,,,,,1.8786,,,,,,,94100.0,,,,,890.0,884.0,0.8140000000000001,,889.0,planadamercedca,Planada,Merced,CA
2803926,2016-05-31,planadamercedca,,,,,,,,,,,,,,,,,,,,,,,,,,,,,,,,,,,,,,,,,,,,,,,,,,,,,,,,,,,,,,,,,,,2.0231,,,,,,,97300.0,,,,,888.0,882.0,0.812,,887.0,planadamercedca,Planada,Merced,CA
2803927,2016-06-30,planadamercedca,,,,,,,,,,,,,,,,,,,,,,,,,,,,,,,,,,,,,,,,,,,,,,,,,,,,,,,,,,,,,,,,,,,2.1676,,,,,,,99500.0,,,,,885.0,881.0,0.8079999999999999,,885.0,planadamercedca,Planada,Merced,CA
2803928,2016-07-31,planadamercedca,,,,,,,,,,,,,,,,,,,,,,,,,,,,,,,,,,,,,,,,,,,,,,,,,,,,,,,,,,,,,,,,,,,2.0231,,,,,,,101200.0,,,,,887.0,885.0,0.81,,887.0,planadamercedca,Planada,Merced,CA
2803929,2016-08-31,planadamercedca,,,,,,,,,,,,,,,,,,,,,,,,,,,,,,,,,,,,,,,,,,,,,,,,,,,,,,,,,,,,,,,,,,,2.0231,,,,,,,103100.0,,,,,894.0,892.0,0.816,,893.0,planadamercedca,Planada,Merced,CA
2803930,2016-09-30,planadamercedca,,,,,,,,,,,,,,,,,,,,,,,,,,,,,,,,,,,,,,,,,,,,,,,,,,,,,,,,,,,,,,,,,,,2.4566,,,,,,,104700.0,,,,,906.0,903.0,0.828,,905.0,planadamercedca,Planada,Merced,CA
2803931,2016-10-31,planadamercedca,,,,,,,,,,,,,,,,,,,,,,,,,,,,,,,,,,,,,,,,,,,,,,,,,,,,,,,,,,,,,,,,,,,2.6012,,,,,,,106300.0,,,,,914.0,911.0,0.836,,913.0,planadamercedca,Planada,Merced,CA
2803932,2016-11-30,planadamercedca,,,,,,,,,,,,,,,,,,,,,,,,,,,,,,,,,,,,,,,,,,,,,,,,,,,,,,,,,,,,,,,,,,,2.6012,,,,,,,106800.0,,,,,915.0,912.0,0.8420000000000001,,915.0,planadamercedca,Planada,Merced,CA
2803933,2016-12-31,planadamercedca,,,,,,,,,,,,,,,,,,,,,,,,,,,,,,,,,,,,,,,,,,,,,,,,,,,,,,,,,,,,,,,,,,,2.8902,,,,,,,107700.0,,,,,917.0,914.0,0.8440000000000001,,916.0,planadamercedca,Planada,Merced,CA
2803934,2017-01-31,planadamercedca,,,,,,,,,,,,,,,,,,,,,,,,,,,,,,,,,,,,,,,,,,,,,,,,,,,,,,,,,,,,,,,,,,,2.7457,,,,,,,108900.0,,,,,926.0,923.0,0.848,,925.0,planadamercedca,Planada,Merced,CA
2803935,2017-02-28,planadamercedca,,,,,,,,,,,,,,,,,,,,,,,,,,,,,,,,,,,,,,,,,,,,,,,,,,,,,,,,,,,,,,,,,,,2.8902,,,,,,,108800.0,,,,,939.0,935.0,0.856,,938.0,planadamercedca,Planada,Merced,CA
2803936,2017-03-31,planadamercedca,,,,,,,,,,,,,,,,,,,,,,,,,,,,,,,,,,,,,,,,,,,,,,,,,,,,,,,,,,,,,,,,,,,3.1792,,,,,,,107700.0,,,,,958.0,954.0,0.868,,957.0,planadamercedca,Planada,Merced,CA
2803937,2017-04-30,planadamercedca,,,,,,,,,,,,,,,,,,,,,,,,,,,,,,,,,,,,,,,,,,,,,,,,,,,,,,,,,,,,,,,,,,,3.0347,,,,,,,109100.0,,,,,972.0,969.0,0.878,,971.0,planadamercedca,Planada,Merced,CA
2803938,2017-05-31,planadamercedca,,,,,,,,,,,,,,,,,,,,,,,,,,,,,,,,,,,,,,,,,,,,,,,,,,,,,,,,,,,,,,,,,,,2.8902,,,,,,,111700.0,,,,,980.0,977.0,0.884,,978.0,planadamercedca,Planada,Merced,CA
2803939,2017-06-30,planadamercedca,,,,,,,,,,,,,,,,,,,,,,,,,,,,,,,,,,,,,,,,,,,,,,,,,,,,,,,,,,,,,,,,,,,2.6012,,,,,,,113400.0,,,,,980.0,977.0,0.884,,978.0,planadamercedca,Planada,Merced,CA
2803940,2017-07-31,planadamercedca,,,,,,,,,,,,,,,,,,,,,,,,,,,,,,,,,,,,,,,,,,,,,,,,,,,,,,,,,,,,,,,,,,,2.1676,,,,,,,114400.0,,,,,976.0,973.0,0.884,,974.0,planadamercedca,Planada,Merced,CA
2803941,2017-08-31,planadamercedca,,,,,,,,,,,,,,,,,,,,,,,,,,,,,,,,,,,,,,,,,,,,,,,,,,,,,,,,,,,,,,,,,,,2.1676,,,,,,,115600.0,,,,,976.0,973.0,0.888,,975.0,planadamercedca,Planada,Merced,CA
2908257,1998-01-31,gustinemercedca,3.2092,,,,,,,,,,,,,,,,,,,,,,,,,,,,,,,,,,,,,,,,,,,,,,,,,,,,,,,,,,,,,,,,,,3.8596,,,,,,,,,,,,,,,,,gustinemercedca,Gustine,Merced,CA
2908258,1998-02-28,gustinemercedca,,,,,,,,,,,,,,,,,,,,,,,,,,,,,,,,,,,,,,,,,,,,,,,,,,,,,,,,,,,,,,,,,,,3.8596,,,,,,,,,,,,,,,,,gustinemercedca,Gustine,Merced,CA
2908259,1998-03-31,gustinemercedca,,,,,,,,,,,,,,,,,,,,,,,,,,,,,,,,,,,,,,,,,,,,,,,,,,,,,,,,,,,,,,,,,,,3.8596,,,,,,,,,,,,,,,,,gustinemercedca,Gustine,Merced,CA
2908260,1998-04-30,gustinemercedca,5.3334,,,,,,,,,,,,,,,,,,,,,,,,,,,,,,,,,,,,,,,,,,,,,,,,,80.563947633434,,82.4392998306042,109000.0,,,,,,,,,,,,,,4.5113,,,,,,,,,,,,,,,,,gustinemercedca,Gustine,Merced,CA
2908261,1998-05-31,gustinemercedca,11.8371,,,,,,,,,,,,,,,,,,,,,,,,,,,,,,,,,,,,,,,,,,,,,,,,,,,,,,,,,,,,,,,,,,4.6115,,,,,,,,,,,,,,,,,gustinemercedca,Gustine,Merced,CA
2908262,1998-06-30,gustinemercedca,10.6216,,,,,,,,,,,,,,,,,,,,,,,,,,,,,,,,,,,,,,,,,,,,,,,,,,,,,,,,,,,,,,,,,,4.5614,,,,,,,,,,,,,,,,,gustinemercedca,Gustine,Merced,CA
2908263,1998-07-31,gustinemercedca,4.7754,,,,,,,,,,,,,,,,,,,,,,,,,,,,,,,,,,,,,,,,,,,,,,,,,,,,,,,,,,,,,,,,,,4.6115,,,,,,,,,,,,,,,,,gustinemercedca,Gustine,Merced,CA
2908264,1998-08-31,gustinemercedca,,,,,,,,,,,,,,,,,,,,,,,,,,,,,,,,,,,,,,,,,,,,,,,,,,,,,,,,,,,,,,,,,,,4.5113,,,,,,,,,,,,,,,,,gustinemercedca,Gustine,Merced,CA
2908265,1998-09-30,gustinemercedca,,,,,,,,,,,,,,,,,,,,,,,,,,,,,,,,,,,,,,,,,,,,,,,,,,,,,,,,,,,,,,,,,,,4.6617,,,,,,,,,,,,,,,,,gustinemercedca,Gustine,Merced,CA
2908266,1998-10-31,gustinemercedca,,,,,,,,,,,,,,,,,,,,,,,,,,,,,,,,,,,,,,,,,,,,,,,,,,,,,,,,,,,,,,,,,,,4.6617,,,,,,,,,,,,,,,,,gustinemercedca,Gustine,Merced,CA
2908267,1998-11-30,gustinemercedca,8.3333,,,,,,,,,,,,,,,,,,,,,,,,,,,,,,,,,,,,,,,,,,,,,,,,,,,,,,,,,,,,,,,,,,4.6617,,,,,,,,,,,,,,,,,gustinemercedca,Gustine,Merced,CA
2908268,1998-12-31,gustinemercedca,8.5346,,,,,,,,,,,,,,,,,,,,,,,,,,,,,,,,,,,,,,,,,,,,,,,,,,,,,,,,,,,,,,,,,,4.6617,,,,,,,,,,,,,,,,,gustinemercedca,Gustine,Merced,CA
2908269,1999-01-31,gustinemercedca,4.3909,,,,,,,,,,,,,,,,,,,,,,,,,,,,,,,,,,,,,,,,,,,,,,,,,75.59456398641,,75.59456398641,133500.0,,,,,,,,,,,,18.1818,,4.7118,,,,,,,,,,,,,,,,,gustinemercedca,Gustine,Merced,CA
2908270,1999-02-28,gustinemercedca,8.9141,,,,,,,,,,,,,,,,,,,,,,,,,,,,,,,,,,,,,,,,,,,,,,,,,,,,,,,,,,,,,,,,11.4082,,5.3634,,,,,,,,,,,,,,,,,gustinemercedca,Gustine,Merced,CA
2908271,1999-03-31,gustinemercedca,5.6726,,,,,,,,,,,,,,,,,,,,,,,,,,,,,,,,,,,,,,,,,,,,,,,,,,,,,,,,,,,,,,,,,,5.4135,,,,,,,,,,,,,,,,,gustinemercedca,Gustine,Merced,CA
2908272,1999-04-30,gustinemercedca,,,,,,,,,,,,,,,,,,,,,,,,,,,,,,,,,,,,,,,,,,,,,,,,,,,,,,,,,,,,,,,,,,,5.0627,,,,,,,,,,,,,,,,,gustinemercedca,Gustine,Merced,CA
2908273,1999-05-31,gustinemercedca,13.5062,,,,,,,,,,,,,,,,,,,,,,,,,,,,,,,,,,,,,,,,,,,,,,,,,,,,,,,,,,,,,,,,,,5.3634,,,,,,,,,,,,,,,,,gustinemercedca,Gustine,Merced,CA
2908274,1999-06-30,gustinemercedca,12.1556,,,,,,,,,,,,,,,,,,,,,,,,,,,,,,,,,,,,,,,,,,,,,,,,,83.0536912751678,,83.0536912751678,123000.0,,,,,,,,,,,,5.3476,,5.5639,,,,,,,,,,,,,,,,,gustinemercedca,Gustine,Merced,CA
2908275,1999-07-31,gustinemercedca,12.3407,,,,,,,,,,,,,,,,,,,,,,,,,,,,,,,,,,,,,,,,,,,,,,,,,,,,,,,,,,,,,,,,,,5.7644,,,,,,,,,,,,,,,,,gustinemercedca,Gustine,Merced,CA
2908276,1999-08-31,gustinemercedca,10.472999999999999,,,,,,,,,,,,,,,,,,,,,,,,,,,,,,,,,,,,,,,,,,,,,,,,,79.6058,,79.6058,123769.2308,,,,,,,,,,,,12.5874,,6.416,,,,,,,,,,,,,,,,,gustinemercedca,Gustine,Merced,CA
2908277,1999-09-30,gustinemercedca,8.2495,,,,,,,,,,,,,,,,,,,,,,,,,,,,,,,,,,,,,,,,,,,,,,,,,80.9199,,80.9199,135764.7059,,,,,,,,,,,,8.5562,,7.0175,,,,,,,,,,,,,,,,,gustinemercedca,Gustine,Merced,CA
2908278,1999-10-31,gustinemercedca,6.1473,,,,,,,,,,,,,,,,,,,,,,,,,,,,,,,,,,,,,,,,,,,,,,,,,,,,,,,,,,,,,,,,10.4621,,7.3183,,,,,,,,,,,,,,,,,gustinemercedca,Gustine,Merced,CA
2908279,1999-11-30,gustinemercedca,5.3679,,,,,,,,,,,,,,,,,,,,,,,,,,,,,,,,,,,,,,,,,,,,,,,,,84.1419,,85.6684,114000.0,,,,,,,,,,,,8.9881,,7.7193,,,,,,,,,,,,,,,,,gustinemercedca,Gustine,Merced,CA
2908280,1999-12-31,gustinemercedca,2.677,,,,,,,,,,,,,,,,,,,,,,,,,,,,,,,,,,,,,,,,,,,,,,,,,81.1379,,81.955,108823.5294,,,,,,,,,,,,12.1923,,7.7193,,,,,,,,,,,,,,,,,gustinemercedca,Gustine,Merced,CA
2908281,2000-01-31,gustinemercedca,,,,,,,,,,,,,,,,,,,,,,,,,,,,,,,,,,,,,,,,,,,,,,,,,,79.9533,,81.6791,126775.0,,,,,,,,,,,,9.2338,,7.8697,,,,,,,,,,,,,,,,,gustinemercedca,Gustine,Merced,CA
2908282,2000-02-29,gustinemercedca,,,,,,,,,,,,,,,,,,,,,,,,,,,,,,,,,,,,,,,,,,,,,,,,,,81.7463,,82.74600000000001,130125.0,,,,,,,,,,,,11.9444,,7.9198,,,,,,,,,,,,,,,,,gustinemercedca,Gustine,Merced,CA
2908283,2000-03-31,gustinemercedca,2.7012,,,,,,,,,,,,,,,,,,,,,,,,,,,,,,,,,,,,,,,,,,,,,,,,,81.3004,,81.7288,134450.0,,,,,,,,,,,,9.343,,8.4712,,,,,,,,,,,,,,,,,gustinemercedca,Gustine,Merced,CA
2908284,2000-04-30,gustinemercedca,,,,,,,,,,,,,,,,,,,,,,,,,,,,,,,,,,,,,,,,,,,,,,,,,,86.709,,86.709,141525.0,,,,,,,,,,,,4.4952,,8.8221,,,,,,,,,,,,,,,,,gustinemercedca,Gustine,Merced,CA
2908285,2000-05-31,gustinemercedca,,,,,,,,,,,,,,,,,,,,,,,,,,,,,,,,,,,,,,,,,,,,,,,,,,90.1422,,90.1422,148025.0,,,,,,,,,,,,4.2708,,8.9223,,,,,,,,,,,,,,,,,gustinemercedca,Gustine,Merced,CA
2908286,2000-06-30,gustinemercedca,,,,,,,,,,,,,,,,,,,,,,,,,,,,,,,,,,,,,,,,,,,,,,,,,,90.7125,,90.7125,153525.0,,,,,,,,,,,,,,9.3233,,,,,,,,,,,,,,,,,gustinemercedca,Gustine,Merced,CA
2908287,2000-07-31,gustinemercedca,2.6667,,,,,,,,,,,,,,,,,,,,,,,,,,,,,,,,,,,,,,,,,,,,,,,,,92.2116,,92.2116,148025.0,,,,,,,,,,,,3.6316,,9.7744,,,,,,,,,,,,,,,,,gustinemercedca,Gustine,Merced,CA
2908288,2000-08-31,gustinemercedca,,,,,,,,,,,,,,,,,,,,,,,,,,,,,,,,,,,,,,,,,,,,,,,,,,93.4357,,93.4357,142650.0,,,,,,,,,,,,,,10.0251,,,,,,,,,,,,,,,,,gustinemercedca,Gustine,Merced,CA
2908289,2000-09-30,gustinemercedca,,,,,,,,,,,,,,,,,,,,,,,,,,,,,,,,,,,,,,,,,,,,,,,,,,96.5221,,96.7976,144475.0,,,,,,,,,,,,,,9.9248,,,,,,,,,,,,,,,,,gustinemercedca,Gustine,Merced,CA
2908290,2000-10-31,gustinemercedca,,,,,,,,,,,,,,,,,,,,,,,,,,,,,,,,,,,,,,,,,,,,,,,,,,99.0315,,99.2243,139575.0,,,,,,,,,,,,,,9.9248,,,,,,,,,,,,,,,,,gustinemercedca,Gustine,Merced,CA
2908291,2000-11-30,gustinemercedca,,,,,,,,,,,,,,,,,,,,,,,,,,,,,,,,,,,,,,,,,,,,,,,,,,102.7144,,102.79700000000001,148400.0,,,,,,,,,,,,,,10.1253,,,,,,,,,,,,,,,,,gustinemercedca,Gustine,Merced,CA
2908292,2000-12-31,gustinemercedca,,,,,,,,,,,,,,,,,,,,,,,,,,,,,,,,,,,,,,,,,,,,,,,,,,101.4242,,101.4242,155100.0,,,,,,,,,,,,,,10.5764,,,,,,,,,,,,,,,,,gustinemercedca,Gustine,Merced,CA
2908293,2001-01-31,gustinemercedca,,,,,,,,,,,,,,,,,,,,,,,,,,,,,,,,,,,,,,,,,,,,,,,,,,101.6739,,101.6739,154000.0,,,,,,,,,,,,,,10.1754,,,,,,,,,,,,,,,,,gustinemercedca,Gustine,Merced,CA
2908294,2001-02-28,gustinemercedca,,,,,,,,,,,,,,,,,,,,,,,,,,,,,,,,,,,,,,,,,,,,,,,,,,95.6026,,95.6026,,,,,,,,,,,,,,,10.2256,,,,,,,,,,,,,,,,,gustinemercedca,Gustine,Merced,CA
2908295,2001-03-31,gustinemercedca,,,,,,,,,,,,,,,,,,,,,,,,,,,,,,,,,,,,,,,,,,,,,,,,,,,,,,,,,,,,,,,,,,,9.7243,,,,,,,,,,,,,,,,,gustinemercedca,Gustine,Merced,CA
2908296,2001-04-30,gustinemercedca,,,,,,,,,,,,,,,,,,,,,,,,,,,,,,,,,,,,,,,,,,,,,,,,,,,,,,,,,,,,,,,,,,,9.7744,,,,,,,,,,,,,,,,,gustinemercedca,Gustine,Merced,CA
2908297,2001-05-31,gustinemercedca,,,,,,,,,,,,,,,,,,,,,,,,,,,,,,,,,,,,,,,,,,,,,,,,,,,,,,,,,,,,,,,,,,,10.0752,,,,,,,,,,,,,,,,,gustinemercedca,Gustine,Merced,CA
2908298,2001-06-30,gustinemercedca,2.7012,,,,,,,,,,,,,,,,,,,,,,,,,,,,,,,,,,,,,,,,,,,,,,,,,,,,,,,,,,,,,,,,,,9.6241,,,,,,,,,,,,,,,,,gustinemercedca,Gustine,Merced,CA
2908299,2001-07-31,gustinemercedca,,,,,,,,,,,,,,,,,,,,,,,,,,,,,,,,,,,,,,,,,,,,,,,,,,,,,,,,,,,,,,,,,,,9.1729,,,,,,,,,,,,,,,,,gustinemercedca,Gustine,Merced,CA
2908300,2001-08-31,gustinemercedca,,,,,,,,,,,,,,,,,,,,,,,,,,,,,,,,,,,,,,,,,,,,,,,,,,,,,,,,,,,,,,,,,,,8.8221,,,,,,,,,,,,,,,,,gustinemercedca,Gustine,Merced,CA
2908301,2001-09-30,gustinemercedca,,,,,,,,,,,,,,,,,,,,,,,,,,,,,,,,,,,,,,,,,,,,,,,,,,,,,,,,,,,,,,,,,,,8.3709,,,,,,,,,,,,,,,,,gustinemercedca,Gustine,Merced,CA
2908302,2001-10-31,gustinemercedca,,,,,,,,,,,,,,,,,,,,,,,,,,,,,,,,,,,,,,,,,,,,,,,,,,,,,,,,,,,,,,,,,,,8.1704,,,,,,,,,,,,,,,,,gustinemercedca,Gustine,Merced,CA
2908303,2001-11-30,gustinemercedca,2.7012,,,,,,,,,,,,,,,,,,,,,,,,,,,,,,,,,,,,,,,,,,,,,,,,,,,,,,,,,,,,,,,,,,7.8195,,,,,,,,,,,,,,,,,gustinemercedca,Gustine,Merced,CA
2908304,2001-12-31,gustinemercedca,,,,,,,,,,,,,,,,,,,,,,,,,,,,,,,,,,,,,,,,,,,,,,,,,,,,,,,,,,,,,,,,,,,7.218,,,,,,,,,,,,,,,,,gustinemercedca,Gustine,Merced,CA
2908305,2002-01-31,gustinemercedca,,,,,,,,,,,,,,,,,,,,,,,,,,,,,,,,,,,,,,,,,,,,,,,,,,,,,,,,,,,,,,,,,,,6.9173,,,,,,,,,,,,,,,,,gustinemercedca,Gustine,Merced,CA
2908306,2002-02-28,gustinemercedca,2.6667,,,,,,,,,,,,,,,,,,,,,,,,,,,,,,,,,,,,,,,,,,,,,,,,,,,,,,,,,,,,,,,,,,6.817,,,,,,,,,,,,,,,,,gustinemercedca,Gustine,Merced,CA
2908307,2002-03-31,gustinemercedca,,,,,,,,,,,,,,,,,,,,,,,,,,,,,,,,,,,,,,,,,,,,,,,,,,,,,,,,,,,,,,,,,,,7.218,,,,,,,,,,,,,,,,,gustinemercedca,Gustine,Merced,CA
2908308,2002-04-30,gustinemercedca,,,,,,,,,,,,,,,,,,,,,,,,,,,,,,,,,,,,,,,,,,,,,,,,,,,,,,,,,,,,,,,,,,,7.3684,,,,,,,,,,,,,,,,,gustinemercedca,Gustine,Merced,CA
2908309,2002-05-31,gustinemercedca,,,,,,,,,,,,,,,,,,,,,,,,,,,,,,,,,,,,,,,,,,,,,,,,,,,,,,,,,,,,,,,,,,,7.1178,,,,,,,,,,,,,,,,,gustinemercedca,Gustine,Merced,CA
2908310,2002-06-30,gustinemercedca,,,,,,,,,,,,,,,,,,,,,,,,,,,,,,,,,,,,,,,,,,,,,,,,,,,,,,,,,,,,,,,,,,,7.1679,,,,,,,,,,,,,,,,,gustinemercedca,Gustine,Merced,CA
2908311,2002-07-31,gustinemercedca,5.1867,,,,,,,,,,,,,,,,,,,,,,,,,,,,,,,,,,,,,,,,,,,,,,,,,128.480146052031,,128.480146052031,235000.0,,,,,,,,,,,,2.5,,7.7694,,,,,,,,,,,,,,,,,gustinemercedca,Gustine,Merced,CA
2908312,2002-08-31,gustinemercedca,6.6888,,,,,,,,,,,,,,,,,,,,,,,,,,,,,,,,,,,,,,,,,,,,,,,,,,,,,,,,,,,,,,,,,,7.4687,,,,,,,,,,,,,,,,,gustinemercedca,Gustine,Merced,CA
2908313,2002-09-30,gustinemercedca,3.6967,,,,,,,,,,,,,,,,,,,,,,,,,,,,,,,,,,,,,,,,,,,,,,,,,,,,,,,,,,,,,,,,,,7.3684,,,,,,,,,,,,,,,,,gustinemercedca,Gustine,Merced,CA
2908314,2002-10-31,gustinemercedca,,,,,,,,,,,,,,,,,,,,,,,,,,,,,,,,,,,,,,,,,,,,,,,,,,123.99708242158998,,123.99708242158998,195000.0,,,,,,,,,,,,,,7.3183,,,,,,,,,,,,,,,,,gustinemercedca,Gustine,Merced,CA
2908315,2002-11-30,gustinemercedca,,,,,,,,,,,,,,,,,,,,,,,,,,,,,,,,,,,,,,,,,,,,,,,,,,121.8922,,121.8922,192058.8235,,,,,,,,,,,,3.6765,,7.5188,,,,,,,,,,,,,,,,,gustinemercedca,Gustine,Merced,CA
2908316,2002-12-31,gustinemercedca,,,,,,,,,,,,,,,,,,,,,,,,,,,,,,,,,,,,,,,,,,,,,,,,,,,,,,,,,,,,,,,,,5.5208,,7.7193,,,,,,,,,,,,,,,,,gustinemercedca,Gustine,Merced,CA
2908317,2003-01-31,gustinemercedca,2.5934,,,,,,,,,,,,,,,,,,,,,,,,,,,,,,,,,,,,,,,,,,,,,,,,,,,,,,,,,,,,,,,,3.2708,,8.1704,,,,,,,,,,,,,,,,,gustinemercedca,Gustine,Merced,CA
2908318,2003-02-28,gustinemercedca,,,,,,,,,,,,,,,,,,,,,,,,,,,,,,,,,,,,,,,,,,,,,,,,,,126.87969924812,,126.87969924812,175000.0,,,,,,,,,,,,3.7778,,8.5714,,,,,,,,,,,,,,,,,gustinemercedca,Gustine,Merced,CA
2908319,2003-03-31,gustinemercedca,3.9873,,,,,,,,,,,,,,,,,,,,,,,,,,,,,,,,,,,,,,,,,,,,,,,,,,,,,,,,,,,,,,,,,,8.2707,,,,,,,,,,,,,,,,,gustinemercedca,Gustine,Merced,CA
2908320,2003-04-30,gustinemercedca,,,,,,,,,,,,,,,,,,,,,,,,,,,,,,,,,,,,,,,,,,,,,,,,,,,,,,,,,,,,,,,,,,,7.9699,,,,,,,,,,,,,,,,,gustinemercedca,Gustine,Merced,CA
2908321,2003-05-31,gustinemercedca,4.0209,,,,,,,,,,,,,,,,,,,,,,,,,,,,,,,,,,,,,,,,,,,,,,,,,,,,,,,,,,,,,,,,6.6667,,8.0201,,,,,,,,,,,,,,,,,gustinemercedca,Gustine,Merced,CA
2908322,2003-06-30,gustinemercedca,,,,,,,,,,,,,,,,,,,,,,,,,,,,,,,,,,,,,,,,,,,,,,,,,,126.805778491172,,126.805778491172,215000.0,,,,,,,,,,,,,,8.3709,,,,,,,,,,,,,,,,,gustinemercedca,Gustine,Merced,CA
2908323,2003-07-31,gustinemercedca,,,,,,,,,,,,,,,,,,,,,,,,,,,,,,,,,,,,,,,,,,,,,,,,,,127.7296,,128.4022,226764.7059,,,,,,,,,,,,4.3334,,7.9198,,,,,,,,,,,,,,,,,gustinemercedca,Gustine,Merced,CA
2908324,2003-08-31,gustinemercedca,,,,,,,,,,,,,,,,,,,,,,,,,,,,,,,,,,,,,,,,,,,,,,,,,,134.1975,,134.5977,234500.0,,,,,,,,,,,,,,8.3208,,,,,,,,,,,,,,,,,gustinemercedca,Gustine,Merced,CA
2908325,2003-09-30,gustinemercedca,,,,,,,,,,,,,,,,,,,,,,,,,,,,,,,,,,,,,,,,,,,,,,,,,,,,,,,,,,,,,,,,,,,8.5714,,,,,,,,,,,,,,,,,gustinemercedca,Gustine,Merced,CA
2908326,2003-10-31,gustinemercedca,,,,,,,,,,,,,,,,,,,,,,,,,,,,,,,,,,,,,,,,,,,,,,,,,,,,,,,,,,,,,,,,,,,8.6717,,,,,,,,,,,,,,,,,gustinemercedca,Gustine,Merced,CA
2908327,2003-11-30,gustinemercedca,,,,,,,,,,,,,,,,,,,,,,,,,,,,,,,,,,,,,,,,,,,,,,,,,,,,,,,,,,,,,,,,,,,8.3709,,,,,,,,,,,,,,,,,gustinemercedca,Gustine,Merced,CA
2908328,2003-12-31,gustinemercedca,5.1867,,,,,,,,,,,,,,,,,,,,,,,,,,,,,,,,,,,,,,,,,,,,,,,,,147.672552166934,,147.672552166934,262000.0,,,,,,,,,,,,,,8.2707,,,,,,,,,,,,,,,,,gustinemercedca,Gustine,Merced,CA
2908329,2004-01-31,gustinemercedca,6.6573,,,,,,,,,,,,,,,,,,,,,,,,,,,,,,,,,,,,,,,,,,,,,,,,,,,,,,,,,,,,,,,,3.096,,8.5213,,,,,,,,,,,,,,,,,gustinemercedca,Gustine,Merced,CA
2908330,2004-02-29,gustinemercedca,6.7105,,,,,,,,,,,,,,,,,,,,,,,,,,,,,,,,,,,,,,,,,,,,,,,,,,,,,,,,,,,,,,,,4.6199,,8.5714,,,,,,,,,,,,,,,,,gustinemercedca,Gustine,Merced,CA
2908331,2004-03-31,gustinemercedca,6.0689,,,,,,,,,,,,,,,,,,,,,,,,,,,,,,,,,,,,,,,,,,,,,,,,,160.557184750733,,160.557184750733,235000.0,,,,,,,,,,,,4.7339,,9.4737,,,,,,,,,,,,,,,,,gustinemercedca,Gustine,Merced,CA
2908332,2004-04-30,gustinemercedca,5.6292,,,,,,,,,,,,,,,,,,,,,,,,,,,,,,,,,,,,,,,,,,,,,,,,,159.6261,,159.6261,243823.5294,,,,,,,,,,,,2.2333,,10.3258,,,,,,,,,,,,,,,,,gustinemercedca,Gustine,Merced,CA
2908333,2004-05-31,gustinemercedca,5.3034,,,,,,,,,,,,,,,,,,,,,,,,,,,,,,,,,,,,,,,,,,,,,,,,,157.1146,,157.1146,237750.0,,,,,,,,,,,,2.2666,,11.0276,,,,,,,,,,,,,,,,,gustinemercedca,Gustine,Merced,CA
2908334,2004-06-30,gustinemercedca,2.5821,,,,,,,,,,,,,,,,,,,,,,,,,,,,,,,,,,,,,,,,,,,,,,,,,,,,,,,,,,,,,,,,5.0128,,10.7268,,,,,,,,,,,,,,,,,gustinemercedca,Gustine,Merced,CA
2908335,2004-07-31,gustinemercedca,,,,,,,,,,,,,,,,,,,,,,,,,,,,,,,,,,,,,,,,,,,,,,,,,,171.4405,,171.4405,258846.1538,,,,,,,,,,,,5.6923,,10.9774,,,,,,,,,,,,,,,,,gustinemercedca,Gustine,Merced,CA
2908336,2004-08-31,gustinemercedca,,,,,,,,,,,,,,,,,,,,,,,,,,,,,,,,,,,,,,,,,,,,,,,,,,179.9515,,179.9515,242500.0,,,,,,,,,,,,7.0705,,10.4762,,,,,,,,,,,,,,,,,gustinemercedca,Gustine,Merced,CA
2908337,2004-09-30,gustinemercedca,,,,,,,,,,,,,,,,,,,,,,,,,,,,,,,,,,,,,,,,,,,,,,,,,,174.3916,,174.3916,249875.0,,,,,,,,,,,,6.7917,,10.6767,,,,,,,,,,,,,,,,,gustinemercedca,Gustine,Merced,CA
2908338,2004-10-31,gustinemercedca,,,,,,,,,,,,,,,,,,,,,,,,,,,,,,,,,,,,,,,,,,,,,,,,,,174.5169,,174.5169,267950.0,,,,,,,,,,,,3.4375,,10.6767,,,,,,,,,,,,,,,,,gustinemercedca,Gustine,Merced,CA
2908339,2004-11-30,gustinemercedca,,,,,,,,,,,,,,,,,,,,,,,,,,,,,,,,,,,,,,,,,,,,,,,,,,,,,,,,,,,,,,,,,5.4829,,10.7268,,,,,,,,,,,,,,,,,gustinemercedca,Gustine,Merced,CA
2908340,2004-12-31,gustinemercedca,,,,,,,,,,,,,,,,,,,,,,,,,,,,,,,,,,,,,,,,,,,,,,,,,,,,,,,,,,,,,,,,,,,10.5263,,,,,,,,,,,,,,,,,gustinemercedca,Gustine,Merced,CA
2908341,2005-01-31,gustinemercedca,,,,,,,,,,,,,,,,,,,,,,,,,,,,,,,,,,,,,,,,,,,,,,,,,,,,,,,,,,,,,,,,,,,9.8246,,,,,,,,,,,,,,,,,gustinemercedca,Gustine,Merced,CA
2908342,2005-02-28,gustinemercedca,,,,,,,,,,,,,,,,,,,,,,,,,,,,,,,,,,,,,,,,,,,,,,,,,,187.29096989966598,,187.29096989966598,280000.0,,,,,,,,,,,,,,9.5238,,,,,,,,,,,,,,,,,gustinemercedca,Gustine,Merced,CA
2908343,2005-03-31,gustinemercedca,,,,,,,,,,,,,,,,,,,,,,,,,,,,,,,,,,,,,,,,,,,,,,,,,,197.5776,,197.5776,304705.8824,,,,,,,,,,,,,,8.9223,,,,,,,,,,,,,,,,,gustinemercedca,Gustine,Merced,CA
2908344,2005-04-30,gustinemercedca,,,,,,,,,,,,,,,,,,,,,,,,,,,,,,,,,,,,,,,,,,,,,,,,,,203.9914,,203.9914,309700.0,,,,,,,,,,,,4.1666,,8.2206,,,,,,,,,,,,,,,,,gustinemercedca,Gustine,Merced,CA
2908345,2005-05-31,gustinemercedca,,,,,,,,,,,,,,,,,,,,,,,,,,,,,,,,,,,,,,,,,,,,,,,,,,208.43099999999998,,208.43099999999998,345800.0,,,,,,,,,,,,,,7.5188,,,,,,,,,,,,,,,,,gustinemercedca,Gustine,Merced,CA
2908346,2005-06-30,gustinemercedca,,,,,,,,,,,,,,,,,,,,,,,,,,,,,,,,,,,,,,,,,,,,,,,,,,204.3414,,204.3414,338800.0,,,,,,,,,,,,,,7.619,,,,,,,,,,,,,,,,,gustinemercedca,Gustine,Merced,CA
2908347,2005-07-31,gustinemercedca,,,,,,,,,,,,,,,,,,,,,,,,,,,,,,,,,,,,,,,,,,,,,,,,,,221.1109,,221.1109,353700.0,,,,,,,,,,,,,,7.4687,,,,,,,,,,,,,,,,,gustinemercedca,Gustine,Merced,CA
2908348,2005-08-31,gustinemercedca,,,,,,,,,,,,,,,,,,,,,,,,,,,,,,,,,,,,,,,,,,,,,,,,,,,,,,,,,,,,,,,,,,,7.3684,,,,,,,,,,,,,,,,,gustinemercedca,Gustine,Merced,CA
2908349,2005-09-30,gustinemercedca,,,,,,,,,,,,,,,,,,,,,,,,,,,,,,,,,,,,,,,,,,,,,,,,,,254.0308,,254.0308,333846.1538,,,,,,,,,,,,,,7.1679,,,,,,,,,,,,,,,,,gustinemercedca,Gustine,Merced,CA
2908350,2005-10-31,gustinemercedca,,,,,,,,,,,,,,,,,,,,,,,,,,,,,,,,,,,,,,,,,,,,,,,,,,254.93400000000003,,254.93400000000003,315352.9412,,,,,,,,,,,,,,7.1679,,,,,,,,,,,,,,,,,gustinemercedca,Gustine,Merced,CA
2908351,2005-11-30,gustinemercedca,,,,,,,,,,,,,,,,,,,,,,,,,,,,,,,,,,,,,,,,,,,,,,,,,,257.7653,,257.7653,344450.0,,,,,,,,,,,,,,7.4185,,,,,,,,,,,,,,,,,gustinemercedca,Gustine,Merced,CA
2908352,2005-12-31,gustinemercedca,,,,,,,,,,,,,,,,,,,,,,,,,,,,,,,,,,,,,,,,,,,,,,,,,,,,,,,,,,,,,,,,,,,7.4185,,,,,,,,,,,,,,,,,gustinemercedca,Gustine,Merced,CA
2908353,2006-01-31,gustinemercedca,2.6667,,,,,,,,,,,,,,,,,,,,,,,,,,,,,,,,,,,,,,,,,,,,,,,,,,,,,,,,,,,,,,,,,,7.6692,,,,,,,,,,,,,,,,,gustinemercedca,Gustine,Merced,CA
2908354,2006-02-28,gustinemercedca,,,,,,,,,,,,,,,,,,,,,,,,,,,,,,,,,,,,,,,,,,,,,,,,,,,,,,,,,,,,,,,,,,,7.4185,,,,,,,,,,,,,,,,,gustinemercedca,Gustine,Merced,CA
2908355,2006-03-31,gustinemercedca,,,,,,,,,,,,,,,,,,,,,,,,,,,,,,,,,,,,,,,,,,,,,,,,,,,,,,,,,,,,,,,,,,,7.1178,,,,,,,,,,,,,,,,,gustinemercedca,Gustine,Merced,CA
2908356,2006-04-30,gustinemercedca,,,,,,,,,,,,,,,,,,,,,,,,,,,,,,,,,,,,,,,,,,,,,,,,,,,,,,,,,,,,,,,,,,,6.9674,,,,,,,,,,,,,,,,,gustinemercedca,Gustine,Merced,CA
2908357,2006-05-31,gustinemercedca,2.7012,,,,,,,,,,,,,,,,,,,,,,,,,,,,,,,,,,,,,,,,,,,,,,,,,,,,,,,,,,,,,,,,,,6.6667,,,,,,,,,,,,,,,,,gustinemercedca,Gustine,Merced,CA
2908358,2006-06-30,gustinemercedca,,,,,,,,,,,,,,,,,,,,,,,,,,,,,,,,,,,,,,,,,,,,,,,,,,243.90243902439,,243.90243902439,355000.0,,,,,,,,,,,,,,6.5664,,,,,,,,,,,,,,,,,gustinemercedca,Gustine,Merced,CA
2908359,2006-07-31,gustinemercedca,,,,,,,,,,,,,,,,,,,,,,,,,,,,,,,,,,,,,,,,,,,,,,,,,,,,,,,,,,,,,,,,,,,6.1153,,,,,,,,,,,,,,,,,gustinemercedca,Gustine,Merced,CA
2908360,2006-08-31,gustinemercedca,2.7012,,,,,,,,,,,,,,,,,,,,,,,,,,,,,,,,,,,,,,,,,,,,,,,,,,,,,,,,,,,,,,,,,,6.0652,,,,,,,,,,,,,,,,,gustinemercedca,Gustine,Merced,CA
2908361,2006-09-30,gustinemercedca,,,,,,,,,,,,,,,,,,,,,,,,,,,,,,,,,,,,,,,,,,,,,,,,,,,,,,,,,,,,,,,,,,,5.8145,,,,,,,,,,,,,,,,,gustinemercedca,Gustine,Merced,CA
2908362,2006-10-31,gustinemercedca,6.2129,,,,,,,,,,,,,,,,,,,,,,,,,,,,,,,,,,,,,,,,,,,,,,,,,,,,,,,,,,,,,,,,,,5.614,,,,,,,,,,,,,,,,,gustinemercedca,Gustine,Merced,CA
2908363,2006-11-30,gustinemercedca,3.7817,,,,,,,,,,,,,,,,,,,,,,,,,,,,,,,,,,,,,,,,,,,,,,,,,,,,,,,,,,,,,,,,,,5.0627,,,,,,,,,,,,,,,,,gustinemercedca,Gustine,Merced,CA
2908364,2006-12-31,gustinemercedca,,,,,,,,,,,,,,,,,,,,,,,,,,,,,,,,,,,,,,,,,,,,,,,,,,,,,,,,,,,,,,,,,,,4.8622,,,,,,,,,,,,,,,,,gustinemercedca,Gustine,Merced,CA
2908365,2007-01-31,gustinemercedca,2.5773,,,,,,,,,,,,,,,,,,,,,,,,,,,,,,,,,,,,,,,,,,,,,,,,,226.824457593688,,226.824457593688,365000.0,,,,,,,,,,,,13.3333,,5.0627,,,,,,,,,,,,,,,,,gustinemercedca,Gustine,Merced,CA
2908366,2007-02-28,gustinemercedca,,,,,,,,,,,,,,,,,,,,,,,,,,,,,,,,,,,,,,,,,,,,,,,,,,,,,,,,,,,,,,,,,,,4.9123,,,,,,,,,,,,,,,,,gustinemercedca,Gustine,Merced,CA
2908367,2007-03-31,gustinemercedca,,,,,,,,,,,,,,,,,,,,,,,,,,,,,,,,,,,,,,,,,,,,,,,,,,,,,,,,,,,,,,,,,,,4.8622,,,,,,,,,,,,,,,,,gustinemercedca,Gustine,Merced,CA
2908368,2007-04-30,gustinemercedca,,,,,,,,,,,,,,,,,,,,,,,,,,,,,,,,,,,,,,,,,,,,,,,,,,,,,,,,,,,,,,,,,,,4.6617,,,,,,,,,,,,,,,,,gustinemercedca,Gustine,Merced,CA
2908369,2007-05-31,gustinemercedca,3.2960000000000003,,,,,,,,,,,,,,,,,,,,,,,,,,,,,,,,,,,,,,,,,,,,,,,,,,,,,,,,,,,,,,,,,,4.4612,,,,,,,,,,,,,,,,,gustinemercedca,Gustine,Merced,CA
2908370,2007-06-30,gustinemercedca,10.4109,,,,,,,,,,,,,,,,,,,,,,,,,,,,,,,,,,,,,,,,,,,,,,,,,,,,,,,,,,,,,,,,,,3.9098,,,,,,,,,,,,,,,,,gustinemercedca,Gustine,Merced,CA
2908371,2007-07-31,gustinemercedca,9.2548,,,,,,,,,,,,,,,,,,,,,,,,,,,,,,,,,,,,,,,,,,,,,,,,,,,,,,,,,,,,,,,,,,3.9599,,,,,,,,,,,,,,,,,gustinemercedca,Gustine,Merced,CA
2908372,2007-08-31,gustinemercedca,17.0834,,,,,,,,,,,,,,,,,,,,,,,,,,,,,,,,,,,,,,,,,,,,,,,,,,,,,,,,,,,,,,,,,,3.8596,,,,,,,,,,,,,,,,,gustinemercedca,Gustine,Merced,CA
2908373,2007-09-30,gustinemercedca,18.0972,,,,,,,,,,,,,,,,,,,,,,,,,,,,,,,,,,,,,,,,,,,,,,,,,,,,,,,,,,,,,,,,,,3.609,,,,,,,,,,,,,,,,,gustinemercedca,Gustine,Merced,CA
2908374,2007-10-31,gustinemercedca,22.6512,,,,,,,,,,,,,,,,,,,,,,,,,,,,,,,,,,,,,,,,,,,,,,,,,,,,,,,,,,,,,,,,,,3.6591,,,,,,,,,,,,,,,,,gustinemercedca,Gustine,Merced,CA
2908375,2007-11-30,gustinemercedca,30.4855,,,,,,,,,,,,,,,,,,,,,,,,,,,,,,,,,,,,,,,,,,,,,,,,,,,,,,,,,,,,,,,,,,3.8596,,,,,,,,,,,,,,,,,gustinemercedca,Gustine,Merced,CA
2908376,2007-12-31,gustinemercedca,23.5446,,,,,,,,,,,,,,,,,,,,,,,,,,,,,,,,,,,,,,,,,,,,,,,,,,,,,,,,,,,,,,,,,,3.9098,,,,,,,,,,,,,,,,,gustinemercedca,Gustine,Merced,CA
2908377,2008-01-31,gustinemercedca,18.2606,,,,,,,,,,,,,,,,,,,,,,,,,,,,,,,,,,,,,,,,,,,,,,,,,,,,,,,,,,,,,,,,,,3.4586,,,,,,,,,,,,,,,,,gustinemercedca,Gustine,Merced,CA
2908378,2008-02-29,gustinemercedca,32.0569,,,,,,,,,,,,,,,,,,,,,,,,,,,,,,,,,,,,,,,,,,,,,,,,,,,,,,,,,,,,,,,,,,3.6591,,,,,,,,,,,,,,,,,gustinemercedca,Gustine,Merced,CA
2908379,2008-03-31,gustinemercedca,37.7074,,,,,,,,,,,,,,,,,,,,,,,,,,,,,,,,,,,,,,,,,,,,,,,,,,,,,,,,,,,,,,,,,,3.7594,,,,,,,,,,,,,,,,,gustinemercedca,Gustine,Merced,CA
2908380,2008-04-30,gustinemercedca,64.1341,,,,,,,,,,,,,,,,,,,,,,,,,,,,,,,,,,,,,,,,,,,,,,,,,,,,,,,,,,,,,,,,,,4.8622,,,,,,,,,,,,,,,,,gustinemercedca,Gustine,Merced,CA
2908381,2008-05-31,gustinemercedca,74.1245,,,,,,,,,,,,,,,,,,,,,,,,,,,,,,,,,,,,,,,,,,,,,,,,,,,,,,,,,,,,,,,,,,5.4135,,,,,,,,,,,,,,,,,gustinemercedca,Gustine,Merced,CA
2908382,2008-06-30,gustinemercedca,64.0095,,,,,,,,,,,,,,,,,,,,,,,,,,,,,,,,,,,,,,,,,,,,,,,,,,,,,,,,,,,,,,,,,,5.8647,,,,,,,,,,,,,,,,,gustinemercedca,Gustine,Merced,CA
2908383,2008-07-31,gustinemercedca,77.5095,,,,,,,,,,,,,,,,,,,,,,,,,,,,,,,,,,,,,,,,,,,,,,,,,,,,,,,,,,,,,,,,,,6.5163,,,,,,,,,,,,,,,,,gustinemercedca,Gustine,Merced,CA
2908384,2008-08-31,gustinemercedca,96.1564,,,,,,,,,,,,,,,,,,,,,,,,,,,,,,,,,,,,,,,,,,,,,,,,,,,,,,,,,,,,,,,,63.6364,,7.619,,,,,,,,,,,,,,,,,gustinemercedca,Gustine,Merced,CA
2908385,2008-09-30,gustinemercedca,92.1175,,,,,,,,,,,,,,,,,,,,,,,,,,,,,,,,,,,,,,,,,,,,,,,,,,,,,,,,,,,,,,,,,,8.5213,,,,,,,,,,,,,,,,,gustinemercedca,Gustine,Merced,CA
2908386,2008-10-31,gustinemercedca,65.2208,,,,,,,,,,,,,,,,,,,,,,,,,,,,,,,,,,,,,,,,,,,,,,,,,,,,,,,,,,,,,,,,75.1249,,8.6216,,,,,,,,,,,,,,,,,gustinemercedca,Gustine,Merced,CA
2908387,2008-11-30,gustinemercedca,53.7725,,,,,,,,,,,,,,,,,,,,,,,,,,,,,,,,,,,,,,,,,,,,,,,,,,,,,,,,,,,,,,,,91.1765,,8.7719,,,,,,,,,,,,,,,,,gustinemercedca,Gustine,Merced,CA
2908388,2008-12-31,gustinemercedca,45.8541,,,,,,,,,,,,,,,,,,,,,,,,,,,,,,,,,,,,,,,,,,,,,,,,,,,,,,,,,,,,,,,,80.1191,,9.1228,,,,,,,,,,,,,,,,,gustinemercedca,Gustine,Merced,CA
2908389,2009-01-31,gustinemercedca,52.1837,,,,,,,,,,,,,,,,,,,,,,,,,,,,,,,,,,,,,,,,,,,,,,,,,,,,,,,,,,,,,,,,84.4872,,9.5238,,,,,,,,,,,,,,,,,gustinemercedca,Gustine,Merced,CA
2908390,2009-02-28,gustinemercedca,51.2678,,,,,,,,,,,,,,,,,,,,,,,,,,,,,,,,,,,,,,,,,,,,,,,,,,,,,,,,,,,,,,,,89.5299,,10.0251,,,,,,,,,,,,,,,,,gustinemercedca,Gustine,Merced,CA
2908391,2009-03-31,gustinemercedca,43.8899,,,,,,,,,,,,,,,,,,,,,,,,,,,,,,,,,,,,,,,,,,,,,,,,,,,,,,,,,,,,,,,,71.9017,,10.7268,,,,,,,,,,,,,,,,,gustinemercedca,Gustine,Merced,CA
2908392,2009-04-30,gustinemercedca,37.7943,,,,,,,,,,,,,,,,,,,,,,,,,,,,,,,,,,,,,,,,,,,,,,,,,,,,,,,,,,,,,,,,77.96300000000001,,10.5764,,,,,,,,,,,,,,,,,gustinemercedca,Gustine,Merced,CA
2908393,2009-05-31,gustinemercedca,30.9054,,,,,,,,,,,,,,,,,,,,,,,,,,,,,,,,,,,,,,,,,,,,,,,,,,,,,,,,,,,,,,,,69.0741,,10.6266,,,,,,,,,,,,,,,,,gustinemercedca,Gustine,Merced,CA
2908394,2009-06-30,gustinemercedca,29.809,,,,,,,,,,,,,,,,,,,,,,,,,,,,,,,,,,,,,,,,,,,,,,,,,,,,,,,,,,,,,,,,81.5277,,10.6212,,,,,,,,,,,,,,,,,gustinemercedca,Gustine,Merced,CA
2908395,2009-07-31,gustinemercedca,30.0297,,,,,,,,,,,,,,,,,,,,,,,,,,,,,,,,,,,,,,,,,,,,,,,,,,,,,,,,,,,,,,,,,,10.7946,,,,,,,,,,,,,,,,,gustinemercedca,Gustine,Merced,CA
2908396,2009-08-31,gustinemercedca,20.5674,,,,,,,,,,,,,,,,,,,,,,,,,,,,,,,,,,,,,,,,,,,,,,,,,,,,,,,,,,,,,,,,,,10.4948,,,,,,,,,,,,,,,,,gustinemercedca,Gustine,Merced,CA
2908397,2009-09-30,gustinemercedca,26.401999999999997,,,,,,,,,,,,,,,,,,,,,,,,,,,,,,,,,,,,,,,,,,,,,,,,,,,,,,,,,,,,,,,,33.3333,,10.5711,,,,,,,,,,,,,,,,,gustinemercedca,Gustine,Merced,CA
2908398,2009-10-31,gustinemercedca,37.1293,,,,,,,,,,,,,,,,,,,,,,,,,,,,,,,,,,,,,,,,,,,,,,,,,91.532396297566,,91.532396297566,194000.0,,,,,,,,,,,,26.3305,,11.1874,,,,,,,,,,,,,,,,,gustinemercedca,Gustine,Merced,CA
2908399,2009-11-30,gustinemercedca,45.917,,,,,,,,,,,,,,,,,,,,,,,,,,,,,,,,,,,,,,,,,,,,,,,,,,,,,,,,,,,,,,,,26.7857,,11.3346,,,,,,,,,,,,,,,,,gustinemercedca,Gustine,Merced,CA
2908400,2009-12-31,gustinemercedca,49.9187,,,,,,,,,,,,,,,,,,,,,,,,,,,,,,,,,,,,,,,,,,,,,,,,,,,,,,,,,,,,,,,,,,11.2856,,,,,,,,,,,,,,,,,gustinemercedca,Gustine,Merced,CA
2908401,2010-01-31,gustinemercedca,33.5967,,,,,,,,,,,,,,,,,,,,,,,,,,,,,,,,,,,,,,,,,,,,,,,,,,,,,,,,,,,,,,,,,,10.7949,,,,,,,,,,,,,,,,,gustinemercedca,Gustine,Merced,CA
2908402,2010-02-28,gustinemercedca,23.6986,,,,,,,,,,,,,,,,,,,,,,,,,,,,,,,,,,,,,,,,,,,,,,,,,,,,,,,,,,,,,,,,,,10.157,,,,,,,,,,,,,,,,,gustinemercedca,Gustine,Merced,CA
2908403,2010-03-31,gustinemercedca,22.5701,,,,,,,,,,,,,,,,,,,,,,,,,,,,,,,,,,,,,,,,,,,,,,,,,,,,,,,,,,,,,,,,,,9.421,,,,,,,,,,,,,,,,,gustinemercedca,Gustine,Merced,CA
2908404,2010-04-30,gustinemercedca,19.9306,,,,,,,,,,,,,,,,,,,,,,,,,,,,,,,,,,,,,,,,,,,,,,,,,,,,,,,,,,,,,,,,36.3636,,8.4887,,,,,,,,,,,,,,,,,gustinemercedca,Gustine,Merced,CA
2908405,2010-05-31,gustinemercedca,14.5094,,,,,,,,,,,,,,,,,,,,,,,,,,,,,,,,,,,,,,,,,,,,,,,,,,,,,,,,,,,,,,,,35.9817,,8.5191,,,,,,,,,,,,,,,,,gustinemercedca,Gustine,Merced,CA
2908406,2010-06-30,gustinemercedca,13.7314,,,,,,,,,,,,,,,,,,,,,,,,,,,,,,,,,,,,,,,,,,,,,,,,,,,,,,,,,,,,,,,,54.3182,,7.7761,,,,,,,,,,,,,,,,,gustinemercedca,Gustine,Merced,CA
2908407,2010-07-31,gustinemercedca,25.9039,,,,,,,,,,,,,,,,,,,,,,,,,,,,,,,,,,,,,,,,,,,,,,,,,,,,,,,,,,,,,,,,,,7.8295,,,,,,,,,,,,,,,,,gustinemercedca,Gustine,Merced,CA
2908408,2010-08-31,gustinemercedca,31.2306,,,,,,,,,,,,,,,,,,,,,,,,,,,,,,,,,,,,,,,,,,,,,,,,,,,,,,,,,,,,,,,,,,7.9286,,,,,,,,,,,,,,,,,gustinemercedca,Gustine,Merced,CA
2908409,2010-09-30,gustinemercedca,42.5694,,,,,,,,,,,,,,,,,,,,,,,,,,,,,,,,,,,,,,,,,,,,,,,,,,,,,,,,,,,,,,,,,,7.9286,,,,,,,,,,,,,,,,,gustinemercedca,Gustine,Merced,CA
2908410,2010-10-31,gustinemercedca,38.4122,,,,,,,,,,,,,,,,,,,,,,,,,,,,,,,,,,,,,,,,,,,,,,,,,,,,,,,,,,,,,,,,,,7.0367,,,,,,,,,,,,,,,,,gustinemercedca,Gustine,Merced,CA
2908411,2010-11-30,gustinemercedca,29.0456,,,,,,,,,,,,,,,,,,,,,,,,,,,,,,,,,,,,,,,,,,,,,,,,,,,,,,,,,,,,,,,,,,6.6042,,,,,,,,,,,,1153.0,1139.0,0.746,994.0,1154.0,gustinemercedca,Gustine,Merced,CA
2908412,2010-12-31,gustinemercedca,19.921,,,,,,,,,,,,,,,,,,,,,,,,,,,,,,,,,,,,,,,,,,,,,,,,,77.6892430278885,,77.6892430278885,130000.0,,,,,,,,,,,,20.0,,6.8473,,,,,,,,,,,,1140.0,1133.0,0.74,997.0,1142.0,gustinemercedca,Gustine,Merced,CA
2908413,2011-01-31,gustinemercedca,18.2058,,,,,,,,,,,,,,,,,,,,,,,,,,,,,,,,,,,,,,,,,,,,,,,,,,,,,,,,,,,,,,,,,,6.6502,,,,,,,,,,,,1121.0,1115.0,0.728,980.0,1123.0,gustinemercedca,Gustine,Merced,CA
2908414,2011-02-28,gustinemercedca,25.2547,,,,,,,,,,,,,,,,,,,,,,,,,,,,,,,,,,,,,,,,,,,,,,,,,,,,,,,,,,,,,,,,30.2564,,6.9951,,,,,,,,,,,,1089.0,1084.0,0.708,944.0,1092.0,gustinemercedca,Gustine,Merced,CA
2908415,2011-03-31,gustinemercedca,33.1038,,,,,,,,,,,,,,,,,,,,,,,,,,,,,,,,,,,,,,,,,,,,,,,,,,,,,,,,,,,,,,,,,,7.2414,,,,,,,,,,,,1054.0,1046.0,0.6859999999999999,893.0,1057.0,gustinemercedca,Gustine,Merced,CA
2908416,2011-04-30,gustinemercedca,43.7525,,,,,,,,,,,,,,,,,,,,,,,,,,,,,,,,,,,,,,,,,,,,,,,,,,,,,,,,,,,,,,,,37.6068,,7.7833,,,,,,,,,,,,1024.0,1013.0,0.67,857.0,1027.0,gustinemercedca,Gustine,Merced,CA
2908417,2011-05-31,gustinemercedca,58.7467,,,,,,,,,,,,,,,,,,,,,,,,,,,,,,,,,,,,,,,,,,,,,,,,,,,,,,,,,,,,,,,,47.6873,,8.0296,,,,,,,,,,,,999.0,988.0,0.6579999999999999,833.0,1003.0,gustinemercedca,Gustine,Merced,CA
2908418,2011-06-30,gustinemercedca,43.0825,,,,,,,,,,,,,,,,,,,,,,,,,,,,,,,,,,,,,,,,,,,,,,,,,,,,,,,,,,,,,,,,58.0129,,7.7833,,,,,,,,,,,,982.0,971.0,0.652,824.0,984.0,gustinemercedca,Gustine,Merced,CA
2908419,2011-07-31,gustinemercedca,23.2292,,,,,,,,,,,,,,,,,,,,,,,,,,,,,,,,,,,,,,,,,,,,,,,,,,,,,,,,,,,,,,,,43.9103,,8.0296,,,,,,,,,,,,969.0,959.0,0.648,819.0,972.0,gustinemercedca,Gustine,Merced,CA
2908420,2011-08-31,gustinemercedca,20.3393,,,,,,,,,,,,,,,,,,,,,,,,,,,,,,,,,,,,,,,,,,,,,,,,,,,,,,,,,,,,,,,,50.5682,,8.1281,,,,,,,,,,,,958.0,950.0,0.642,812.0,961.0,gustinemercedca,Gustine,Merced,CA
2908421,2011-09-30,gustinemercedca,23.9336,,,,,,,,,,,,,,,,,,,,,,,,,,,,,,,,,,,,,,,,,,,,,,,,,,,,,,,,,,,,,,,,44.2045,,8.2596,,,,,,,,,,,,953.0,944.0,0.64,805.0,957.0,gustinemercedca,Gustine,Merced,CA
2908422,2011-10-31,gustinemercedca,28.1341,,,,,,,,,,,,,,,,,,,,,,,,,,,,,,,,,,,,,,,,,,,,,,,,,,,,,,,,,,,,,,,,,,8.2434,,,,,,,,,,,,947.0,938.0,0.638,787.0,951.0,gustinemercedca,Gustine,Merced,CA
2908423,2011-11-30,gustinemercedca,29.3157,,,,,,,,,,,,,,,,,,,,,,,,,,,,,,,,,,,,,,,,,,,,,,,,,,,,,,,,,,,,,,,,,,8.1016,,,,,,,,,,,,935.0,925.0,0.632,762.0,940.0,gustinemercedca,Gustine,Merced,CA
2908424,2011-12-31,gustinemercedca,30.6352,,,,,,,,,,,,,,,,,,,,,,,,,,,,,,,,,,,,,,,,,,,,,,,,,,,,,,,,,,,,,,,,,,7.954,,,,,,,,,,,,929.0,917.0,0.63,747.0,933.0,gustinemercedca,Gustine,Merced,CA
2908425,2012-01-31,gustinemercedca,34.0408,,,,,,,,,,,,,,,,,,,,,,,,,,,,,,,,,,,,,,,,,,,,,,,,,,,,,,,,,,,,,,,,,,8.0498,,,,,,,,,,,,924.0,911.0,0.628,752.0,929.0,gustinemercedca,Gustine,Merced,CA
2908426,2012-02-29,gustinemercedca,22.7031,,,,,,,,,,,,,,,,,,,,,,,,,,,,,,,,,,,,,,,,,,,,,,,,,,,,,,,,,,,,,,,,,,7.7033,,,,,,,,,,,,925.0,912.0,0.632,774.0,928.0,gustinemercedca,Gustine,Merced,CA
2908427,2012-03-31,gustinemercedca,14.3754,,,,,,,,,,,,,,,,,,,,,,,,,,,,,,,,,,,,,,,,,,,,,,,,,,,,,,,,,,,,,,,,,,7.4163,,,,,,,,,,,,932.0,921.0,0.636,800.0,935.0,gustinemercedca,Gustine,Merced,CA
2908428,2012-04-30,gustinemercedca,20.3969,,,,,,,,,,,,,,,,,,,,,,,,,,,,,,,,,,,,,,,,,,,,,,,,,,,,,,,,,,,,,,,,50.0,,7.0335,,,,,,,,,,,,942.0,932.0,0.64,822.0,944.0,gustinemercedca,Gustine,Merced,CA
2908429,2012-05-31,gustinemercedca,14.815,,,,,,,,,,,,,,,,,,,,,,,,,,,,,,,,,,,,,,,,,,,,,,,,,,,,,,,,,,,,,,,,36.631,,6.5072,,,,,,,,,,,,951.0,943.0,0.644,837.0,954.0,gustinemercedca,Gustine,Merced,CA
2908430,2012-06-30,gustinemercedca,11.5809,,,,,,,,,,,,,,,,,,,,,,,,,,,,,,,,,,,,,,,,,,,,,,,,,,,,,,,,,,,,,,,,,,6.1244,,,,,,,,,,,,958.0,949.0,0.648,832.0,961.0,gustinemercedca,Gustine,Merced,CA
2908431,2012-07-31,gustinemercedca,10.6491,,,,,,,,,,,,,,,,,,,,,,,,,,,,,,,,,,,,,,,,,,,,,,,,,,,,,,,,,,,,,,,,,,5.7895,,,,,,,,,,,,963.0,955.0,0.648,830.0,967.0,gustinemercedca,Gustine,Merced,CA
2908432,2012-08-31,gustinemercedca,8.5539,,,,,,,,,,,,,,,,,,,,,,,,,,,,,,,,,,,,,,,,,,,,,,,,,,,,,,,,,,,,,,,,18.1818,,5.6938,,,,,,,,,,,,968.0,960.0,0.648,823.0,972.0,gustinemercedca,Gustine,Merced,CA
2908433,2012-09-30,gustinemercedca,19.4215,,,,,,,,,,,,,,,,,,,,,,,,,,,,,,,,,,,,,,,,,,,,,,,,,,,,,,,,,,,,,,,,,,5.5985,,,,,,,,,,,,976.0,969.0,0.648,818.0,979.0,gustinemercedca,Gustine,Merced,CA
2908434,2012-10-31,gustinemercedca,17.0377,,,,,,,,,,,,,,,,,,,,,,,,,,,,,,,,,,,,,,,,,,,,,,,,,,,,,,,,,,,,,,,,21.9473,,5.5985,,,,,,,,,,,,981.0,975.0,0.648,816.0,983.0,gustinemercedca,Gustine,Merced,CA
2908435,2012-11-30,gustinemercedca,19.055,,,,,,,,,,,,,,,,,,,,,,,,,,,,,,,,,,,,,,,,,,,,,,,,,,,,,,,,,,,,,,,,,,5.4537,,,,,,,,,,,,978.0,974.0,0.644,813.0,981.0,gustinemercedca,Gustine,Merced,CA
2908436,2012-12-31,gustinemercedca,32.2662,,,,,,,,,,,,,,,,,,,,,,,,,,,,,,,,,,,,,,,,,,,,,,,,,,,,,,,,,,,,,,,,,,5.7432,,,,,,,,,,,,977.0,971.0,0.642,814.0,979.0,gustinemercedca,Gustine,Merced,CA
2908437,2013-01-31,gustinemercedca,27.1383,,,,,,,,,,,,,,,,,,,,,,,,,,,,,,,,,,,,,,,,,,,,,,,,,,,,,,,,,,,,,,,,,,5.8398,,,,,,,,,,,,973.0,967.0,0.64,813.0,975.0,gustinemercedca,Gustine,Merced,CA
2908438,2013-02-28,gustinemercedca,14.978,,,,,,,,,,,,,,,,,,,,,,,,,,,,,,,,,,,,,,,,,,,,,,,,,,,,,,,,,,,,,,,,45.4545,,5.9363,,,,,,,,,,,,972.0,965.0,0.64,817.0,975.0,gustinemercedca,Gustine,Merced,CA
2908439,2013-03-31,gustinemercedca,4.1463,,,,,,,,,,,,,,,,,,,,,,,,,,,,,,,,,,,,,,,,,,,,,,,,,,,,,,,,,,,,,,,,,,5.8398,,,,,,,,,,,,978.0,972.0,0.644,824.0,981.0,gustinemercedca,Gustine,Merced,CA
2908440,2013-04-30,gustinemercedca,3.4547,,,,,,,,,,,,,,,,,,,,,,,,,,,,,,,,,,,,,,,,,,,,,,,,,,,,,,,,,,,,,,,,,,5.3571,,,,,,,,,,,,988.0,983.0,0.648,820.0,991.0,gustinemercedca,Gustine,Merced,CA
2908441,2013-05-31,gustinemercedca,4.5309,,,,,,,,,,,,,,,,,,,,,,,,,,,,,,,,,,,,,,,,,,,,,,,,,,,,,,,,,,,,,,,,,,4.9228,,,,,,,,,,,,993.0,989.0,0.652,813.0,995.0,gustinemercedca,Gustine,Merced,CA
2908442,2013-06-30,gustinemercedca,5.2762,,,,,,,,,,,,,,,,,,,,,,,,,,,,,,,,,,,,,,,,,,,,,,,,,,,,,,,,,,,,,,,,25.0,,5.0676,,,,,,,,,,,,992.0,988.0,0.652,806.0,994.0,gustinemercedca,Gustine,Merced,CA
2908443,2013-07-31,gustinemercedca,2.6286,,,,,,,,,,,,,,,,,,,,,,,,,,,,,,,,,,,,,,,,,,,,,,,,,,,,,,,,,,,,,,,,,,5.0266,,,,,,,,,,,,988.0,984.0,0.65,802.0,990.0,gustinemercedca,Gustine,Merced,CA
2908444,2013-08-31,gustinemercedca,4.2131,,,,,,,,,,,,,,,,,,,,,,,,,,,,,,,,,,,,,,,,,,,,,,,,,,,,,,,,,,,,,,,,,,4.6883,,,,,,,,,,,,986.0,982.0,0.65,800.0,989.0,gustinemercedca,Gustine,Merced,CA
2908445,2013-09-30,gustinemercedca,7.7339,,,,,,,,,,,,,,,,,,,,,,,,,,,,,,,,,,,,,,,,,,,,,,,,,,,,,,,,,,,,,,,,,,4.4444,,,,,,,,,,,,984.0,979.0,0.65,796.0,986.0,gustinemercedca,Gustine,Merced,CA
2908446,2013-10-31,gustinemercedca,12.7622,,,,,,,,,,,,,,,,,,,,,,,,,,,,,,,,,,,,,,,,,,,,,,,,,,,,,,,,,,,,,,,,,,4.0984,,,,,,,,,,,,978.0,974.0,0.648,791.0,981.0,gustinemercedca,Gustine,Merced,CA
2908447,2013-11-30,gustinemercedca,9.8667,,,,,,,,,,,,,,,,,,,,,,,,,,,,,,,,,,,,,,,,,,,,,,,,,,,,,,,,,,,,,,,,,,3.9694,,,,,,,,,,,,971.0,967.0,0.644,782.0,974.0,gustinemercedca,Gustine,Merced,CA
2908448,2013-12-31,gustinemercedca,4.2667,,,,,,,,,,,,,,,,,,,,,,,,,,,,,,,,,,,,,,,,,,,,,,,,,,,,,,,,,,,,,,,,,,3.6824,,,,,,,,,,,,974.0,970.0,0.644,773.0,977.0,gustinemercedca,Gustine,Merced,CA
2908449,2014-01-31,gustinemercedca,,,,,,,,,,,,,,,,,,,,,,,,,,,,,,,,,,,,,,,,,,,,,,,,,,,,,,,,,,,,,,,,,,,3.3955,,,,,,,,,,,,978.0,973.0,0.6459999999999999,777.0,980.0,gustinemercedca,Gustine,Merced,CA
2908450,2014-02-28,gustinemercedca,,,,,,,,,,,,,,,,,,,,,,,,,,,,,,,,,,,,,,,,,,,,,,,,,,,,,,,,,,,,,,,,,,,3.2042,,,,,,,,,,,,979.0,974.0,0.644,783.0,982.0,gustinemercedca,Gustine,Merced,CA
2908451,2014-03-31,gustinemercedca,8.0,,,,,,,,,,,,,,,,,,,,,,,,,,,,,,,,,,,,,,,,,,,,,,,,,,,,,,,,,,,,,,,,,,3.4433,,,,,,,,,,,,979.0,972.0,0.642,795.0,983.0,gustinemercedca,Gustine,Merced,CA
2908452,2014-04-30,gustinemercedca,10.7282,,,,,,,,,,,,,,,,,,,,,,,,,,,,,,,,,,,,,,,,,,,,,,,,,,,,,,,,,,,,,,,,,,3.7321,,,,,,,,,,,,981.0,973.0,0.642,798.0,985.0,gustinemercedca,Gustine,Merced,CA
2908453,2014-05-31,gustinemercedca,8.5252,,,,,,,,,,,,,,,,,,,,,,,,,,,,,,,,,,,,,,,,,,,,,,,,,,,,,,,,,,,,,,,,,,4.4019,,,,,,,,,,,,985.0,976.0,0.644,799.0,988.0,gustinemercedca,Gustine,Merced,CA
2908454,2014-06-30,gustinemercedca,5.9257,,,,,,,,,,,,,,,,,,,,,,,,,,,,,,,,,,,,,,,,,,,,,,,,,,,,,,,,,,,,,,,,,,4.4019,,,,,,,,,,,,992.0,983.0,0.648,803.0,994.0,gustinemercedca,Gustine,Merced,CA
2908455,2014-07-31,gustinemercedca,5.1719,,,,,,,,,,,,,,,,,,,,,,,,,,,,,,,,,,,,,,,,,,,,,,,,,,,,,,,,,,,,,,,,9.375,,4.7368,,,,,,,,,,,,995.0,987.0,0.654,806.0,996.0,gustinemercedca,Gustine,Merced,CA
2908456,2014-08-31,gustinemercedca,2.5916,,,,,,,,,,,,,,,,,,,,,,,,,,,,,,,,,,,,,,,,,,,,,,,,,,,,,,,,,,,,,,,,,,4.9282,,,,,,,,,,,,1000.0,991.0,0.6579999999999999,808.0,1002.0,gustinemercedca,Gustine,Merced,CA
2908457,2014-09-30,gustinemercedca,3.4077,,,,,,,,,,,,,,,,,,,,,,,,,,,,,,,,,,,,,,,,,,,,,,,,,,,,,,,,,,,,,,,,26.3049,,5.0718,,,,,,,,,,,,1017.0,1003.0,0.6679999999999999,804.0,1018.0,gustinemercedca,Gustine,Merced,CA
2908458,2014-10-31,gustinemercedca,7.8984,,,,,,,,,,,,,,,,,,,,,,,,,,,,,,,,,,,,,,,,,,,,,,,,,,,,,,,,,,,,,,,,,,5.3589,,,,,,,,,,,,1034.0,1017.0,0.6759999999999999,801.0,1036.0,gustinemercedca,Gustine,Merced,CA
2908459,2014-11-30,gustinemercedca,4.9826,,,,,,,,,,,,,,,,,,,,,,,,,,,,,,,,,,,,,,,,,,,,,,,,,,,,,,,,,,,,,,,,,,5.2153,,,,,,,,,,,,1046.0,1029.0,0.684,801.0,1048.0,gustinemercedca,Gustine,Merced,CA
2908460,2014-12-31,gustinemercedca,,,,,,,,,,,,,,,,,,,,,,,,,,,,,,,,,,,,,,,,,,,,,,,,,,,,,,,,,,,,,,,,,,,5.3589,,,,,,,,,,,,1053.0,1035.0,0.688,800.0,1054.0,gustinemercedca,Gustine,Merced,CA
2908461,2015-01-31,gustinemercedca,,,,,,,,,,,,,,,,,,,,,,,,,,,,,,,,,,,,,,,,,,,,,,,,,,,,,,,,,,,,,,,,,,,5.7416,,,,,,,,,,,,1058.0,1043.0,0.69,790.0,1060.0,gustinemercedca,Gustine,Merced,CA
2908462,2015-02-28,gustinemercedca,5.2715,,,,,,,,,,,,,,,,,,,,,,,,,,,,,,,,,,,,,,,,,,,,,,,,,,,,,,,,,,,,,,,,,,5.933,,,,,,,,,,,,1065.0,1051.0,0.6920000000000001,782.0,1067.0,gustinemercedca,Gustine,Merced,CA
2908463,2015-03-31,gustinemercedca,7.4214,,,,,,,,,,,,,,,,,,,,,,,,,,,,,,,,,,,,,,,,,,,,,,,,,,,,,,,,,,,,,,,,,,6.1722,,,,,,,,,,,,1075.0,1063.0,0.696,779.0,1076.0,gustinemercedca,Gustine,Merced,CA
2908464,2015-04-30,gustinemercedca,4.1934,,,,,,,,,,,,,,,,,,,,,,,,,,,,,,,,,,,,,,,,,,,,,,,,,,,,,,,,,,,,,,,,,,6.1722,,,,,,,,,,,,1074.0,1063.0,0.698,793.0,1075.0,gustinemercedca,Gustine,Merced,CA
2908465,2015-05-31,gustinemercedca,3.6888,,,,,,,,,,,,,,,,,,,,,,,,,,,,,,,,,,,,,,,,,,,,,,,,,,,,,,,,,,,,,,,,14.2857,,5.7895,,,,,,,,,,,,1074.0,1062.0,0.7,809.0,1076.0,gustinemercedca,Gustine,Merced,CA
2908466,2015-06-30,gustinemercedca,,,,,,,,,,,,,,,,,,,,,,,,,,,,,,,,,,,,,,,,,,,,,,,,,,,,,,,,,,,,,,,,,,,5.6459,,,,,,,,,,,,1076.0,1062.0,0.7020000000000001,829.0,1079.0,gustinemercedca,Gustine,Merced,CA
2908467,2015-07-31,gustinemercedca,7.4687,,,,,,,,,,,,,,,,,,,,,,,,,,,,,,,,,,,,,,,,,,,,,,,,,,,,,,,,,,,,,,,,,,5.3589,,,,,,,,,,,,1086.0,1073.0,0.708,841.0,1090.0,gustinemercedca,Gustine,Merced,CA
2908468,2015-08-31,gustinemercedca,12.5543,,,,,,,,,,,,,,,,,,,,,,,,,,,,,,,,,,,,,,,,,,,,,,,,,,,,,,,,,,,,,,,,,,5.3589,,,,,,,,,,,,1091.0,1081.0,0.7140000000000001,854.0,1094.0,gustinemercedca,Gustine,Merced,CA
2908469,2015-09-30,gustinemercedca,10.3906,,,,,,,,,,,,,,,,,,,,,,,,,,,,,,,,,,,,,,,,,,,,,,,,,,,,,,,,,,,,,,,,,,5.1196,,,,,,,,,,,,1094.0,1085.0,0.72,871.0,1097.0,gustinemercedca,Gustine,Merced,CA
2908470,2015-10-31,gustinemercedca,7.4008,,,,,,,,,,,,,,,,,,,,,,,,,,,,,,,,,,,,,,,,,,,,,,,,,,,,,,,,,,,,,,,,,,5.1196,,,,,,,,,,,,1094.0,1086.0,0.722,894.0,1096.0,gustinemercedca,Gustine,Merced,CA
2908471,2015-11-30,gustinemercedca,6.0109,,,,,,,,,,,,,,,,,,,,,,,,,,,,,,,,,,,,,,,,,,,,,,,,,,,,,,,,,,,,,,,,,,5.1675,,,,,,,,,,,,1092.0,1086.0,0.7240000000000001,917.0,1094.0,gustinemercedca,Gustine,Merced,CA
2908472,2015-12-31,gustinemercedca,3.0284,,,,,,,,,,,,,,,,,,,,,,,,,,,,,,,,,,,,,,,,,,,,,,,,,,,,,,,,,,,,,,,,,,5.4067,,,,,,,,,,,,1102.0,1097.0,0.73,940.0,1104.0,gustinemercedca,Gustine,Merced,CA
2908473,2016-01-31,gustinemercedca,4.7636,,,,,,,,,,,,,,,,,,,,,,,,,,,,,,,,,,,,,,,,,,,,,,,,,,,,,,,,,,,,,,,,,,5.1196,,,,,,,,,,,,1115.0,1111.0,0.74,959.0,1117.0,gustinemercedca,Gustine,Merced,CA
2908474,2016-02-29,gustinemercedca,5.614,,,,,,,,,,,,,,,,,,,,,,,,,,,,,,,,,,,,,,,,,,,,,,,,,,,,,,,,,,,,,,,,,,5.0718,,,,,,,,,,,,1130.0,1124.0,0.75,957.0,1131.0,gustinemercedca,Gustine,Merced,CA
2908475,2016-03-31,gustinemercedca,3.1973,,,,,,,,,,,,,,,,,,,,,,,,,,,,,,,,,,,,,,,,,,,,,,,,,,,,,,,,,,,,,,,,,,5.0239,,,,,,,,,,,,1136.0,1128.0,0.758,950.0,1137.0,gustinemercedca,Gustine,Merced,CA
2908476,2016-04-30,gustinemercedca,8.7239,,,,,,,,,,,,,,,,,,,,,,,,,,,,,,,,,,,,,,,,,,,,,,,,,,,,,,,,,,,,,,,,,,4.9282,,,,,,,,,,,,1146.0,1136.0,0.764,944.0,1148.0,gustinemercedca,Gustine,Merced,CA
2908477,2016-05-31,gustinemercedca,5.4945,,,,,,,,,,,,,,,,,,,,,,,,,,,,,,,,,,,,,,,,,,,,,,,,,,,,,,,,,,,,,,,,,,4.689,,,,,,,,,,,,1157.0,1146.0,0.768,947.0,1159.0,gustinemercedca,Gustine,Merced,CA
2908478,2016-06-30,gustinemercedca,,,,,,,,,,,,,,,,,,,,,,,,,,,,,,,,,,,,,,,,,,,,,,,,,,,,,,,,,,,,,,,,,,,4.4498,,,,,,,,,,,,1170.0,1160.0,0.772,952.0,1172.0,gustinemercedca,Gustine,Merced,CA
2908479,2016-07-31,gustinemercedca,,,,,,,,,,,,,,,,,,,,,,,,,,,,,,,,,,,,,,,,,,,,,,,,,,,,,,,,,,,,,,,,,,,4.4976,,,,,,,,,,,,1175.0,1164.0,0.772,952.0,1176.0,gustinemercedca,Gustine,Merced,CA
2908480,2016-08-31,gustinemercedca,,,,,,,,,,,,,,,,,,,,,,,,,,,,,,,,,,,,,,,,,,,,,,,,,,,,,,,,,,,,,,,,,,,4.5455,,,,,,,,,,,,1178.0,1167.0,0.77,956.0,1178.0,gustinemercedca,Gustine,Merced,CA
2908481,2016-09-30,gustinemercedca,,,,,,,,,,,,,,,,,,,,,,,,,,,,,,,,,,,,,,,,,,,,,,,,,,,,,,,,,,,,,,,,,,,4.4976,,,,,,,,,,,,1184.0,1175.0,0.774,974.0,1185.0,gustinemercedca,Gustine,Merced,CA
2908482,2016-10-31,gustinemercedca,3.2616,,,,,,,,,,,,,,,,,,,,,,,,,,,,,,,,,,,,,,,,,,,,,,,,,,,,,,,,,,,,,,,,,,4.4498,,,,,,,,,,,,1189.0,1182.0,0.778,989.0,1190.0,gustinemercedca,Gustine,Merced,CA
2908483,2016-11-30,gustinemercedca,,,,,,,,,,,,,,,,,,,,,,,,,,,,,,,,,,,,,,,,,,,,,,,,,,,,,,,,,,,,,,,,,,,4.6411,,,,,,,,,,,,1193.0,1187.0,0.782,1000.0,1194.0,gustinemercedca,Gustine,Merced,CA
2908484,2016-12-31,gustinemercedca,,,,,,,,,,,,,,,,,,,,,,,,,,,,,,,,,,,,,,,,,,,,,,,,,,,,,,,,,,,,,,,,,,,4.5933,,,,,,,,,,,,1198.0,1190.0,0.7859999999999999,997.0,1200.0,gustinemercedca,Gustine,Merced,CA
2908485,2017-01-31,gustinemercedca,,,,,,,,,,,,,,,,,,,,,,,,,,,,,,,,,,,,,,,,,,,,,,,,,,,,,,,,,,,,,,,,,,,4.6411,,,,,,,,,,,,1209.0,1198.0,0.792,996.0,1211.0,gustinemercedca,Gustine,Merced,CA
2908486,2017-02-28,gustinemercedca,,,,,,,,,,,,,,,,,,,,,,,,,,,,,,,,,,,,,,,,,,,,,,,,,,,,,,,,,,,,,,,,,,,4.6411,,,,,,,,,,,,1222.0,1212.0,0.804,1003.0,1223.0,gustinemercedca,Gustine,Merced,CA
2908487,2017-03-31,gustinemercedca,,,,,,,,,,,,,,,,,,,,,,,,,,,,,,,,,,,,,,,,,,,,,,,,,,,,,,,,,,,,,,,,,,,4.4976,,,,,,,,,,,,1236.0,1228.0,0.816,1019.0,1236.0,gustinemercedca,Gustine,Merced,CA
2908488,2017-04-30,gustinemercedca,,,,,,,,,,,,,,,,,,,,,,,,,,,,,,,,,,,,,,,,,,,,,,,,,,,,,,,,,,,,,,,,,,,4.4019,,,,,,,,,,,,1244.0,1238.0,0.8240000000000001,1026.0,1244.0,gustinemercedca,Gustine,Merced,CA
2908489,2017-05-31,gustinemercedca,,,,,,,,,,,,,,,,,,,,,,,,,,,,,,,,,,,,,,,,,,,,,,,,,,,,,,,,,,,,,,,,,,,4.1148,,,,,,,,,,,,1247.0,1244.0,0.826,1026.0,1248.0,gustinemercedca,Gustine,Merced,CA
2908490,2017-06-30,gustinemercedca,,,,,,,,,,,,,,,,,,,,,,,,,,,,,,,,,,,,,,,,,,,,,,,,,,,,,,,,,,,,,,,,,,,3.8278,,,,,,,,,,,,1252.0,1250.0,0.83,1027.0,1253.0,gustinemercedca,Gustine,Merced,CA
2908491,2017-07-31,gustinemercedca,,,,,,,,,,,,,,,,,,,,,,,,,,,,,,,,,,,,,,,,,,,,,,,,,,,,,,,,,,,,,,,,,,,3.3971,,,,,,,,,,,,1261.0,1256.0,0.836,1032.0,1262.0,gustinemercedca,Gustine,Merced,CA
2908492,2017-08-31,gustinemercedca,,,,,,,,,,,,,,,,,,,,,,,,,,,,,,,,,,,,,,,,,,,,,,,,,,,,,,,,,,,,,,,,,,,2.9665,,,,,,,,,,,,1272.0,1264.0,0.8440000000000001,1038.0,1273.0,gustinemercedca,Gustine,Merced,CA
3311296,2001-06-30,ballicomercedca,188.6792,,,,,,,,,,,,,,,,,,,,,,,,,,,,,,,,,,,,,,,,,,,,,,,,,,,,,,,,,,,,,,,,,,,,,,,,,,,,,,,,,,,ballicomercedca,Ballico,Merced,CA
3311297,2006-02-28,ballicomercedca,,,,,,,,,,,,,,,,,,,,,,,,,,,,,,,,,,,,,,,,,,,,,,,,,,,,,,,,,,,,,,,,,,,,,,,,,,,,,,,,,,,,ballicomercedca,Ballico,Merced,CA
3311298,2006-03-31,ballicomercedca,,,,,,,,,,,,,,,,,,,,,,,,,,,,,,,,,,,,,,,,,,,,,,,,,,,,,,,,,,,,,,,,,,,,,,,,,,,,,,,,,,,,ballicomercedca,Ballico,Merced,CA
3311299,2006-04-30,ballicomercedca,,,,,,,,,,,,,,,,,,,,,,,,,,,,,,,,,,,,,,,,,,,,,,,,,,,,,,,,,,,,,,,,,,,,,,,,,,,,,,,,,,,,ballicomercedca,Ballico,Merced,CA
3311300,2006-05-31,ballicomercedca,,,,,,,,,,,,,,,,,,,,,,,,,,,,,,,,,,,,,,,,,,,,,,,,,,,,,,,,,,,,,,,,,,,,,,,,,,,,,,,,,,,,ballicomercedca,Ballico,Merced,CA
3311301,2006-06-30,ballicomercedca,,,,,,,,,,,,,,,,,,,,,,,,,,,,,,,,,,,,,,,,,,,,,,,,,,,,,,,,,,,,,,,,,,,,,,,,,,,,,,,,,,,,ballicomercedca,Ballico,Merced,CA
3311302,2006-07-31,ballicomercedca,,,,,,,,,,,,,,,,,,,,,,,,,,,,,,,,,,,,,,,,,,,,,,,,,,,,,,,,,,,,,,,,,,,,,,,,,,,,,,,,,,,,ballicomercedca,Ballico,Merced,CA
3311303,2006-08-31,ballicomercedca,,,,,,,,,,,,,,,,,,,,,,,,,,,,,,,,,,,,,,,,,,,,,,,,,,,,,,,,,,,,,,,,,,,,,,,,,,,,,,,,,,,,ballicomercedca,Ballico,Merced,CA
3311304,2006-09-30,ballicomercedca,,,,,,,,,,,,,,,,,,,,,,,,,,,,,,,,,,,,,,,,,,,,,,,,,,,,,,,,,,,,,,,,,,,,,,,,,,,,,,,,,,,,ballicomercedca,Ballico,Merced,CA
3311305,2006-10-31,ballicomercedca,,,,,,,,,,,,,,,,,,,,,,,,,,,,,,,,,,,,,,,,,,,,,,,,,,,,,,,,,,,,,,,,,,,,,,,,,,,,,,,,,,,,ballicomercedca,Ballico,Merced,CA
3311306,2006-11-30,ballicomercedca,,,,,,,,,,,,,,,,,,,,,,,,,,,,,,,,,,,,,,,,,,,,,,,,,,,,,,,,,,,,,,,,,,,,,,,,,,,,,,,,,,,,ballicomercedca,Ballico,Merced,CA
3311307,2006-12-31,ballicomercedca,,,,,,,,,,,,,,,,,,,,,,,,,,,,,,,,,,,,,,,,,,,,,,,,,,,,,,,,,,,,,,,,,,,,,,,,,,,,,,,,,,,,ballicomercedca,Ballico,Merced,CA
3311308,2007-01-31,ballicomercedca,,,,,,,,,,,,,,,,,,,,,,,,,,,,,,,,,,,,,,,,,,,,,,,,,,,,,,,,,,,,,,,,,,,,,,,,,,,,,,,,,,,,ballicomercedca,Ballico,Merced,CA
3311309,2007-02-28,ballicomercedca,,,,,,,,,,,,,,,,,,,,,,,,,,,,,,,,,,,,,,,,,,,,,,,,,,,,,,,,,,,,,,,,,,,,,,,,,,,,,,,,,,,,ballicomercedca,Ballico,Merced,CA
3311310,2007-03-31,ballicomercedca,,,,,,,,,,,,,,,,,,,,,,,,,,,,,,,,,,,,,,,,,,,,,,,,,,,,,,,,,,,,,,,,,,,,,,,,,,,,,,,,,,,,ballicomercedca,Ballico,Merced,CA
3311311,2007-04-30,ballicomercedca,,,,,,,,,,,,,,,,,,,,,,,,,,,,,,,,,,,,,,,,,,,,,,,,,,,,,,,,,,,,,,,,,,,,,,,,,,,,,,,,,,,,ballicomercedca,Ballico,Merced,CA
3311312,2007-05-31,ballicomercedca,,,,,,,,,,,,,,,,,,,,,,,,,,,,,,,,,,,,,,,,,,,,,,,,,,,,,,,,,,,,,,,,,,,,,,,,,,,,,,,,,,,,ballicomercedca,Ballico,Merced,CA
3311313,2007-06-30,ballicomercedca,,,,,,,,,,,,,,,,,,,,,,,,,,,,,,,,,,,,,,,,,,,,,,,,,,,,,,,,,,,,,,,,,,,,,,,,,,,,,,,,,,,,ballicomercedca,Ballico,Merced,CA
3311314,2007-07-31,ballicomercedca,,,,,,,,,,,,,,,,,,,,,,,,,,,,,,,,,,,,,,,,,,,,,,,,,,,,,,,,,,,,,,,,,,,,,,,,,,,,,,,,,,,,ballicomercedca,Ballico,Merced,CA
3311315,2007-08-31,ballicomercedca,588.2353,,,,,,,,,,,,,,,,,,,,,,,,,,,,,,,,,,,,,,,,,,,,,,,,,,,,,,,,,,,,,,,,,,,,,,,,,,,,,,,,,,,ballicomercedca,Ballico,Merced,CA
3311316,2007-09-30,ballicomercedca,,,,,,,,,,,,,,,,,,,,,,,,,,,,,,,,,,,,,,,,,,,,,,,,,,,,,,,,,,,,,,,,,,,,,,,,,,,,,,,,,,,,ballicomercedca,Ballico,Merced,CA
3311317,2007-10-31,ballicomercedca,,,,,,,,,,,,,,,,,,,,,,,,,,,,,,,,,,,,,,,,,,,,,,,,,,,,,,,,,,,,,,,,,,,,,,,,,,,,,,,,,,,,ballicomercedca,Ballico,Merced,CA
3311318,2007-11-30,ballicomercedca,,,,,,,,,,,,,,,,,,,,,,,,,,,,,,,,,,,,,,,,,,,,,,,,,,,,,,,,,,,,,,,,,,,,,,,,,,,,,,,,,,,,ballicomercedca,Ballico,Merced,CA
3311319,2007-12-31,ballicomercedca,,,,,,,,,,,,,,,,,,,,,,,,,,,,,,,,,,,,,,,,,,,,,,,,,,,,,,,,,,,,,,,,,,,,,,,,,,,,,,,,,,,,ballicomercedca,Ballico,Merced,CA
3311320,2008-01-31,ballicomercedca,227.2727,,,,,,,,,,,,,,,,,,,,,,,,,,,,,,,,,,,,,,,,,,,,,,,,,,,,,,,,,,,,,,,,,,,,,,,,,,,,,,,,,,,ballicomercedca,Ballico,Merced,CA
3311321,2008-02-29,ballicomercedca,,,,,,,,,,,,,,,,,,,,,,,,,,,,,,,,,,,,,,,,,,,,,,,,,,,,,,,,,,,,,,,,,,,,,,,,,,,,,,,,,,,,ballicomercedca,Ballico,Merced,CA
3311322,2008-03-31,ballicomercedca,,,,,,,,,,,,,,,,,,,,,,,,,,,,,,,,,,,,,,,,,,,,,,,,,,,,,,,,,,,,,,,,,,,,,,,,,,,,,,,,,,,,ballicomercedca,Ballico,Merced,CA
3311323,2008-04-30,ballicomercedca,,,,,,,,,,,,,,,,,,,,,,,,,,,,,,,,,,,,,,,,,,,,,,,,,,,,,,,,,,,,,,,,,,,,,,,,,,,,,,,,,,,,ballicomercedca,Ballico,Merced,CA
3311324,2008-05-31,ballicomercedca,,,,,,,,,,,,,,,,,,,,,,,,,,,,,,,,,,,,,,,,,,,,,,,,,,,,,,,,,,,,,,,,,,,,,,,,,,,,,,,,,,,,ballicomercedca,Ballico,Merced,CA
3311325,2008-06-30,ballicomercedca,,,,,,,,,,,,,,,,,,,,,,,,,,,,,,,,,,,,,,,,,,,,,,,,,,,,,,,,,,,,,,,,,,,,,,,,,,,,,,,,,,,,ballicomercedca,Ballico,Merced,CA
3311326,2008-07-31,ballicomercedca,,,,,,,,,,,,,,,,,,,,,,,,,,,,,,,,,,,,,,,,,,,,,,,,,,,,,,,,,,,,,,,,,,,,,,,,,,,,,,,,,,,,ballicomercedca,Ballico,Merced,CA
3311327,2008-08-31,ballicomercedca,,,,,,,,,,,,,,,,,,,,,,,,,,,,,,,,,,,,,,,,,,,,,,,,,,,,,,,,,,,,,,,,,,,,,,,,,,,,,,,,,,,,ballicomercedca,Ballico,Merced,CA
3311328,2008-09-30,ballicomercedca,,,,,,,,,,,,,,,,,,,,,,,,,,,,,,,,,,,,,,,,,,,,,,,,,,,,,,,,,,,,,,,,,,,,,,,,,,,,,,,,,,,,ballicomercedca,Ballico,Merced,CA
3311329,2008-10-31,ballicomercedca,,,,,,,,,,,,,,,,,,,,,,,,,,,,,,,,,,,,,,,,,,,,,,,,,,,,,,,,,,,,,,,,,,,,,,,,,,,,,,,,,,,,ballicomercedca,Ballico,Merced,CA
3311330,2008-11-30,ballicomercedca,,,,,,,,,,,,,,,,,,,,,,,,,,,,,,,,,,,,,,,,,,,,,,,,,,,,,,,,,,,,,,,,,,,,,,,,,,,,,,,,,,,,ballicomercedca,Ballico,Merced,CA
3311331,2008-12-31,ballicomercedca,,,,,,,,,,,,,,,,,,,,,,,,,,,,,,,,,,,,,,,,,,,,,,,,,,,,,,,,,,,,,,,,,,,,,,,,,,,,,,,,,,,,ballicomercedca,Ballico,Merced,CA
3311332,2009-01-31,ballicomercedca,188.6792,,,,,,,,,,,,,,,,,,,,,,,,,,,,,,,,,,,,,,,,,,,,,,,,,,,,,,,,,,,,,,,,,,,,,,,,,,,,,,,,,,,ballicomercedca,Ballico,Merced,CA
3311333,2009-02-28,ballicomercedca,,,,,,,,,,,,,,,,,,,,,,,,,,,,,,,,,,,,,,,,,,,,,,,,,,,,,,,,,,,,,,,,,,,,,,,,,,,,,,,,,,,,ballicomercedca,Ballico,Merced,CA
3311334,2009-03-31,ballicomercedca,,,,,,,,,,,,,,,,,,,,,,,,,,,,,,,,,,,,,,,,,,,,,,,,,,,,,,,,,,,,,,,,,,,,,,,,,,,,,,,,,,,,ballicomercedca,Ballico,Merced,CA
3311335,2009-04-30,ballicomercedca,,,,,,,,,,,,,,,,,,,,,,,,,,,,,,,,,,,,,,,,,,,,,,,,,,,,,,,,,,,,,,,,,,,,,,,,,,,,,,,,,,,,ballicomercedca,Ballico,Merced,CA
3311336,2009-05-31,ballicomercedca,,,,,,,,,,,,,,,,,,,,,,,,,,,,,,,,,,,,,,,,,,,,,,,,,,,,,,,,,,,,,,,,,,,,,,,,,,,,,,,,,,,,ballicomercedca,Ballico,Merced,CA
3311337,2009-06-30,ballicomercedca,454.5455,,,,,,,,,,,,,,,,,,,,,,,,,,,,,,,,,,,,,,,,,,,,,,,,,,,,,,,,,,,,,,,,,,,,,,,,,,,,,,,,,,,ballicomercedca,Ballico,Merced,CA
3311338,2009-07-31,ballicomercedca,,,,,,,,,,,,,,,,,,,,,,,,,,,,,,,,,,,,,,,,,,,,,,,,,,,,,,,,,,,,,,,,,,,,,,,,,,,,,,,,,,,,ballicomercedca,Ballico,Merced,CA
3311339,2009-08-31,ballicomercedca,214.7852,,,,,,,,,,,,,,,,,,,,,,,,,,,,,,,,,,,,,,,,,,,,,,,,,,,,,,,,,,,,,,,,,,,,,,,,,,,,,,,,,,,ballicomercedca,Ballico,Merced,CA
3311340,2009-09-30,ballicomercedca,,,,,,,,,,,,,,,,,,,,,,,,,,,,,,,,,,,,,,,,,,,,,,,,,,,,,,,,,,,,,,,,,,,,,,,,,,,,,,,,,,,,ballicomercedca,Ballico,Merced,CA
3311341,2009-10-31,ballicomercedca,,,,,,,,,,,,,,,,,,,,,,,,,,,,,,,,,,,,,,,,,,,,,,,,,,,,,,,,,,,,,,,,,,,,,,,,,,,,,,,,,,,,ballicomercedca,Ballico,Merced,CA
3311342,2009-11-30,ballicomercedca,,,,,,,,,,,,,,,,,,,,,,,,,,,,,,,,,,,,,,,,,,,,,,,,,,,,,,,,,,,,,,,,,,,,,,,,,,,,,,,,,,,,ballicomercedca,Ballico,Merced,CA
3311343,2009-12-31,ballicomercedca,,,,,,,,,,,,,,,,,,,,,,,,,,,,,,,,,,,,,,,,,,,,,,,,,,,,,,,,,,,,,,,,,,,,,,,,,,,,,,,,,,,,ballicomercedca,Ballico,Merced,CA
3311344,2010-01-31,ballicomercedca,,,,,,,,,,,,,,,,,,,,,,,,,,,,,,,,,,,,,,,,,,,,,,,,,,,,,,,,,,,,,,,,,,,,,,,,,,,,,,,,,,,,ballicomercedca,Ballico,Merced,CA
3311345,2010-02-28,ballicomercedca,,,,,,,,,,,,,,,,,,,,,,,,,,,,,,,,,,,,,,,,,,,,,,,,,,,,,,,,,,,,,,,,,,,,,,,,,,,,,,,,,,,,ballicomercedca,Ballico,Merced,CA
3311346,2010-03-31,ballicomercedca,,,,,,,,,,,,,,,,,,,,,,,,,,,,,,,,,,,,,,,,,,,,,,,,,,,,,,,,,,,,,,,,,,,,,,,,,,,,,,,,,,,,ballicomercedca,Ballico,Merced,CA
3311347,2010-04-30,ballicomercedca,,,,,,,,,,,,,,,,,,,,,,,,,,,,,,,,,,,,,,,,,,,,,,,,,,,,,,,,,,,,,,,,,,,,,,,,,,,,,,,,,,,,ballicomercedca,Ballico,Merced,CA
3311348,2010-05-31,ballicomercedca,,,,,,,,,,,,,,,,,,,,,,,,,,,,,,,,,,,,,,,,,,,,,,,,,,,,,,,,,,,,,,,,,,,,,,,,,,,,,,,,,,,,ballicomercedca,Ballico,Merced,CA
3311349,2010-06-30,ballicomercedca,,,,,,,,,,,,,,,,,,,,,,,,,,,,,,,,,,,,,,,,,,,,,,,,,,,,,,,,,,,,,,,,,,,,,,,,,,,,,,,,,,,,ballicomercedca,Ballico,Merced,CA
3311350,2010-07-31,ballicomercedca,,,,,,,,,,,,,,,,,,,,,,,,,,,,,,,,,,,,,,,,,,,,,,,,,,,,,,,,,,,,,,,,,,,,,,,,,,,,,,,,,,,,ballicomercedca,Ballico,Merced,CA
3311351,2010-08-31,ballicomercedca,,,,,,,,,,,,,,,,,,,,,,,,,,,,,,,,,,,,,,,,,,,,,,,,,,,,,,,,,,,,,,,,,,,,,,,,,,,,,,,,,,,,ballicomercedca,Ballico,Merced,CA
3311352,2010-09-30,ballicomercedca,133.6898,,,,,,,,,,,,,,,,,,,,,,,,,,,,,,,,,,,,,,,,,,,,,,,,,,,,,,,,,,,,,,,,,,,,,,,,,,,,,,,,,,,ballicomercedca,Ballico,Merced,CA
3311353,2010-10-31,ballicomercedca,,,,,,,,,,,,,,,,,,,,,,,,,,,,,,,,,,,,,,,,,,,,,,,,,,,,,,,,,,,,,,,,,,,,,,,,,,,,,,,,,,,,ballicomercedca,Ballico,Merced,CA
3311354,2010-11-30,ballicomercedca,,,,,,,,,,,,,,,,,,,,,,,,,,,,,,,,,,,,,,,,,,,,,,,,,,,,,,,,,,,,,,,,,,,,,,,,,,,,,,,,,,,,ballicomercedca,Ballico,Merced,CA
3311355,2010-12-31,ballicomercedca,,,,,,,,,,,,,,,,,,,,,,,,,,,,,,,,,,,,,,,,,,,,,,,,,,,,,,,,,,,,,,,,,,,,,,,,,,,,,,,,,,,,ballicomercedca,Ballico,Merced,CA
3311356,2011-01-31,ballicomercedca,,,,,,,,,,,,,,,,,,,,,,,,,,,,,,,,,,,,,,,,,,,,,,,,,,,,,,,,,,,,,,,,,,,,,,,,,,,,,,,,,,,,ballicomercedca,Ballico,Merced,CA
3311357,2011-02-28,ballicomercedca,,,,,,,,,,,,,,,,,,,,,,,,,,,,,,,,,,,,,,,,,,,,,,,,,,,,,,,,,,,,,,,,,,,,,,,,,,,,,,,,,,,,ballicomercedca,Ballico,Merced,CA
3311358,2011-03-31,ballicomercedca,588.2353,,,,,,,,,,,,,,,,,,,,,,,,,,,,,,,,,,,,,,,,,,,,,,,,,,,,,,,,,,,,,,,,,,,,,,,,,,,,,,,,,,,ballicomercedca,Ballico,Merced,CA
3311359,2011-04-30,ballicomercedca,375.9044,,,,,,,,,,,,,,,,,,,,,,,,,,,,,,,,,,,,,,,,,,,,,,,,,,,,,,,,,,,,,,,,,,,,,,,,,,,,,,,,,,,ballicomercedca,Ballico,Merced,CA
3311360,2011-05-31,ballicomercedca,,,,,,,,,,,,,,,,,,,,,,,,,,,,,,,,,,,,,,,,,,,,,,,,,,,,,,,,,,,,,,,,,,,,,,,,,,,,,,,,,,,,ballicomercedca,Ballico,Merced,CA
3311361,2011-06-30,ballicomercedca,227.2727,,,,,,,,,,,,,,,,,,,,,,,,,,,,,,,,,,,,,,,,,,,,,,,,,,,,,,,,,,,,,,,,,,,,,,,,,,,,,,,,,,,ballicomercedca,Ballico,Merced,CA
3311362,2011-07-31,ballicomercedca,,,,,,,,,,,,,,,,,,,,,,,,,,,,,,,,,,,,,,,,,,,,,,,,,,,,,,,,,,,,,,,,,,,,,,,,,,,,,,,,,,,,ballicomercedca,Ballico,Merced,CA
3311363,2011-08-31,ballicomercedca,821.6783,,,,,,,,,,,,,,,,,,,,,,,,,,,,,,,,,,,,,,,,,,,,,,,,,,,,,,,,,,,,,,,,,,,,,,,,,,,,,,,,,,,ballicomercedca,Ballico,Merced,CA
3311364,2011-09-30,ballicomercedca,411.7647,,,,,,,,,,,,,,,,,,,,,,,,,,,,,,,,,,,,,,,,,,,,,,,,,,,,,,,,,,,,,,,,,,,,,,,,,,,,,,,,,,,ballicomercedca,Ballico,Merced,CA
3311365,2011-10-31,ballicomercedca,,,,,,,,,,,,,,,,,,,,,,,,,,,,,,,,,,,,,,,,,,,,,,,,,,,,,,,,,,,,,,,,,,,,,,,,,,,,,,,,,,,,ballicomercedca,Ballico,Merced,CA
3311366,2011-11-30,ballicomercedca,174.8252,,,,,,,,,,,,,,,,,,,,,,,,,,,,,,,,,,,,,,,,,,,,,,,,,,,,,,,,,,,,,,,,,,,,,,,,,,,,,,,,,,,ballicomercedca,Ballico,Merced,CA
3311367,2011-12-31,ballicomercedca,,,,,,,,,,,,,,,,,,,,,,,,,,,,,,,,,,,,,,,,,,,,,,,,,,,,,,,,,,,,,,,,,,,,,,,,,,,,,,,,,,,,ballicomercedca,Ballico,Merced,CA
3311368,2012-01-31,ballicomercedca,,,,,,,,,,,,,,,,,,,,,,,,,,,,,,,,,,,,,,,,,,,,,,,,,,,,,,,,,,,,,,,,,,,,,,,,,,,,,,,,,,,,ballicomercedca,Ballico,Merced,CA
3311369,2012-02-29,ballicomercedca,,,,,,,,,,,,,,,,,,,,,,,,,,,,,,,,,,,,,,,,,,,,,,,,,,,,,,,,,,,,,,,,,,,,,,,,,,,,,,,,,,,,ballicomercedca,Ballico,Merced,CA
3311370,2012-03-31,ballicomercedca,,,,,,,,,,,,,,,,,,,,,,,,,,,,,,,,,,,,,,,,,,,,,,,,,,,,,,,,,,,,,,,,,,,,,,,,,,,,,,,,,,,,ballicomercedca,Ballico,Merced,CA
3311371,2012-04-30,ballicomercedca,,,,,,,,,,,,,,,,,,,,,,,,,,,,,,,,,,,,,,,,,,,,,,,,,,,,,,,,,,,,,,,,,,,7.7778,,,,,,,,,,,,,,,,,ballicomercedca,Ballico,Merced,CA
3311372,2012-05-31,ballicomercedca,,,,,,,,,,,,,,,,,,,,,,,,,,,,,,,,,,,,,,,,,,,,,,,,,,,,,,,,,,,,,,,,,,,7.7778,,,,,,,,,,,,,,,,,ballicomercedca,Ballico,Merced,CA
3311373,2012-06-30,ballicomercedca,,,,,,,,,,,,,,,,,,,,,,,,,,,,,,,,,,,,,,,,,,,,,,,,,,,,,,,,,,,,,,,,,,,6.6667,,,,,,,,,,,,,,,,,ballicomercedca,Ballico,Merced,CA
3311374,2012-07-31,ballicomercedca,,,,,,,,,,,,,,,,,,,,,,,,,,,,,,,,,,,,,,,,,,,,,,,,,,,,,,,,,,,,,,,,,,,6.6667,,,,,,,,,,,,,,,,,ballicomercedca,Ballico,Merced,CA
3311375,2012-08-31,ballicomercedca,,,,,,,,,,,,,,,,,,,,,,,,,,,,,,,,,,,,,,,,,,,,,,,,,,,,,,,,,,,,,,,,,,,5.5556,,,,,,,,,,,,,,,,,ballicomercedca,Ballico,Merced,CA
3311376,2012-09-30,ballicomercedca,,,,,,,,,,,,,,,,,,,,,,,,,,,,,,,,,,,,,,,,,,,,,,,,,,,,,,,,,,,,,,,,,,,5.9524,,,,,,,,,,,,,,,,,ballicomercedca,Ballico,Merced,CA
3311377,2012-10-31,ballicomercedca,,,,,,,,,,,,,,,,,,,,,,,,,,,,,,,,,,,,,,,,,,,,,,,,,,,,,,,,,,,,,,,,,,,5.9524,,,,,,,,,,,,,,,,,ballicomercedca,Ballico,Merced,CA
3311378,2012-11-30,ballicomercedca,,,,,,,,,,,,,,,,,,,,,,,,,,,,,,,,,,,,,,,,,,,,,,,,,,,,,,,,,,,,,,,,,,,5.9524,,,,,,,,,,,,,,,,,ballicomercedca,Ballico,Merced,CA
3311379,2012-12-31,ballicomercedca,,,,,,,,,,,,,,,,,,,,,,,,,,,,,,,,,,,,,,,,,,,,,,,,,,,,,,,,,,,,,,,,,,,3.5714,,,,,,,,,,,,,,,,,ballicomercedca,Ballico,Merced,CA
3311380,2013-01-31,ballicomercedca,,,,,,,,,,,,,,,,,,,,,,,,,,,,,,,,,,,,,,,,,,,,,,,,,,,,,,,,,,,,,,,,,,,3.5714,,,,,,,,,,,,,,,,,ballicomercedca,Ballico,Merced,CA
3311381,2013-02-28,ballicomercedca,,,,,,,,,,,,,,,,,,,,,,,,,,,,,,,,,,,,,,,,,,,,,,,,,,,,,,,,,,,,,,,,,,,3.5714,,,,,,,,,,,,,,,,,ballicomercedca,Ballico,Merced,CA
3311382,2013-03-31,ballicomercedca,,,,,,,,,,,,,,,,,,,,,,,,,,,,,,,,,,,,,,,,,,,,,,,,,,,,,,,,,,,,,,,,,,,1.1905,,,,,,,,,,,,,,,,,ballicomercedca,Ballico,Merced,CA
3311383,2013-04-30,ballicomercedca,,,,,,,,,,,,,,,,,,,,,,,,,,,,,,,,,,,,,,,,,,,,,,,,,,,,,,,,,,,,,,,,,,,2.381,,,,,,,,,,,,,,,,,ballicomercedca,Ballico,Merced,CA
3311384,2013-05-31,ballicomercedca,,,,,,,,,,,,,,,,,,,,,,,,,,,,,,,,,,,,,,,,,,,,,,,,,,,,,,,,,,,,,,,,,,,3.5714,,,,,,,,,,,,,,,,,ballicomercedca,Ballico,Merced,CA
3311385,2013-06-30,ballicomercedca,,,,,,,,,,,,,,,,,,,,,,,,,,,,,,,,,,,,,,,,,,,,,,,,,,,,,,,,,,,,,,,,,,,3.5714,,,,,,,,,,,,,,,,,ballicomercedca,Ballico,Merced,CA
3311386,2013-07-31,ballicomercedca,,,,,,,,,,,,,,,,,,,,,,,,,,,,,,,,,,,,,,,,,,,,,,,,,,,,,,,,,,,,,,,,,,,3.7037,,,,,,,,,,,,,,,,,ballicomercedca,Ballico,Merced,CA
3311387,2013-08-31,ballicomercedca,,,,,,,,,,,,,,,,,,,,,,,,,,,,,,,,,,,,,,,,,,,,,,,,,,,,,,,,,,,,,,,,,,,4.9383,,,,,,,,,,,,,,,,,ballicomercedca,Ballico,Merced,CA
3311388,2013-09-30,ballicomercedca,,,,,,,,,,,,,,,,,,,,,,,,,,,,,,,,,,,,,,,,,,,,,,,,,,,,,,,,,,,,,,,,,,,4.9383,,,,,,,,,,,,,,,,,ballicomercedca,Ballico,Merced,CA
3311389,2013-10-31,ballicomercedca,,,,,,,,,,,,,,,,,,,,,,,,,,,,,,,,,,,,,,,,,,,,,,,,,,,,,,,,,,,,,,,,,,,5.9524,,,,,,,,,,,,,,,,,ballicomercedca,Ballico,Merced,CA
3311390,2013-11-30,ballicomercedca,,,,,,,,,,,,,,,,,,,,,,,,,,,,,,,,,,,,,,,,,,,,,,,,,,,,,,,,,,,,,,,,,,,4.878,,,,,,,,,,,,,,,,,ballicomercedca,Ballico,Merced,CA
3311391,2013-12-31,ballicomercedca,,,,,,,,,,,,,,,,,,,,,,,,,,,,,,,,,,,,,,,,,,,,,,,,,,,,,,,,,,,,,,,,,,,4.878,,,,,,,,,,,,,,,,,ballicomercedca,Ballico,Merced,CA
3311392,2014-01-31,ballicomercedca,,,,,,,,,,,,,,,,,,,,,,,,,,,,,,,,,,,,,,,,,,,,,,,,,,,,,,,,,,,,,,,,,,,4.878,,,,,,,,,,,,,,,,,ballicomercedca,Ballico,Merced,CA
3311393,2014-02-28,ballicomercedca,,,,,,,,,,,,,,,,,,,,,,,,,,,,,,,,,,,,,,,,,,,,,,,,,,,,,,,,,,,,,,,,,,,6.0976,,,,,,,,,,,,,,,,,ballicomercedca,Ballico,Merced,CA
3311394,2014-03-31,ballicomercedca,,,,,,,,,,,,,,,,,,,,,,,,,,,,,,,,,,,,,,,,,,,,,,,,,,,,,,,,,,,,,,,,,,,6.0976,,,,,,,,,,,,,,,,,ballicomercedca,Ballico,Merced,CA
3311395,2014-04-30,ballicomercedca,,,,,,,,,,,,,,,,,,,,,,,,,,,,,,,,,,,,,,,,,,,,,,,,,,,,,,,,,,,,,,,,,,,4.878,,,,,,,,,,,,,,,,,ballicomercedca,Ballico,Merced,CA
3311396,2014-05-31,ballicomercedca,,,,,,,,,,,,,,,,,,,,,,,,,,,,,,,,,,,,,,,,,,,,,,,,,,,,,,,,,,,,,,,,,,,7.3171,,,,,,,,,,,,,,,,,ballicomercedca,Ballico,Merced,CA
3311397,2014-06-30,ballicomercedca,,,,,,,,,,,,,,,,,,,,,,,,,,,,,,,,,,,,,,,,,,,,,,,,,,,,,,,,,,,,,,,,,,,7.3171,,,,,,,,,,,,,,,,,ballicomercedca,Ballico,Merced,CA
3311398,2014-07-31,ballicomercedca,,,,,,,,,,,,,,,,,,,,,,,,,,,,,,,,,,,,,,,,,,,,,,,,,,,,,,,,,,,,,,,,,,,7.3171,,,,,,,,,,,,,,,,,ballicomercedca,Ballico,Merced,CA
3311399,2014-08-31,ballicomercedca,,,,,,,,,,,,,,,,,,,,,,,,,,,,,,,,,,,,,,,,,,,,,,,,,,,,,,,,,,,,,,,,,,,6.0976,,,,,,,,,,,,,,,,,ballicomercedca,Ballico,Merced,CA
3311400,2014-09-30,ballicomercedca,,,,,,,,,,,,,,,,,,,,,,,,,,,,,,,,,,,,,,,,,,,,,,,,,,,,,,,,,,,,,,,,,,,7.3171,,,,,,,,,,,,,,,,,ballicomercedca,Ballico,Merced,CA
3311401,2014-10-31,ballicomercedca,,,,,,,,,,,,,,,,,,,,,,,,,,,,,,,,,,,,,,,,,,,,,,,,,,,,,,,,,,,,,,,,,,,6.0976,,,,,,,,,,,,,,,,,ballicomercedca,Ballico,Merced,CA
3311402,2014-11-30,ballicomercedca,,,,,,,,,,,,,,,,,,,,,,,,,,,,,,,,,,,,,,,,,,,,,,,,,,,,,,,,,,,,,,,,,,,6.0976,,,,,,,,,,,,,,,,,ballicomercedca,Ballico,Merced,CA
3311403,2014-12-31,ballicomercedca,,,,,,,,,,,,,,,,,,,,,,,,,,,,,,,,,,,,,,,,,,,,,,,,,,,,,,,,,,,,,,,,,,,6.0976,,,,,,,,,,,,,,,,,ballicomercedca,Ballico,Merced,CA
3311404,2015-01-31,ballicomercedca,,,,,,,,,,,,,,,,,,,,,,,,,,,,,,,,,,,,,,,,,,,,,,,,,,,,,,,,,,,,,,,,,,,7.3171,,,,,,,,,,,,,,,,,ballicomercedca,Ballico,Merced,CA
3311405,2015-02-28,ballicomercedca,,,,,,,,,,,,,,,,,,,,,,,,,,,,,,,,,,,,,,,,,,,,,,,,,,,,,,,,,,,,,,,,,,,6.0976,,,,,,,,,,,,,,,,,ballicomercedca,Ballico,Merced,CA
3311406,2015-03-31,ballicomercedca,,,,,,,,,,,,,,,,,,,,,,,,,,,,,,,,,,,,,,,,,,,,,,,,,,,,,,,,,,,,,,,,,,,7.3171,,,,,,,,,,,,,,,,,ballicomercedca,Ballico,Merced,CA
3311407,2015-04-30,ballicomercedca,,,,,,,,,,,,,,,,,,,,,,,,,,,,,,,,,,,,,,,,,,,,,,,,,,,,,,,,,,,,,,,,,,,7.3171,,,,,,,,,,,,,,,,,ballicomercedca,Ballico,Merced,CA
3311408,2015-05-31,ballicomercedca,,,,,,,,,,,,,,,,,,,,,,,,,,,,,,,,,,,,,,,,,,,,,,,,,,,,,,,,,,,,,,,,,,,3.6585,,,,,,,,,,,,,,,,,ballicomercedca,Ballico,Merced,CA
3311409,2015-06-30,ballicomercedca,,,,,,,,,,,,,,,,,,,,,,,,,,,,,,,,,,,,,,,,,,,,,,,,,,,,,,,,,,,,,,,,,,,4.878,,,,,,,,,,,,,,,,,ballicomercedca,Ballico,Merced,CA
3311410,2015-07-31,ballicomercedca,,,,,,,,,,,,,,,,,,,,,,,,,,,,,,,,,,,,,,,,,,,,,,,,,,,,,,,,,,,,,,,,,,,4.878,,,,,,,,,,,,,,,,,ballicomercedca,Ballico,Merced,CA
3311411,2015-08-31,ballicomercedca,,,,,,,,,,,,,,,,,,,,,,,,,,,,,,,,,,,,,,,,,,,,,,,,,,,,,,,,,,,,,,,,,,,4.878,,,,,,,,,,,,,,,,,ballicomercedca,Ballico,Merced,CA
3311412,2015-09-30,ballicomercedca,,,,,,,,,,,,,,,,,,,,,,,,,,,,,,,,,,,,,,,,,,,,,,,,,,,,,,,,,,,,,,,,,,,4.878,,,,,,,,,,,,,,,,,ballicomercedca,Ballico,Merced,CA
3311413,2015-10-31,ballicomercedca,,,,,,,,,,,,,,,,,,,,,,,,,,,,,,,,,,,,,,,,,,,,,,,,,,,,,,,,,,,,,,,,,,,4.878,,,,,,,,,,,,,,,,,ballicomercedca,Ballico,Merced,CA
3311414,2015-11-30,ballicomercedca,,,,,,,,,,,,,,,,,,,,,,,,,,,,,,,,,,,,,,,,,,,,,,,,,,,,,,,,,,,,,,,,,,,4.878,,,,,,,,,,,,,,,,,ballicomercedca,Ballico,Merced,CA
3311415,2015-12-31,ballicomercedca,,,,,,,,,,,,,,,,,,,,,,,,,,,,,,,,,,,,,,,,,,,,,,,,,,,,,,,,,,,,,,,,,,,4.878,,,,,,,,,,,,,,,,,ballicomercedca,Ballico,Merced,CA
3311416,2016-01-31,ballicomercedca,,,,,,,,,,,,,,,,,,,,,,,,,,,,,,,,,,,,,,,,,,,,,,,,,,,,,,,,,,,,,,,,,,,3.6585,,,,,,,,,,,,,,,,,ballicomercedca,Ballico,Merced,CA
3311417,2016-02-29,ballicomercedca,,,,,,,,,,,,,,,,,,,,,,,,,,,,,,,,,,,,,,,,,,,,,,,,,,,,,,,,,,,,,,,,,,,3.6585,,,,,,,,,,,,,,,,,ballicomercedca,Ballico,Merced,CA
3311418,2016-03-31,ballicomercedca,,,,,,,,,,,,,,,,,,,,,,,,,,,,,,,,,,,,,,,,,,,,,,,,,,,,,,,,,,,,,,,,,,,2.439,,,,,,,,,,,,,,,,,ballicomercedca,Ballico,Merced,CA
3311419,2016-04-30,ballicomercedca,,,,,,,,,,,,,,,,,,,,,,,,,,,,,,,,,,,,,,,,,,,,,,,,,,,,,,,,,,,,,,,,,,,3.6585,,,,,,,,,,,,,,,,,ballicomercedca,Ballico,Merced,CA
3311420,2016-05-31,ballicomercedca,,,,,,,,,,,,,,,,,,,,,,,,,,,,,,,,,,,,,,,,,,,,,,,,,,,,,,,,,,,,,,,,,,,3.6585,,,,,,,,,,,,,,,,,ballicomercedca,Ballico,Merced,CA
3311421,2016-06-30,ballicomercedca,,,,,,,,,,,,,,,,,,,,,,,,,,,,,,,,,,,,,,,,,,,,,,,,,,,,,,,,,,,,,,,,,,,2.439,,,,,,,,,,,,,,,,,ballicomercedca,Ballico,Merced,CA
3311422,2016-07-31,ballicomercedca,,,,,,,,,,,,,,,,,,,,,,,,,,,,,,,,,,,,,,,,,,,,,,,,,,,,,,,,,,,,,,,,,,,2.439,,,,,,,,,,,,,,,,,ballicomercedca,Ballico,Merced,CA
3311423,2016-08-31,ballicomercedca,,,,,,,,,,,,,,,,,,,,,,,,,,,,,,,,,,,,,,,,,,,,,,,,,,,,,,,,,,,,,,,,,,,2.439,,,,,,,,,,,,,,,,,ballicomercedca,Ballico,Merced,CA
3311424,2016-09-30,ballicomercedca,,,,,,,,,,,,,,,,,,,,,,,,,,,,,,,,,,,,,,,,,,,,,,,,,,,,,,,,,,,,,,,,,,,1.2195,,,,,,,,,,,,,,,,,ballicomercedca,Ballico,Merced,CA
3311425,2016-10-31,ballicomercedca,,,,,,,,,,,,,,,,,,,,,,,,,,,,,,,,,,,,,,,,,,,,,,,,,,,,,,,,,,,,,,,,,,,1.2195,,,,,,,,,,,,,,,,,ballicomercedca,Ballico,Merced,CA
3311426,2016-11-30,ballicomercedca,,,,,,,,,,,,,,,,,,,,,,,,,,,,,,,,,,,,,,,,,,,,,,,,,,,,,,,,,,,,,,,,,,,1.2195,,,,,,,,,,,,,,,,,ballicomercedca,Ballico,Merced,CA
3311427,2016-12-31,ballicomercedca,,,,,,,,,,,,,,,,,,,,,,,,,,,,,,,,,,,,,,,,,,,,,,,,,,,,,,,,,,,,,,,,,,,1.2195,,,,,,,,,,,,,,,,,ballicomercedca,Ballico,Merced,CA
3311428,2017-01-31,ballicomercedca,,,,,,,,,,,,,,,,,,,,,,,,,,,,,,,,,,,,,,,,,,,,,,,,,,,,,,,,,,,,,,,,,,,1.2195,,,,,,,,,,,,,,,,,ballicomercedca,Ballico,Merced,CA
3311429,2017-02-28,ballicomercedca,,,,,,,,,,,,,,,,,,,,,,,,,,,,,,,,,,,,,,,,,,,,,,,,,,,,,,,,,,,,,,,,,,,1.2195,,,,,,,,,,,,,,,,,ballicomercedca,Ballico,Merced,CA
3311430,2017-03-31,ballicomercedca,,,,,,,,,,,,,,,,,,,,,,,,,,,,,,,,,,,,,,,,,,,,,,,,,,,,,,,,,,,,,,,,,,,1.2195,,,,,,,,,,,,,,,,,ballicomercedca,Ballico,Merced,CA
3339550,2002-05-31,snellingmercedca,270.2703,,,,,,,,,,,,,,,,,,,,,,,,,,,,,,,,,,,,,,,,,,,,,,,,,,,,,,,,,,,,,,,,,,,,,,,,,,,,,,,,,,,snellingmercedca,Snelling,Merced,CA
3339551,2002-07-31,snellingmercedca,,,,,,,,,,,,,,,,,,,,,,,,,,,,,,,,,,,,,,,,,,,,,,,,,,,,,,,,,,,,,,,,,,,8.1481,,,,,,,,,,,,,,,,,snellingmercedca,Snelling,Merced,CA
3339552,2002-10-31,snellingmercedca,,,,,,,,,,,,,,,,,,,,,,,,,,,,,,,,,,,,,,,,,,,,,,,,,,,,,,,,,,,,,,,,,,,8.8889,,,,,,,,,,,,,,,,,snellingmercedca,Snelling,Merced,CA
3339553,2002-11-30,snellingmercedca,,,,,,,,,,,,,,,,,,,,,,,,,,,,,,,,,,,,,,,,,,,,,,,,,,,,,,,,,,,,,,,,,,,9.6296,,,,,,,,,,,,,,,,,snellingmercedca,Snelling,Merced,CA
3339554,2002-12-31,snellingmercedca,,,,,,,,,,,,,,,,,,,,,,,,,,,,,,,,,,,,,,,,,,,,,,,,,,,,,,,,,,,,,,,,,,,9.6296,,,,,,,,,,,,,,,,,snellingmercedca,Snelling,Merced,CA
3339555,2003-01-31,snellingmercedca,,,,,,,,,,,,,,,,,,,,,,,,,,,,,,,,,,,,,,,,,,,,,,,,,,,,,,,,,,,,,,,,,,,8.8889,,,,,,,,,,,,,,,,,snellingmercedca,Snelling,Merced,CA
3339556,2003-03-31,snellingmercedca,,,,,,,,,,,,,,,,,,,,,,,,,,,,,,,,,,,,,,,,,,,,,,,,,,,,,,,,,,,,,,,,,,,8.1481,,,,,,,,,,,,,,,,,snellingmercedca,Snelling,Merced,CA
3339557,2004-07-31,snellingmercedca,,,,,,,,,,,,,,,,,,,,,,,,,,,,,,,,,,,,,,,,,,,,,,,,,,,,,,,,,,,,,,,,,,,8.1481,,,,,,,,,,,,,,,,,snellingmercedca,Snelling,Merced,CA
3339558,2004-08-31,snellingmercedca,,,,,,,,,,,,,,,,,,,,,,,,,,,,,,,,,,,,,,,,,,,,,,,,,,,,,,,,,,,,,,,,,,,8.1481,,,,,,,,,,,,,,,,,snellingmercedca,Snelling,Merced,CA
3339559,2004-09-30,snellingmercedca,,,,,,,,,,,,,,,,,,,,,,,,,,,,,,,,,,,,,,,,,,,,,,,,,,,,,,,,,,,,,,,,,,,8.1481,,,,,,,,,,,,,,,,,snellingmercedca,Snelling,Merced,CA
3339560,2004-10-31,snellingmercedca,,,,,,,,,,,,,,,,,,,,,,,,,,,,,,,,,,,,,,,,,,,,,,,,,,,,,,,,,,,,,,,,,,,8.1481,,,,,,,,,,,,,,,,,snellingmercedca,Snelling,Merced,CA
3339561,2008-04-30,snellingmercedca,232.5581,,,,,,,,,,,,,,,,,,,,,,,,,,,,,,,,,,,,,,,,,,,,,,,,,,,,,,,,,,,,,,,,,,,,,,,,,,,,,,,,,,,snellingmercedca,Snelling,Merced,CA
3339562,2009-08-31,snellingmercedca,232.5581,,,,,,,,,,,,,,,,,,,,,,,,,,,,,,,,,,,,,,,,,,,,,,,,,,,,,,,,,,,,,,,,,,,,,,,,,,,,,,,,,,,snellingmercedca,Snelling,Merced,CA
3339563,2010-04-30,snellingmercedca,270.2703,,,,,,,,,,,,,,,,,,,,,,,,,,,,,,,,,,,,,,,,,,,,,,,,,,,,,,,,,,,,,,,,,,,,,,,,,,,,,,,,,,,snellingmercedca,Snelling,Merced,CA
3339564,2010-05-31,snellingmercedca,175.929,,,,,,,,,,,,,,,,,,,,,,,,,,,,,,,,,,,,,,,,,,,,,,,,,,,,,,,,,,,,,,,,,,,,,,,,,,,,,,,,,,,snellingmercedca,Snelling,Merced,CA
3339565,2011-05-31,snellingmercedca,232.5581,,,,,,,,,,,,,,,,,,,,,,,,,,,,,,,,,,,,,,,,,,,,,,,,,,,,,,,,,,,,,,,,,,,,,,,,,,,,,,,,,,,snellingmercedca,Snelling,Merced,CA
3339566,2011-08-31,snellingmercedca,232.5581,,,,,,,,,,,,,,,,,,,,,,,,,,,,,,,,,,,,,,,,,,,,,,,,,,,,,,,,,,,,,,,,,,,,,,,,,,,,,,,,,,,snellingmercedca,Snelling,Merced,CA
3339567,2012-04-30,snellingmercedca,,,,,,,,,,,,,,,,,,,,,,,,,,,,,,,,,,,,,,,,,,,,,,,,,,,,,,,,,,,,,,,,,,,2.2901,,,,,,,,,,,,,,,,,snellingmercedca,Snelling,Merced,CA
3339568,2012-05-31,snellingmercedca,,,,,,,,,,,,,,,,,,,,,,,,,,,,,,,,,,,,,,,,,,,,,,,,,,,,,,,,,,,,,,,,,,,2.2901,,,,,,,,,,,,,,,,,snellingmercedca,Snelling,Merced,CA
3339569,2012-06-30,snellingmercedca,,,,,,,,,,,,,,,,,,,,,,,,,,,,,,,,,,,,,,,,,,,,,,,,,,,,,,,,,,,,,,,,,,,3.0534,,,,,,,,,,,,,,,,,snellingmercedca,Snelling,Merced,CA
3339570,2012-07-31,snellingmercedca,,,,,,,,,,,,,,,,,,,,,,,,,,,,,,,,,,,,,,,,,,,,,,,,,,,,,,,,,,,,,,,,,,,3.0534,,,,,,,,,,,,,,,,,snellingmercedca,Snelling,Merced,CA
3339571,2012-08-31,snellingmercedca,,,,,,,,,,,,,,,,,,,,,,,,,,,,,,,,,,,,,,,,,,,,,,,,,,,,,,,,,,,,,,,,,,,3.0534,,,,,,,,,,,,,,,,,snellingmercedca,Snelling,Merced,CA
3339572,2012-09-30,snellingmercedca,,,,,,,,,,,,,,,,,,,,,,,,,,,,,,,,,,,,,,,,,,,,,,,,,,,,,,,,,,,,,,,,,,,1.7241,,,,,,,,,,,,,,,,,snellingmercedca,Snelling,Merced,CA
3339573,2012-10-31,snellingmercedca,,,,,,,,,,,,,,,,,,,,,,,,,,,,,,,,,,,,,,,,,,,,,,,,,,,,,,,,,,,,,,,,,,,1.7241,,,,,,,,,,,,,,,,,snellingmercedca,Snelling,Merced,CA
3339574,2012-11-30,snellingmercedca,,,,,,,,,,,,,,,,,,,,,,,,,,,,,,,,,,,,,,,,,,,,,,,,,,,,,,,,,,,,,,,,,,,1.7391,,,,,,,,,,,,,,,,,snellingmercedca,Snelling,Merced,CA
3339575,2012-12-31,snellingmercedca,,,,,,,,,,,,,,,,,,,,,,,,,,,,,,,,,,,,,,,,,,,,,,,,,,,,,,,,,,,,,,,,,,,1.7391,,,,,,,,,,,,,,,,,snellingmercedca,Snelling,Merced,CA
3339576,2013-01-31,snellingmercedca,,,,,,,,,,,,,,,,,,,,,,,,,,,,,,,,,,,,,,,,,,,,,,,,,,,,,,,,,,,,,,,,,,,1.7391,,,,,,,,,,,,,,,,,snellingmercedca,Snelling,Merced,CA
3339577,2013-02-28,snellingmercedca,,,,,,,,,,,,,,,,,,,,,,,,,,,,,,,,,,,,,,,,,,,,,,,,,,,,,,,,,,,,,,,,,,,1.7391,,,,,,,,,,,,,,,,,snellingmercedca,Snelling,Merced,CA
3339578,2013-03-31,snellingmercedca,,,,,,,,,,,,,,,,,,,,,,,,,,,,,,,,,,,,,,,,,,,,,,,,,,,,,,,,,,,,,,,,,,,0.8696,,,,,,,,,,,,,,,,,snellingmercedca,Snelling,Merced,CA
3339579,2013-04-30,snellingmercedca,,,,,,,,,,,,,,,,,,,,,,,,,,,,,,,,,,,,,,,,,,,,,,,,,,,,,,,,,,,,,,,,,,,0.8696,,,,,,,,,,,,,,,,,snellingmercedca,Snelling,Merced,CA
3339580,2013-05-31,snellingmercedca,,,,,,,,,,,,,,,,,,,,,,,,,,,,,,,,,,,,,,,,,,,,,,,,,,,,,,,,,,,,,,,,,,,0.8696,,,,,,,,,,,,,,,,,snellingmercedca,Snelling,Merced,CA
3339581,2013-06-30,snellingmercedca,,,,,,,,,,,,,,,,,,,,,,,,,,,,,,,,,,,,,,,,,,,,,,,,,,,,,,,,,,,,,,,,,,,0.8696,,,,,,,,,,,,,,,,,snellingmercedca,Snelling,Merced,CA
3339582,2013-07-31,snellingmercedca,,,,,,,,,,,,,,,,,,,,,,,,,,,,,,,,,,,,,,,,,,,,,,,,,,,,,,,,,,,,,,,,,,,0.8772,,,,,,,,,,,,,,,,,snellingmercedca,Snelling,Merced,CA
3339583,2013-08-31,snellingmercedca,,,,,,,,,,,,,,,,,,,,,,,,,,,,,,,,,,,,,,,,,,,,,,,,,,,,,,,,,,,,,,,,,,,0.8772,,,,,,,,,,,,,,,,,snellingmercedca,Snelling,Merced,CA
3339584,2013-09-30,snellingmercedca,,,,,,,,,,,,,,,,,,,,,,,,,,,,,,,,,,,,,,,,,,,,,,,,,,,,,,,,,,,,,,,,,,,0.8772,,,,,,,,,,,,,,,,,snellingmercedca,Snelling,Merced,CA
3339585,2013-10-31,snellingmercedca,,,,,,,,,,,,,,,,,,,,,,,,,,,,,,,,,,,,,,,,,,,,,,,,,,,,,,,,,,,,,,,,,,,0.8696,,,,,,,,,,,,,,,,,snellingmercedca,Snelling,Merced,CA
3339586,2013-11-30,snellingmercedca,,,,,,,,,,,,,,,,,,,,,,,,,,,,,,,,,,,,,,,,,,,,,,,,,,,,,,,,,,,,,,,,,,,0.8621,,,,,,,,,,,,,,,,,snellingmercedca,Snelling,Merced,CA
3339587,2013-12-31,snellingmercedca,,,,,,,,,,,,,,,,,,,,,,,,,,,,,,,,,,,,,,,,,,,,,,,,,,,,,,,,,,,,,,,,,,,0.8621,,,,,,,,,,,,,,,,,snellingmercedca,Snelling,Merced,CA
3339588,2014-01-31,snellingmercedca,,,,,,,,,,,,,,,,,,,,,,,,,,,,,,,,,,,,,,,,,,,,,,,,,,,,,,,,,,,,,,,,,,,0.8621,,,,,,,,,,,,,,,,,snellingmercedca,Snelling,Merced,CA
3339589,2014-02-28,snellingmercedca,,,,,,,,,,,,,,,,,,,,,,,,,,,,,,,,,,,,,,,,,,,,,,,,,,,,,,,,,,,,,,,,,,,0.8621,,,,,,,,,,,,,,,,,snellingmercedca,Snelling,Merced,CA
3339590,2014-03-31,snellingmercedca,,,,,,,,,,,,,,,,,,,,,,,,,,,,,,,,,,,,,,,,,,,,,,,,,,,,,,,,,,,,,,,,,,,0.8621,,,,,,,,,,,,,,,,,snellingmercedca,Snelling,Merced,CA
3339591,2014-04-30,snellingmercedca,294.1176,,,,,,,,,,,,,,,,,,,,,,,,,,,,,,,,,,,,,,,,,,,,,,,,,,,,,,,,,,,,,,,,,,1.7241,,,,,,,,,,,,,,,,,snellingmercedca,Snelling,Merced,CA
3339592,2014-05-31,snellingmercedca,,,,,,,,,,,,,,,,,,,,,,,,,,,,,,,,,,,,,,,,,,,,,,,,,,,,,,,,,,,,,,,,,,,1.7241,,,,,,,,,,,,,,,,,snellingmercedca,Snelling,Merced,CA
3339593,2014-06-30,snellingmercedca,,,,,,,,,,,,,,,,,,,,,,,,,,,,,,,,,,,,,,,,,,,,,,,,,,,,,,,,,,,,,,,,,,,1.7241,,,,,,,,,,,,,,,,,snellingmercedca,Snelling,Merced,CA
3339594,2014-07-31,snellingmercedca,,,,,,,,,,,,,,,,,,,,,,,,,,,,,,,,,,,,,,,,,,,,,,,,,,,,,,,,,,,,,,,,,,,1.7241,,,,,,,,,,,,,,,,,snellingmercedca,Snelling,Merced,CA
3339595,2014-08-31,snellingmercedca,,,,,,,,,,,,,,,,,,,,,,,,,,,,,,,,,,,,,,,,,,,,,,,,,,,,,,,,,,,,,,,,,,,0.8621,,,,,,,,,,,,,,,,,snellingmercedca,Snelling,Merced,CA
3339596,2014-09-30,snellingmercedca,188.6792,,,,,,,,,,,,,,,,,,,,,,,,,,,,,,,,,,,,,,,,,,,,,,,,,,,,,,,,,,,,,,,,,,2.5862,,,,,,,,,,,,,,,,,snellingmercedca,Snelling,Merced,CA
3339597,2014-10-31,snellingmercedca,1058.0836,,,,,,,,,,,,,,,,,,,,,,,,,,,,,,,,,,,,,,,,,,,,,,,,,,,,,,,,,,,,,,,,,,4.3103,,,,,,,,,,,,,,,,,snellingmercedca,Snelling,Merced,CA
3339598,2014-11-30,snellingmercedca,,,,,,,,,,,,,,,,,,,,,,,,,,,,,,,,,,,,,,,,,,,,,,,,,,,,,,,,,,,,,,,,,,,4.3103,,,,,,,,,,,,,,,,,snellingmercedca,Snelling,Merced,CA
3339599,2014-12-31,snellingmercedca,,,,,,,,,,,,,,,,,,,,,,,,,,,,,,,,,,,,,,,,,,,,,,,,,,,,,,,,,,,,,,,,,,,4.3103,,,,,,,,,,,,,,,,,snellingmercedca,Snelling,Merced,CA
3339600,2015-01-31,snellingmercedca,,,,,,,,,,,,,,,,,,,,,,,,,,,,,,,,,,,,,,,,,,,,,,,,,,,,,,,,,,,,,,,,,,,5.1724,,,,,,,,,,,,,,,,,snellingmercedca,Snelling,Merced,CA
3339601,2015-02-28,snellingmercedca,,,,,,,,,,,,,,,,,,,,,,,,,,,,,,,,,,,,,,,,,,,,,,,,,,,,,,,,,,,,,,,,,,,5.1724,,,,,,,,,,,,,,,,,snellingmercedca,Snelling,Merced,CA
3339602,2015-03-31,snellingmercedca,,,,,,,,,,,,,,,,,,,,,,,,,,,,,,,,,,,,,,,,,,,,,,,,,,,,,,,,,,,,,,,,,,,6.8966,,,,,,,,,,,,,,,,,snellingmercedca,Snelling,Merced,CA
3339603,2015-04-30,snellingmercedca,,,,,,,,,,,,,,,,,,,,,,,,,,,,,,,,,,,,,,,,,,,,,,,,,,,,,,,,,,,,,,,,,,,6.8966,,,,,,,,,,,,,,,,,snellingmercedca,Snelling,Merced,CA
3339604,2015-05-31,snellingmercedca,,,,,,,,,,,,,,,,,,,,,,,,,,,,,,,,,,,,,,,,,,,,,,,,,,,,,,,,,,,,,,,,,,,6.8966,,,,,,,,,,,,,,,,,snellingmercedca,Snelling,Merced,CA
3339605,2015-06-30,snellingmercedca,,,,,,,,,,,,,,,,,,,,,,,,,,,,,,,,,,,,,,,,,,,,,,,,,,,,,,,,,,,,,,,,,,,7.7586,,,,,,,,,,,,,,,,,snellingmercedca,Snelling,Merced,CA
3339606,2015-07-31,snellingmercedca,,,,,,,,,,,,,,,,,,,,,,,,,,,,,,,,,,,,,,,,,,,,,,,,,,,,,,,,,,,,,,,,,,,7.7586,,,,,,,,,,,,,,,,,snellingmercedca,Snelling,Merced,CA
3339607,2015-08-31,snellingmercedca,,,,,,,,,,,,,,,,,,,,,,,,,,,,,,,,,,,,,,,,,,,,,,,,,,,,,,,,,,,,,,,,,,,7.7586,,,,,,,,,,,,,,,,,snellingmercedca,Snelling,Merced,CA
3339608,2015-09-30,snellingmercedca,,,,,,,,,,,,,,,,,,,,,,,,,,,,,,,,,,,,,,,,,,,,,,,,,,,,,,,,,,,,,,,,,,,6.0345,,,,,,,,,,,,,,,,,snellingmercedca,Snelling,Merced,CA
3339609,2015-10-31,snellingmercedca,,,,,,,,,,,,,,,,,,,,,,,,,,,,,,,,,,,,,,,,,,,,,,,,,,,,,,,,,,,,,,,,,,,5.1724,,,,,,,,,,,,,,,,,snellingmercedca,Snelling,Merced,CA
3339610,2015-11-30,snellingmercedca,,,,,,,,,,,,,,,,,,,,,,,,,,,,,,,,,,,,,,,,,,,,,,,,,,,,,,,,,,,,,,,,,,,5.1724,,,,,,,,,,,,,,,,,snellingmercedca,Snelling,Merced,CA
3339611,2015-12-31,snellingmercedca,,,,,,,,,,,,,,,,,,,,,,,,,,,,,,,,,,,,,,,,,,,,,,,,,,,,,,,,,,,,,,,,,,,7.7586,,,,,,,,,,,,,,,,,snellingmercedca,Snelling,Merced,CA
3339612,2016-01-31,snellingmercedca,,,,,,,,,,,,,,,,,,,,,,,,,,,,,,,,,,,,,,,,,,,,,,,,,,,,,,,,,,,,,,,,,,,6.0345,,,,,,,,,,,,,,,,,snellingmercedca,Snelling,Merced,CA
3339613,2016-02-29,snellingmercedca,,,,,,,,,,,,,,,,,,,,,,,,,,,,,,,,,,,,,,,,,,,,,,,,,,,,,,,,,,,,,,,,,,,6.0345,,,,,,,,,,,,,,,,,snellingmercedca,Snelling,Merced,CA
3339614,2016-03-31,snellingmercedca,,,,,,,,,,,,,,,,,,,,,,,,,,,,,,,,,,,,,,,,,,,,,,,,,,,,,,,,,,,,,,,,,,,4.3103,,,,,,,,,,,,,,,,,snellingmercedca,Snelling,Merced,CA
3339615,2016-04-30,snellingmercedca,,,,,,,,,,,,,,,,,,,,,,,,,,,,,,,,,,,,,,,,,,,,,,,,,,,,,,,,,,,,,,,,,,,4.3103,,,,,,,,,,,,,,,,,snellingmercedca,Snelling,Merced,CA
3339616,2016-05-31,snellingmercedca,,,,,,,,,,,,,,,,,,,,,,,,,,,,,,,,,,,,,,,,,,,,,,,,,,,,,,,,,,,,,,,,,,,4.3103,,,,,,,,,,,,,,,,,snellingmercedca,Snelling,Merced,CA
3339617,2016-06-30,snellingmercedca,,,,,,,,,,,,,,,,,,,,,,,,,,,,,,,,,,,,,,,,,,,,,,,,,,,,,,,,,,,,,,,,,,,3.4483,,,,,,,,,,,,,,,,,snellingmercedca,Snelling,Merced,CA
3339618,2016-07-31,snellingmercedca,,,,,,,,,,,,,,,,,,,,,,,,,,,,,,,,,,,,,,,,,,,,,,,,,,,,,,,,,,,,,,,,,,,6.0345,,,,,,,,,,,,,,,,,snellingmercedca,Snelling,Merced,CA
3339619,2016-08-31,snellingmercedca,,,,,,,,,,,,,,,,,,,,,,,,,,,,,,,,,,,,,,,,,,,,,,,,,,,,,,,,,,,,,,,,,,,6.0345,,,,,,,,,,,,,,,,,snellingmercedca,Snelling,Merced,CA
3339620,2016-09-30,snellingmercedca,,,,,,,,,,,,,,,,,,,,,,,,,,,,,,,,,,,,,,,,,,,,,,,,,,,,,,,,,,,,,,,,,,,6.0345,,,,,,,,,,,,,,,,,snellingmercedca,Snelling,Merced,CA
3339621,2016-10-31,snellingmercedca,,,,,,,,,,,,,,,,,,,,,,,,,,,,,,,,,,,,,,,,,,,,,,,,,,,,,,,,,,,,,,,,,,,6.0345,,,,,,,,,,,,,,,,,snellingmercedca,Snelling,Merced,CA
3339622,2016-11-30,snellingmercedca,,,,,,,,,,,,,,,,,,,,,,,,,,,,,,,,,,,,,,,,,,,,,,,,,,,,,,,,,,,,,,,,,,,6.0345,,,,,,,,,,,,,,,,,snellingmercedca,Snelling,Merced,CA
3339623,2016-12-31,snellingmercedca,,,,,,,,,,,,,,,,,,,,,,,,,,,,,,,,,,,,,,,,,,,,,,,,,,,,,,,,,,,,,,,,,,,3.4483,,,,,,,,,,,,,,,,,snellingmercedca,Snelling,Merced,CA
3339624,2017-01-31,snellingmercedca,,,,,,,,,,,,,,,,,,,,,,,,,,,,,,,,,,,,,,,,,,,,,,,,,,,,,,,,,,,,,,,,,,,2.5862,,,,,,,,,,,,,,,,,snellingmercedca,Snelling,Merced,CA
3339625,2017-02-28,snellingmercedca,,,,,,,,,,,,,,,,,,,,,,,,,,,,,,,,,,,,,,,,,,,,,,,,,,,,,,,,,,,,,,,,,,,2.5862,,,,,,,,,,,,,,,,,snellingmercedca,Snelling,Merced,CA
3339626,2017-03-31,snellingmercedca,,,,,,,,,,,,,,,,,,,,,,,,,,,,,,,,,,,,,,,,,,,,,,,,,,,,,,,,,,,,,,,,,,,2.5862,,,,,,,,,,,,,,,,,snellingmercedca,Snelling,Merced,CA
3339627,2017-04-30,snellingmercedca,,,,,,,,,,,,,,,,,,,,,,,,,,,,,,,,,,,,,,,,,,,,,,,,,,,,,,,,,,,,,,,,,,,2.5862,,,,,,,,,,,,,,,,,snellingmercedca,Snelling,Merced,CA
3339628,2017-05-31,snellingmercedca,,,,,,,,,,,,,,,,,,,,,,,,,,,,,,,,,,,,,,,,,,,,,,,,,,,,,,,,,,,,,,,,,,,2.5862,,,,,,,,,,,,,,,,,snellingmercedca,Snelling,Merced,CA
3339629,2017-06-30,snellingmercedca,,,,,,,,,,,,,,,,,,,,,,,,,,,,,,,,,,,,,,,,,,,,,,,,,,,,,,,,,,,,,,,,,,,2.5862,,,,,,,,,,,,,,,,,snellingmercedca,Snelling,Merced,CA
3339630,2017-07-31,snellingmercedca,,,,,,,,,,,,,,,,,,,,,,,,,,,,,,,,,,,,,,,,,,,,,,,,,,,,,,,,,,,,,,,,,,,0.8621,,,,,,,,,,,,,,,,,snellingmercedca,Snelling,Merced,CA
3339631,2017-08-31,snellingmercedca,,,,,,,,,,,,,,,,,,,,,,,,,,,,,,,,,,,,,,,,,,,,,,,,,,,,,,,,,,,,,,,,,,,0.8621,,,,,,,,,,,,,,,,,snellingmercedca,Snelling,Merced,CA
3620436,2006-02-28,stevinsonmercedca,,,,,,,,,,,,,,,,,,,,,,,,,,,,,,,,,,,,,,,,,,,,,,,,,,,,,,,,,,,,,,,,,,,,,,,,,,,,,,,,,,,,stevinsonmercedca,Stevinson,Merced,CA
3620437,2006-03-31,stevinsonmercedca,,,,,,,,,,,,,,,,,,,,,,,,,,,,,,,,,,,,,,,,,,,,,,,,,,,,,,,,,,,,,,,,,,,,,,,,,,,,,,,,,,,,stevinsonmercedca,Stevinson,Merced,CA
3620438,2006-04-30,stevinsonmercedca,,,,,,,,,,,,,,,,,,,,,,,,,,,,,,,,,,,,,,,,,,,,,,,,,,,,,,,,,,,,,,,,,,,,,,,,,,,,,,,,,,,,stevinsonmercedca,Stevinson,Merced,CA
3620439,2006-05-31,stevinsonmercedca,,,,,,,,,,,,,,,,,,,,,,,,,,,,,,,,,,,,,,,,,,,,,,,,,,,,,,,,,,,,,,,,,,,,,,,,,,,,,,,,,,,,stevinsonmercedca,Stevinson,Merced,CA
3620440,2006-06-30,stevinsonmercedca,,,,,,,,,,,,,,,,,,,,,,,,,,,,,,,,,,,,,,,,,,,,,,,,,,,,,,,,,,,,,,,,,,,,,,,,,,,,,,,,,,,,stevinsonmercedca,Stevinson,Merced,CA
3620441,2006-07-31,stevinsonmercedca,,,,,,,,,,,,,,,,,,,,,,,,,,,,,,,,,,,,,,,,,,,,,,,,,,,,,,,,,,,,,,,,,,,,,,,,,,,,,,,,,,,,stevinsonmercedca,Stevinson,Merced,CA
3620442,2006-08-31,stevinsonmercedca,,,,,,,,,,,,,,,,,,,,,,,,,,,,,,,,,,,,,,,,,,,,,,,,,,,,,,,,,,,,,,,,,,,,,,,,,,,,,,,,,,,,stevinsonmercedca,Stevinson,Merced,CA
3620443,2006-09-30,stevinsonmercedca,,,,,,,,,,,,,,,,,,,,,,,,,,,,,,,,,,,,,,,,,,,,,,,,,,,,,,,,,,,,,,,,,,,,,,,,,,,,,,,,,,,,stevinsonmercedca,Stevinson,Merced,CA
3620444,2006-10-31,stevinsonmercedca,,,,,,,,,,,,,,,,,,,,,,,,,,,,,,,,,,,,,,,,,,,,,,,,,,,,,,,,,,,,,,,,,,,,,,,,,,,,,,,,,,,,stevinsonmercedca,Stevinson,Merced,CA
3620445,2006-11-30,stevinsonmercedca,,,,,,,,,,,,,,,,,,,,,,,,,,,,,,,,,,,,,,,,,,,,,,,,,,,,,,,,,,,,,,,,,,,,,,,,,,,,,,,,,,,,stevinsonmercedca,Stevinson,Merced,CA
3620446,2006-12-31,stevinsonmercedca,,,,,,,,,,,,,,,,,,,,,,,,,,,,,,,,,,,,,,,,,,,,,,,,,,,,,,,,,,,,,,,,,,,,,,,,,,,,,,,,,,,,stevinsonmercedca,Stevinson,Merced,CA
3620447,2007-01-31,stevinsonmercedca,,,,,,,,,,,,,,,,,,,,,,,,,,,,,,,,,,,,,,,,,,,,,,,,,,,,,,,,,,,,,,,,,,,,,,,,,,,,,,,,,,,,stevinsonmercedca,Stevinson,Merced,CA
3620448,2007-02-28,stevinsonmercedca,,,,,,,,,,,,,,,,,,,,,,,,,,,,,,,,,,,,,,,,,,,,,,,,,,,,,,,,,,,,,,,,,,,,,,,,,,,,,,,,,,,,stevinsonmercedca,Stevinson,Merced,CA
3620449,2007-03-31,stevinsonmercedca,,,,,,,,,,,,,,,,,,,,,,,,,,,,,,,,,,,,,,,,,,,,,,,,,,,,,,,,,,,,,,,,,,,,,,,,,,,,,,,,,,,,stevinsonmercedca,Stevinson,Merced,CA
3620450,2007-04-30,stevinsonmercedca,,,,,,,,,,,,,,,,,,,,,,,,,,,,,,,,,,,,,,,,,,,,,,,,,,,,,,,,,,,,,,,,,,,,,,,,,,,,,,,,,,,,stevinsonmercedca,Stevinson,Merced,CA
3620451,2007-05-31,stevinsonmercedca,,,,,,,,,,,,,,,,,,,,,,,,,,,,,,,,,,,,,,,,,,,,,,,,,,,,,,,,,,,,,,,,,,,,,,,,,,,,,,,,,,,,stevinsonmercedca,Stevinson,Merced,CA
3620452,2007-06-30,stevinsonmercedca,,,,,,,,,,,,,,,,,,,,,,,,,,,,,,,,,,,,,,,,,,,,,,,,,,,,,,,,,,,,,,,,,,,,,,,,,,,,,,,,,,,,stevinsonmercedca,Stevinson,Merced,CA
3620453,2007-07-31,stevinsonmercedca,,,,,,,,,,,,,,,,,,,,,,,,,,,,,,,,,,,,,,,,,,,,,,,,,,,,,,,,,,,,,,,,,,,,,,,,,,,,,,,,,,,,stevinsonmercedca,Stevinson,Merced,CA
3620454,2007-08-31,stevinsonmercedca,,,,,,,,,,,,,,,,,,,,,,,,,,,,,,,,,,,,,,,,,,,,,,,,,,,,,,,,,,,,,,,,,,,,,,,,,,,,,,,,,,,,stevinsonmercedca,Stevinson,Merced,CA
3620455,2007-09-30,stevinsonmercedca,,,,,,,,,,,,,,,,,,,,,,,,,,,,,,,,,,,,,,,,,,,,,,,,,,,,,,,,,,,,,,,,,,,,,,,,,,,,,,,,,,,,stevinsonmercedca,Stevinson,Merced,CA
3620456,2007-10-31,stevinsonmercedca,,,,,,,,,,,,,,,,,,,,,,,,,,,,,,,,,,,,,,,,,,,,,,,,,,,,,,,,,,,,,,,,,,,,,,,,,,,,,,,,,,,,stevinsonmercedca,Stevinson,Merced,CA
3620457,2007-11-30,stevinsonmercedca,,,,,,,,,,,,,,,,,,,,,,,,,,,,,,,,,,,,,,,,,,,,,,,,,,,,,,,,,,,,,,,,,,,,,,,,,,,,,,,,,,,,stevinsonmercedca,Stevinson,Merced,CA
3620458,2007-12-31,stevinsonmercedca,,,,,,,,,,,,,,,,,,,,,,,,,,,,,,,,,,,,,,,,,,,,,,,,,,,,,,,,,,,,,,,,,,,,,,,,,,,,,,,,,,,,stevinsonmercedca,Stevinson,Merced,CA
3620459,2008-01-31,stevinsonmercedca,,,,,,,,,,,,,,,,,,,,,,,,,,,,,,,,,,,,,,,,,,,,,,,,,,,,,,,,,,,,,,,,,,,,,,,,,,,,,,,,,,,,stevinsonmercedca,Stevinson,Merced,CA
3620460,2008-02-29,stevinsonmercedca,,,,,,,,,,,,,,,,,,,,,,,,,,,,,,,,,,,,,,,,,,,,,,,,,,,,,,,,,,,,,,,,,,,,,,,,,,,,,,,,,,,,stevinsonmercedca,Stevinson,Merced,CA
3620461,2008-03-31,stevinsonmercedca,,,,,,,,,,,,,,,,,,,,,,,,,,,,,,,,,,,,,,,,,,,,,,,,,,,,,,,,,,,,,,,,,,,,,,,,,,,,,,,,,,,,stevinsonmercedca,Stevinson,Merced,CA
3620462,2008-04-30,stevinsonmercedca,,,,,,,,,,,,,,,,,,,,,,,,,,,,,,,,,,,,,,,,,,,,,,,,,,,,,,,,,,,,,,,,,,,,,,,,,,,,,,,,,,,,stevinsonmercedca,Stevinson,Merced,CA
3620463,2008-05-31,stevinsonmercedca,,,,,,,,,,,,,,,,,,,,,,,,,,,,,,,,,,,,,,,,,,,,,,,,,,,,,,,,,,,,,,,,,,,,,,,,,,,,,,,,,,,,stevinsonmercedca,Stevinson,Merced,CA
3620464,2008-06-30,stevinsonmercedca,,,,,,,,,,,,,,,,,,,,,,,,,,,,,,,,,,,,,,,,,,,,,,,,,,,,,,,,,,,,,,,,,,,,,,,,,,,,,,,,,,,,stevinsonmercedca,Stevinson,Merced,CA
3620465,2008-07-31,stevinsonmercedca,,,,,,,,,,,,,,,,,,,,,,,,,,,,,,,,,,,,,,,,,,,,,,,,,,,,,,,,,,,,,,,,,,,,,,,,,,,,,,,,,,,,stevinsonmercedca,Stevinson,Merced,CA
3620466,2008-08-31,stevinsonmercedca,,,,,,,,,,,,,,,,,,,,,,,,,,,,,,,,,,,,,,,,,,,,,,,,,,,,,,,,,,,,,,,,,,,,,,,,,,,,,,,,,,,,stevinsonmercedca,Stevinson,Merced,CA
3620467,2008-09-30,stevinsonmercedca,,,,,,,,,,,,,,,,,,,,,,,,,,,,,,,,,,,,,,,,,,,,,,,,,,,,,,,,,,,,,,,,,,,,,,,,,,,,,,,,,,,,stevinsonmercedca,Stevinson,Merced,CA
3620468,2008-10-31,stevinsonmercedca,,,,,,,,,,,,,,,,,,,,,,,,,,,,,,,,,,,,,,,,,,,,,,,,,,,,,,,,,,,,,,,,,,,,,,,,,,,,,,,,,,,,stevinsonmercedca,Stevinson,Merced,CA
3620469,2008-11-30,stevinsonmercedca,,,,,,,,,,,,,,,,,,,,,,,,,,,,,,,,,,,,,,,,,,,,,,,,,,,,,,,,,,,,,,,,,,,,,,,,,,,,,,,,,,,,stevinsonmercedca,Stevinson,Merced,CA
3620470,2008-12-31,stevinsonmercedca,,,,,,,,,,,,,,,,,,,,,,,,,,,,,,,,,,,,,,,,,,,,,,,,,,,,,,,,,,,,,,,,,,,,,,,,,,,,,,,,,,,,stevinsonmercedca,Stevinson,Merced,CA
3620471,2009-01-31,stevinsonmercedca,769.2308,,,,,,,,,,,,,,,,,,,,,,,,,,,,,,,,,,,,,,,,,,,,,,,,,,,,,,,,,,,,,,,,,,,,,,,,,,,,,,,,,,,stevinsonmercedca,Stevinson,Merced,CA
3620472,2009-02-28,stevinsonmercedca,460.2141,,,,,,,,,,,,,,,,,,,,,,,,,,,,,,,,,,,,,,,,,,,,,,,,,,,,,,,,,,,,,,,,,,,,,,,,,,,,,,,,,,,stevinsonmercedca,Stevinson,Merced,CA
3620473,2009-03-31,stevinsonmercedca,,,,,,,,,,,,,,,,,,,,,,,,,,,,,,,,,,,,,,,,,,,,,,,,,,,,,,,,,,,,,,,,,,,,,,,,,,,,,,,,,,,,stevinsonmercedca,Stevinson,Merced,CA
3620474,2009-04-30,stevinsonmercedca,,,,,,,,,,,,,,,,,,,,,,,,,,,,,,,,,,,,,,,,,,,,,,,,,,,,,,,,,,,,,,,,,,,,,,,,,,,,,,,,,,,,stevinsonmercedca,Stevinson,Merced,CA
3620475,2009-05-31,stevinsonmercedca,,,,,,,,,,,,,,,,,,,,,,,,,,,,,,,,,,,,,,,,,,,,,,,,,,,,,,,,,,,,,,,,,,,,,,,,,,,,,,,,,,,,stevinsonmercedca,Stevinson,Merced,CA
3620476,2009-06-30,stevinsonmercedca,243.9024,,,,,,,,,,,,,,,,,,,,,,,,,,,,,,,,,,,,,,,,,,,,,,,,,,,,,,,,,,,,,,,,,,,,,,,,,,,,,,,,,,,stevinsonmercedca,Stevinson,Merced,CA
3620477,2009-07-31,stevinsonmercedca,,,,,,,,,,,,,,,,,,,,,,,,,,,,,,,,,,,,,,,,,,,,,,,,,,,,,,,,,,,,,,,,,,,,,,,,,,,,,,,,,,,,stevinsonmercedca,Stevinson,Merced,CA
3620478,2009-08-31,stevinsonmercedca,,,,,,,,,,,,,,,,,,,,,,,,,,,,,,,,,,,,,,,,,,,,,,,,,,,,,,,,,,,,,,,,,,,,,,,,,,,,,,,,,,,,stevinsonmercedca,Stevinson,Merced,CA
3620479,2009-09-30,stevinsonmercedca,,,,,,,,,,,,,,,,,,,,,,,,,,,,,,,,,,,,,,,,,,,,,,,,,,,,,,,,,,,,,,,,,,,,,,,,,,,,,,,,,,,,stevinsonmercedca,Stevinson,Merced,CA
3620480,2009-10-31,stevinsonmercedca,,,,,,,,,,,,,,,,,,,,,,,,,,,,,,,,,,,,,,,,,,,,,,,,,,,,,,,,,,,,,,,,,,,,,,,,,,,,,,,,,,,,stevinsonmercedca,Stevinson,Merced,CA
3620481,2009-11-30,stevinsonmercedca,,,,,,,,,,,,,,,,,,,,,,,,,,,,,,,,,,,,,,,,,,,,,,,,,,,,,,,,,,,,,,,,,,,,,,,,,,,,,,,,,,,,stevinsonmercedca,Stevinson,Merced,CA
3620482,2009-12-31,stevinsonmercedca,265.252,,,,,,,,,,,,,,,,,,,,,,,,,,,,,,,,,,,,,,,,,,,,,,,,,,,,,,,,,,,,,,,,,,,,,,,,,,,,,,,,,,,stevinsonmercedca,Stevinson,Merced,CA
3620483,2010-01-31,stevinsonmercedca,,,,,,,,,,,,,,,,,,,,,,,,,,,,,,,,,,,,,,,,,,,,,,,,,,,,,,,,,,,,,,,,,,,,,,,,,,,,,,,,,,,,stevinsonmercedca,Stevinson,Merced,CA
3620484,2010-02-28,stevinsonmercedca,,,,,,,,,,,,,,,,,,,,,,,,,,,,,,,,,,,,,,,,,,,,,,,,,,,,,,,,,,,,,,,,,,,,,,,,,,,,,,,,,,,,stevinsonmercedca,Stevinson,Merced,CA
3620485,2010-03-31,stevinsonmercedca,,,,,,,,,,,,,,,,,,,,,,,,,,,,,,,,,,,,,,,,,,,,,,,,,,,,,,,,,,,,,,,,,,,,,,,,,,,,,,,,,,,,stevinsonmercedca,Stevinson,Merced,CA
3620486,2010-04-30,stevinsonmercedca,,,,,,,,,,,,,,,,,,,,,,,,,,,,,,,,,,,,,,,,,,,,,,,,,,,,,,,,,,,,,,,,,,,,,,,,,,,,,,,,,,,,stevinsonmercedca,Stevinson,Merced,CA
3620487,2010-05-31,stevinsonmercedca,,,,,,,,,,,,,,,,,,,,,,,,,,,,,,,,,,,,,,,,,,,,,,,,,,,,,,,,,,,,,,,,,,,,,,,,,,,,,,,,,,,,stevinsonmercedca,Stevinson,Merced,CA
3620488,2010-06-30,stevinsonmercedca,344.8276,,,,,,,,,,,,,,,,,,,,,,,,,,,,,,,,,,,,,,,,,,,,,,,,,,,,,,,,,,,,,,,,,,,,,,,,,,,,,,,,,,,stevinsonmercedca,Stevinson,Merced,CA
3620489,2010-07-31,stevinsonmercedca,,,,,,,,,,,,,,,,,,,,,,,,,,,,,,,,,,,,,,,,,,,,,,,,,,,,,,,,,,,,,,,,,,,,,,,,,,,,,,,,,,,,stevinsonmercedca,Stevinson,Merced,CA
3620490,2010-08-31,stevinsonmercedca,,,,,,,,,,,,,,,,,,,,,,,,,,,,,,,,,,,,,,,,,,,,,,,,,,,,,,,,,,,,,,,,,,,,,,,,,,,,,,,,,,,,stevinsonmercedca,Stevinson,Merced,CA
3620491,2010-09-30,stevinsonmercedca,452.4887,,,,,,,,,,,,,,,,,,,,,,,,,,,,,,,,,,,,,,,,,,,,,,,,,,,,,,,,,,,,,,,,,,,,,,,,,,,,,,,,,,,stevinsonmercedca,Stevinson,Merced,CA
3620492,2010-10-31,stevinsonmercedca,329.4717,,,,,,,,,,,,,,,,,,,,,,,,,,,,,,,,,,,,,,,,,,,,,,,,,,,,,,,,,,,,,,,,,,,,,,,,,,,,,,,,,,,stevinsonmercedca,Stevinson,Merced,CA
3620493,2010-11-30,stevinsonmercedca,279.5045,,,,,,,,,,,,,,,,,,,,,,,,,,,,,,,,,,,,,,,,,,,,,,,,,,,,,,,,,,,,,,,,,,,,,,,,,,,,,,,,,,,stevinsonmercedca,Stevinson,Merced,CA
3620494,2010-12-31,stevinsonmercedca,103.4381,,,,,,,,,,,,,,,,,,,,,,,,,,,,,,,,,,,,,,,,,,,,,,,,,,,,,,,,,,,,,,,,,,,,,,,,,,,,,,,,,,,stevinsonmercedca,Stevinson,Merced,CA
3620495,2011-01-31,stevinsonmercedca,,,,,,,,,,,,,,,,,,,,,,,,,,,,,,,,,,,,,,,,,,,,,,,,,,,,,,,,,,,,,,,,,,,,,,,,,,,,,,,,,,,,stevinsonmercedca,Stevinson,Merced,CA
3620496,2011-02-28,stevinsonmercedca,,,,,,,,,,,,,,,,,,,,,,,,,,,,,,,,,,,,,,,,,,,,,,,,,,,,,,,,,,,,,,,,,,,,,,,,,,,,,,,,,,,,stevinsonmercedca,Stevinson,Merced,CA
3620497,2011-03-31,stevinsonmercedca,,,,,,,,,,,,,,,,,,,,,,,,,,,,,,,,,,,,,,,,,,,,,,,,,,,,,,,,,,,,,,,,,,,,,,,,,,,,,,,,,,,,stevinsonmercedca,Stevinson,Merced,CA
3620498,2011-04-30,stevinsonmercedca,,,,,,,,,,,,,,,,,,,,,,,,,,,,,,,,,,,,,,,,,,,,,,,,,,,,,,,,,,,,,,,,,,,,,,,,,,,,,,,,,,,,stevinsonmercedca,Stevinson,Merced,CA
3620499,2011-05-31,stevinsonmercedca,,,,,,,,,,,,,,,,,,,,,,,,,,,,,,,,,,,,,,,,,,,,,,,,,,,,,,,,,,,,,,,,,,,,,,,,,,,,,,,,,,,,stevinsonmercedca,Stevinson,Merced,CA
3620500,2011-06-30,stevinsonmercedca,243.9024,,,,,,,,,,,,,,,,,,,,,,,,,,,,,,,,,,,,,,,,,,,,,,,,,,,,,,,,,,,,,,,,,,,,,,,,,,,,,,,,,,,stevinsonmercedca,Stevinson,Merced,CA
3620501,2011-07-31,stevinsonmercedca,,,,,,,,,,,,,,,,,,,,,,,,,,,,,,,,,,,,,,,,,,,,,,,,,,,,,,,,,,,,,,,,,,,,,,,,,,,,,,,,,,,,stevinsonmercedca,Stevinson,Merced,CA
3620502,2011-08-31,stevinsonmercedca,,,,,,,,,,,,,,,,,,,,,,,,,,,,,,,,,,,,,,,,,,,,,,,,,,,,,,,,,,,,,,,,,,,,,,,,,,,,,,,,,,,,stevinsonmercedca,Stevinson,Merced,CA
3620503,2011-09-30,stevinsonmercedca,,,,,,,,,,,,,,,,,,,,,,,,,,,,,,,,,,,,,,,,,,,,,,,,,,,,,,,,,,,,,,,,,,,,,,,,,,,,,,,,,,,,stevinsonmercedca,Stevinson,Merced,CA
3620504,2011-10-31,stevinsonmercedca,344.8276,,,,,,,,,,,,,,,,,,,,,,,,,,,,,,,,,,,,,,,,,,,,,,,,,,,,,,,,,,,,,,,,,,,,,,,,,,,,,,,,,,,stevinsonmercedca,Stevinson,Merced,CA
3620505,2011-11-30,stevinsonmercedca,,,,,,,,,,,,,,,,,,,,,,,,,,,,,,,,,,,,,,,,,,,,,,,,,,,,,,,,,,,,,,,,,,,,,,,,,,,,,,,,,,,,stevinsonmercedca,Stevinson,Merced,CA
3620506,2011-12-31,stevinsonmercedca,,,,,,,,,,,,,,,,,,,,,,,,,,,,,,,,,,,,,,,,,,,,,,,,,,,,,,,,,,,,,,,,,,,,,,,,,,,,,,,,,,,,stevinsonmercedca,Stevinson,Merced,CA
3620507,2012-01-31,stevinsonmercedca,,,,,,,,,,,,,,,,,,,,,,,,,,,,,,,,,,,,,,,,,,,,,,,,,,,,,,,,,,,,,,,,,,,,,,,,,,,,,,,,,,,,stevinsonmercedca,Stevinson,Merced,CA
3620508,2012-02-29,stevinsonmercedca,,,,,,,,,,,,,,,,,,,,,,,,,,,,,,,,,,,,,,,,,,,,,,,,,,,,,,,,,,,,,,,,,,,,,,,,,,,,,,,,,,,,stevinsonmercedca,Stevinson,Merced,CA
3620509,2012-03-31,stevinsonmercedca,,,,,,,,,,,,,,,,,,,,,,,,,,,,,,,,,,,,,,,,,,,,,,,,,,,,,,,,,,,,,,,,,,,,,,,,,,,,,,,,,,,,stevinsonmercedca,Stevinson,Merced,CA
3620510,2012-04-30,stevinsonmercedca,,,,,,,,,,,,,,,,,,,,,,,,,,,,,,,,,,,,,,,,,,,,,,,,,,,,,,,,,,,,,,,,,,,6.1856,,,,,,,,,,,,,,,,,stevinsonmercedca,Stevinson,Merced,CA
3620511,2012-05-31,stevinsonmercedca,,,,,,,,,,,,,,,,,,,,,,,,,,,,,,,,,,,,,,,,,,,,,,,,,,,,,,,,,,,,,,,,,,,7.2165,,,,,,,,,,,,,,,,,stevinsonmercedca,Stevinson,Merced,CA
3620512,2012-06-30,stevinsonmercedca,,,,,,,,,,,,,,,,,,,,,,,,,,,,,,,,,,,,,,,,,,,,,,,,,,,,,,,,,,,,,,,,,,,6.1856,,,,,,,,,,,,,,,,,stevinsonmercedca,Stevinson,Merced,CA
3620513,2012-07-31,stevinsonmercedca,183.1502,,,,,,,,,,,,,,,,,,,,,,,,,,,,,,,,,,,,,,,,,,,,,,,,,,,,,,,,,,,,,,,,,,6.1856,,,,,,,,,,,,,,,,,stevinsonmercedca,Stevinson,Merced,CA
3620514,2012-08-31,stevinsonmercedca,,,,,,,,,,,,,,,,,,,,,,,,,,,,,,,,,,,,,,,,,,,,,,,,,,,,,,,,,,,,,,,,,,,8.2474,,,,,,,,,,,,,,,,,stevinsonmercedca,Stevinson,Merced,CA
3620515,2012-09-30,stevinsonmercedca,,,,,,,,,,,,,,,,,,,,,,,,,,,,,,,,,,,,,,,,,,,,,,,,,,,,,,,,,,,,,,,,,,,7.8652,,,,,,,,,,,,,,,,,stevinsonmercedca,Stevinson,Merced,CA
3620516,2012-10-31,stevinsonmercedca,,,,,,,,,,,,,,,,,,,,,,,,,,,,,,,,,,,,,,,,,,,,,,,,,,,,,,,,,,,,,,,,,,,7.8652,,,,,,,,,,,,,,,,,stevinsonmercedca,Stevinson,Merced,CA
3620517,2012-11-30,stevinsonmercedca,277.7778,,,,,,,,,,,,,,,,,,,,,,,,,,,,,,,,,,,,,,,,,,,,,,,,,,,,,,,,,,,,,,,,,,8.9888,,,,,,,,,,,,,,,,,stevinsonmercedca,Stevinson,Merced,CA
3620518,2012-12-31,stevinsonmercedca,,,,,,,,,,,,,,,,,,,,,,,,,,,,,,,,,,,,,,,,,,,,,,,,,,,,,,,,,,,,,,,,,,,8.9888,,,,,,,,,,,,,,,,,stevinsonmercedca,Stevinson,Merced,CA
3620519,2013-01-31,stevinsonmercedca,,,,,,,,,,,,,,,,,,,,,,,,,,,,,,,,,,,,,,,,,,,,,,,,,,,,,,,,,,,,,,,,,,,8.9888,,,,,,,,,,,,,,,,,stevinsonmercedca,Stevinson,Merced,CA
3620520,2013-02-28,stevinsonmercedca,,,,,,,,,,,,,,,,,,,,,,,,,,,,,,,,,,,,,,,,,,,,,,,,,,,,,,,,,,,,,,,,,,,10.1124,,,,,,,,,,,,,,,,,stevinsonmercedca,Stevinson,Merced,CA
3620521,2013-03-31,stevinsonmercedca,,,,,,,,,,,,,,,,,,,,,,,,,,,,,,,,,,,,,,,,,,,,,,,,,,,,,,,,,,,,,,,,,,,8.9888,,,,,,,,,,,,,,,,,stevinsonmercedca,Stevinson,Merced,CA
3620522,2013-04-30,stevinsonmercedca,,,,,,,,,,,,,,,,,,,,,,,,,,,,,,,,,,,,,,,,,,,,,,,,,,,,,,,,,,,,,,,,,,,8.9888,,,,,,,,,,,,,,,,,stevinsonmercedca,Stevinson,Merced,CA
3620523,2013-05-31,stevinsonmercedca,,,,,,,,,,,,,,,,,,,,,,,,,,,,,,,,,,,,,,,,,,,,,,,,,,,,,,,,,,,,,,,,,,,8.9888,,,,,,,,,,,,,,,,,stevinsonmercedca,Stevinson,Merced,CA
3620524,2013-06-30,stevinsonmercedca,,,,,,,,,,,,,,,,,,,,,,,,,,,,,,,,,,,,,,,,,,,,,,,,,,,,,,,,,,,,,,,,,,,8.9888,,,,,,,,,,,,,,,,,stevinsonmercedca,Stevinson,Merced,CA
3620525,2013-07-31,stevinsonmercedca,,,,,,,,,,,,,,,,,,,,,,,,,,,,,,,,,,,,,,,,,,,,,,,,,,,,,,,,,,,,,,,,,,,6.8182,,,,,,,,,,,,,,,,,stevinsonmercedca,Stevinson,Merced,CA
3620526,2013-08-31,stevinsonmercedca,,,,,,,,,,,,,,,,,,,,,,,,,,,,,,,,,,,,,,,,,,,,,,,,,,,,,,,,,,,,,,,,,,,5.6818,,,,,,,,,,,,,,,,,stevinsonmercedca,Stevinson,Merced,CA
3620527,2013-09-30,stevinsonmercedca,,,,,,,,,,,,,,,,,,,,,,,,,,,,,,,,,,,,,,,,,,,,,,,,,,,,,,,,,,,,,,,,,,,4.5455,,,,,,,,,,,,,,,,,stevinsonmercedca,Stevinson,Merced,CA
3620528,2013-10-31,stevinsonmercedca,,,,,,,,,,,,,,,,,,,,,,,,,,,,,,,,,,,,,,,,,,,,,,,,,,,,,,,,,,,,,,,,,,,4.4944,,,,,,,,,,,,,,,,,stevinsonmercedca,Stevinson,Merced,CA
3620529,2013-11-30,stevinsonmercedca,,,,,,,,,,,,,,,,,,,,,,,,,,,,,,,,,,,,,,,,,,,,,,,,,,,,,,,,,,,,,,,,,,,5.5556,,,,,,,,,,,,,,,,,stevinsonmercedca,Stevinson,Merced,CA
3620530,2013-12-31,stevinsonmercedca,,,,,,,,,,,,,,,,,,,,,,,,,,,,,,,,,,,,,,,,,,,,,,,,,,,,,,,,,,,,,,,,,,,5.5556,,,,,,,,,,,,,,,,,stevinsonmercedca,Stevinson,Merced,CA
3620531,2014-01-31,stevinsonmercedca,,,,,,,,,,,,,,,,,,,,,,,,,,,,,,,,,,,,,,,,,,,,,,,,,,,,,,,,,,,,,,,,,,,5.5556,,,,,,,,,,,,,,,,,stevinsonmercedca,Stevinson,Merced,CA
3620532,2014-02-28,stevinsonmercedca,,,,,,,,,,,,,,,,,,,,,,,,,,,,,,,,,,,,,,,,,,,,,,,,,,,,,,,,,,,,,,,,,,,4.4444,,,,,,,,,,,,,,,,,stevinsonmercedca,Stevinson,Merced,CA
3620533,2014-03-31,stevinsonmercedca,,,,,,,,,,,,,,,,,,,,,,,,,,,,,,,,,,,,,,,,,,,,,,,,,,,,,,,,,,,,,,,,,,,4.4444,,,,,,,,,,,,,,,,,stevinsonmercedca,Stevinson,Merced,CA
3620534,2014-04-30,stevinsonmercedca,,,,,,,,,,,,,,,,,,,,,,,,,,,,,,,,,,,,,,,,,,,,,,,,,,,,,,,,,,,,,,,,,,,4.4444,,,,,,,,,,,,,,,,,stevinsonmercedca,Stevinson,Merced,CA
3620535,2014-05-31,stevinsonmercedca,161.2903,,,,,,,,,,,,,,,,,,,,,,,,,,,,,,,,,,,,,,,,,,,,,,,,,,,,,,,,,,,,,,,,,,6.6667,,,,,,,,,,,,,,,,,stevinsonmercedca,Stevinson,Merced,CA
3620536,2014-06-30,stevinsonmercedca,,,,,,,,,,,,,,,,,,,,,,,,,,,,,,,,,,,,,,,,,,,,,,,,,,,,,,,,,,,,,,,,,,,6.6667,,,,,,,,,,,,,,,,,stevinsonmercedca,Stevinson,Merced,CA
3620537,2014-07-31,stevinsonmercedca,,,,,,,,,,,,,,,,,,,,,,,,,,,,,,,,,,,,,,,,,,,,,,,,,,,,,,,,,,,,,,,,,,,6.6667,,,,,,,,,,,,,,,,,stevinsonmercedca,Stevinson,Merced,CA
3620538,2014-08-31,stevinsonmercedca,,,,,,,,,,,,,,,,,,,,,,,,,,,,,,,,,,,,,,,,,,,,,,,,,,,,,,,,,,,,,,,,,,,5.5556,,,,,,,,,,,,,,,,,stevinsonmercedca,Stevinson,Merced,CA
3620539,2014-09-30,stevinsonmercedca,,,,,,,,,,,,,,,,,,,,,,,,,,,,,,,,,,,,,,,,,,,,,,,,,,,,,,,,,,,,,,,,,,,5.5556,,,,,,,,,,,,,,,,,stevinsonmercedca,Stevinson,Merced,CA
3620540,2014-10-31,stevinsonmercedca,,,,,,,,,,,,,,,,,,,,,,,,,,,,,,,,,,,,,,,,,,,,,,,,,,,,,,,,,,,,,,,,,,,5.5556,,,,,,,,,,,,,,,,,stevinsonmercedca,Stevinson,Merced,CA
3620541,2014-11-30,stevinsonmercedca,,,,,,,,,,,,,,,,,,,,,,,,,,,,,,,,,,,,,,,,,,,,,,,,,,,,,,,,,,,,,,,,,,,4.4444,,,,,,,,,,,,,,,,,stevinsonmercedca,Stevinson,Merced,CA
3620542,2014-12-31,stevinsonmercedca,,,,,,,,,,,,,,,,,,,,,,,,,,,,,,,,,,,,,,,,,,,,,,,,,,,,,,,,,,,,,,,,,,,4.4444,,,,,,,,,,,,,,,,,stevinsonmercedca,Stevinson,Merced,CA
3620543,2015-01-31,stevinsonmercedca,,,,,,,,,,,,,,,,,,,,,,,,,,,,,,,,,,,,,,,,,,,,,,,,,,,,,,,,,,,,,,,,,,,6.6667,,,,,,,,,,,,,,,,,stevinsonmercedca,Stevinson,Merced,CA
3620544,2015-02-28,stevinsonmercedca,,,,,,,,,,,,,,,,,,,,,,,,,,,,,,,,,,,,,,,,,,,,,,,,,,,,,,,,,,,,,,,,,,,6.6667,,,,,,,,,,,,,,,,,stevinsonmercedca,Stevinson,Merced,CA
3620545,2015-03-31,stevinsonmercedca,,,,,,,,,,,,,,,,,,,,,,,,,,,,,,,,,,,,,,,,,,,,,,,,,,,,,,,,,,,,,,,,,,,6.6667,,,,,,,,,,,,,,,,,stevinsonmercedca,Stevinson,Merced,CA
3620546,2015-04-30,stevinsonmercedca,,,,,,,,,,,,,,,,,,,,,,,,,,,,,,,,,,,,,,,,,,,,,,,,,,,,,,,,,,,,,,,,,,,6.6667,,,,,,,,,,,,,,,,,stevinsonmercedca,Stevinson,Merced,CA
3620547,2015-05-31,stevinsonmercedca,,,,,,,,,,,,,,,,,,,,,,,,,,,,,,,,,,,,,,,,,,,,,,,,,,,,,,,,,,,,,,,,,,,4.4444,,,,,,,,,,,,,,,,,stevinsonmercedca,Stevinson,Merced,CA
3620548,2015-06-30,stevinsonmercedca,,,,,,,,,,,,,,,,,,,,,,,,,,,,,,,,,,,,,,,,,,,,,,,,,,,,,,,,,,,,,,,,,,,4.4444,,,,,,,,,,,,,,,,,stevinsonmercedca,Stevinson,Merced,CA
3620549,2015-07-31,stevinsonmercedca,,,,,,,,,,,,,,,,,,,,,,,,,,,,,,,,,,,,,,,,,,,,,,,,,,,,,,,,,,,,,,,,,,,4.4444,,,,,,,,,,,,,,,,,stevinsonmercedca,Stevinson,Merced,CA
3620550,2015-08-31,stevinsonmercedca,,,,,,,,,,,,,,,,,,,,,,,,,,,,,,,,,,,,,,,,,,,,,,,,,,,,,,,,,,,,,,,,,,,4.4444,,,,,,,,,,,,,,,,,stevinsonmercedca,Stevinson,Merced,CA
3620551,2015-09-30,stevinsonmercedca,,,,,,,,,,,,,,,,,,,,,,,,,,,,,,,,,,,,,,,,,,,,,,,,,,,,,,,,,,,,,,,,,,,4.4444,,,,,,,,,,,,,,,,,stevinsonmercedca,Stevinson,Merced,CA
3620552,2015-10-31,stevinsonmercedca,,,,,,,,,,,,,,,,,,,,,,,,,,,,,,,,,,,,,,,,,,,,,,,,,,,,,,,,,,,,,,,,,,,4.4444,,,,,,,,,,,,,,,,,stevinsonmercedca,Stevinson,Merced,CA
3620553,2015-11-30,stevinsonmercedca,,,,,,,,,,,,,,,,,,,,,,,,,,,,,,,,,,,,,,,,,,,,,,,,,,,,,,,,,,,,,,,,,,,3.3333,,,,,,,,,,,,,,,,,stevinsonmercedca,Stevinson,Merced,CA
3620554,2015-12-31,stevinsonmercedca,384.6154,,,,,,,,,,,,,,,,,,,,,,,,,,,,,,,,,,,,,,,,,,,,,,,,,,,,,,,,,,,,,,,,,,4.4444,,,,,,,,,,,,,,,,,stevinsonmercedca,Stevinson,Merced,CA
3620555,2016-01-31,stevinsonmercedca,,,,,,,,,,,,,,,,,,,,,,,,,,,,,,,,,,,,,,,,,,,,,,,,,,,,,,,,,,,,,,,,,,,2.2222,,,,,,,,,,,,,,,,,stevinsonmercedca,Stevinson,Merced,CA
3620556,2016-02-29,stevinsonmercedca,,,,,,,,,,,,,,,,,,,,,,,,,,,,,,,,,,,,,,,,,,,,,,,,,,,,,,,,,,,,,,,,,,,2.2222,,,,,,,,,,,,,,,,,stevinsonmercedca,Stevinson,Merced,CA
3620557,2016-03-31,stevinsonmercedca,,,,,,,,,,,,,,,,,,,,,,,,,,,,,,,,,,,,,,,,,,,,,,,,,,,,,,,,,,,,,,,,,,,1.1111,,,,,,,,,,,,,,,,,stevinsonmercedca,Stevinson,Merced,CA
3620558,2016-04-30,stevinsonmercedca,,,,,,,,,,,,,,,,,,,,,,,,,,,,,,,,,,,,,,,,,,,,,,,,,,,,,,,,,,,,,,,,,,,1.1111,,,,,,,,,,,,,,,,,stevinsonmercedca,Stevinson,Merced,CA
3620559,2016-05-31,stevinsonmercedca,,,,,,,,,,,,,,,,,,,,,,,,,,,,,,,,,,,,,,,,,,,,,,,,,,,,,,,,,,,,,,,,,,,1.1111,,,,,,,,,,,,,,,,,stevinsonmercedca,Stevinson,Merced,CA
3620560,2016-06-30,stevinsonmercedca,,,,,,,,,,,,,,,,,,,,,,,,,,,,,,,,,,,,,,,,,,,,,,,,,,,,,,,,,,,,,,,,,,,3.3333,,,,,,,,,,,,,,,,,stevinsonmercedca,Stevinson,Merced,CA
3620561,2016-07-31,stevinsonmercedca,,,,,,,,,,,,,,,,,,,,,,,,,,,,,,,,,,,,,,,,,,,,,,,,,,,,,,,,,,,,,,,,,,,3.3333,,,,,,,,,,,,,,,,,stevinsonmercedca,Stevinson,Merced,CA
3620562,2016-08-31,stevinsonmercedca,,,,,,,,,,,,,,,,,,,,,,,,,,,,,,,,,,,,,,,,,,,,,,,,,,,,,,,,,,,,,,,,,,,3.3333,,,,,,,,,,,,,,,,,stevinsonmercedca,Stevinson,Merced,CA
3620563,2016-09-30,stevinsonmercedca,,,,,,,,,,,,,,,,,,,,,,,,,,,,,,,,,,,,,,,,,,,,,,,,,,,,,,,,,,,,,,,,,,,3.3333,,,,,,,,,,,,,,,,,stevinsonmercedca,Stevinson,Merced,CA
3620564,2016-10-31,stevinsonmercedca,,,,,,,,,,,,,,,,,,,,,,,,,,,,,,,,,,,,,,,,,,,,,,,,,,,,,,,,,,,,,,,,,,,3.3333,,,,,,,,,,,,,,,,,stevinsonmercedca,Stevinson,Merced,CA
3620565,2016-11-30,stevinsonmercedca,,,,,,,,,,,,,,,,,,,,,,,,,,,,,,,,,,,,,,,,,,,,,,,,,,,,,,,,,,,,,,,,,,,3.3333,,,,,,,,,,,,,,,,,stevinsonmercedca,Stevinson,Merced,CA
3620566,2016-12-31,stevinsonmercedca,,,,,,,,,,,,,,,,,,,,,,,,,,,,,,,,,,,,,,,,,,,,,,,,,,,,,,,,,,,,,,,,,,,3.3333,,,,,,,,,,,,,,,,,stevinsonmercedca,Stevinson,Merced,CA
3620567,2017-01-31,stevinsonmercedca,,,,,,,,,,,,,,,,,,,,,,,,,,,,,,,,,,,,,,,,,,,,,,,,,,,,,,,,,,,,,,,,,,,2.2222,,,,,,,,,,,,,,,,,stevinsonmercedca,Stevinson,Merced,CA
3620568,2017-02-28,stevinsonmercedca,,,,,,,,,,,,,,,,,,,,,,,,,,,,,,,,,,,,,,,,,,,,,,,,,,,,,,,,,,,,,,,,,,,2.2222,,,,,,,,,,,,,,,,,stevinsonmercedca,Stevinson,Merced,CA
3620569,2017-03-31,stevinsonmercedca,,,,,,,,,,,,,,,,,,,,,,,,,,,,,,,,,,,,,,,,,,,,,,,,,,,,,,,,,,,,,,,,,,,2.2222,,,,,,,,,,,,,,,,,stevinsonmercedca,Stevinson,Merced,CA
3620570,2017-04-30,stevinsonmercedca,,,,,,,,,,,,,,,,,,,,,,,,,,,,,,,,,,,,,,,,,,,,,,,,,,,,,,,,,,,,,,,,,,,2.2222,,,,,,,,,,,,,,,,,stevinsonmercedca,Stevinson,Merced,CA
3620571,2017-05-31,stevinsonmercedca,,,,,,,,,,,,,,,,,,,,,,,,,,,,,,,,,,,,,,,,,,,,,,,,,,,,,,,,,,,,,,,,,,,2.2222,,,,,,,,,,,,,,,,,stevinsonmercedca,Stevinson,Merced,CA
3694381,2009-09-30,el_nidomercedca,454.5455,,,,,,,,,,,,,,,,,,,,,,,,,,,,,,,,,,,,,,,,,,,,,,,,,,,,,,,,,,,,,,,,,,,,,,,,,,,,,,,,,,,el_nidomercedca,El Nido,Merced,CA
3694382,2010-01-31,el_nidomercedca,454.5455,,,,,,,,,,,,,,,,,,,,,,,,,,,,,,,,,,,,,,,,,,,,,,,,,,,,,,,,,,,,,,,,,,,,,,,,,,,,,,,,,,,el_nidomercedca,El Nido,Merced,CA
3694383,2012-04-30,el_nidomercedca,,,,,,,,,,,,,,,,,,,,,,,,,,,,,,,,,,,,,,,,,,,,,,,,,,,,,,,,,,,,,,,,,,,2.9412,,,,,,,,,,,,,,,,,el_nidomercedca,El Nido,Merced,CA
3694384,2013-05-31,el_nidomercedca,,,,,,,,,,,,,,,,,,,,,,,,,,,,,,,,,,,,,,,,,,,,,,,,,,,,,,,,,,,,,,,,,,,6.8966,,,,,,,,,,,,,,,,,el_nidomercedca,El Nido,Merced,CA
3694385,2013-06-30,el_nidomercedca,,,,,,,,,,,,,,,,,,,,,,,,,,,,,,,,,,,,,,,,,,,,,,,,,,,,,,,,,,,,,,,,,,,6.8966,,,,,,,,,,,,,,,,,el_nidomercedca,El Nido,Merced,CA
3694386,2013-07-31,el_nidomercedca,,,,,,,,,,,,,,,,,,,,,,,,,,,,,,,,,,,,,,,,,,,,,,,,,,,,,,,,,,,,,,,,,,,7.1429,,,,,,,,,,,,,,,,,el_nidomercedca,El Nido,Merced,CA
3694387,2013-08-31,el_nidomercedca,,,,,,,,,,,,,,,,,,,,,,,,,,,,,,,,,,,,,,,,,,,,,,,,,,,,,,,,,,,,,,,,,,,7.1429,,,,,,,,,,,,,,,,,el_nidomercedca,El Nido,Merced,CA
3694388,2013-09-30,el_nidomercedca,,,,,,,,,,,,,,,,,,,,,,,,,,,,,,,,,,,,,,,,,,,,,,,,,,,,,,,,,,,,,,,,,,,7.1429,,,,,,,,,,,,,,,,,el_nidomercedca,El Nido,Merced,CA
3694389,2013-10-31,el_nidomercedca,,,,,,,,,,,,,,,,,,,,,,,,,,,,,,,,,,,,,,,,,,,,,,,,,,,,,,,,,,,,,,,,,,,6.8966,,,,,,,,,,,,,,,,,el_nidomercedca,El Nido,Merced,CA
3694390,2013-11-30,el_nidomercedca,,,,,,,,,,,,,,,,,,,,,,,,,,,,,,,,,,,,,,,,,,,,,,,,,,,,,,,,,,,,,,,,,,,6.8966,,,,,,,,,,,,,,,,,el_nidomercedca,El Nido,Merced,CA
3694391,2013-12-31,el_nidomercedca,,,,,,,,,,,,,,,,,,,,,,,,,,,,,,,,,,,,,,,,,,,,,,,,,,,,,,,,,,,,,,,,,,,6.8966,,,,,,,,,,,,,,,,,el_nidomercedca,El Nido,Merced,CA
3694392,2014-01-31,el_nidomercedca,,,,,,,,,,,,,,,,,,,,,,,,,,,,,,,,,,,,,,,,,,,,,,,,,,,,,,,,,,,,,,,,,,,10.3448,,,,,,,,,,,,,,,,,el_nidomercedca,El Nido,Merced,CA
3694393,2014-02-28,el_nidomercedca,,,,,,,,,,,,,,,,,,,,,,,,,,,,,,,,,,,,,,,,,,,,,,,,,,,,,,,,,,,,,,,,,,,10.3448,,,,,,,,,,,,,,,,,el_nidomercedca,El Nido,Merced,CA
3694394,2014-03-31,el_nidomercedca,,,,,,,,,,,,,,,,,,,,,,,,,,,,,,,,,,,,,,,,,,,,,,,,,,,,,,,,,,,,,,,,,,,13.7931,,,,,,,,,,,,,,,,,el_nidomercedca,El Nido,Merced,CA
3694395,2014-04-30,el_nidomercedca,,,,,,,,,,,,,,,,,,,,,,,,,,,,,,,,,,,,,,,,,,,,,,,,,,,,,,,,,,,,,,,,,,,13.7931,,,,,,,,,,,,,,,,,el_nidomercedca,El Nido,Merced,CA
3694396,2014-05-31,el_nidomercedca,,,,,,,,,,,,,,,,,,,,,,,,,,,,,,,,,,,,,,,,,,,,,,,,,,,,,,,,,,,,,,,,,,,6.8966,,,,,,,,,,,,,,,,,el_nidomercedca,El Nido,Merced,CA
3694397,2014-06-30,el_nidomercedca,,,,,,,,,,,,,,,,,,,,,,,,,,,,,,,,,,,,,,,,,,,,,,,,,,,,,,,,,,,,,,,,,,,6.8966,,,,,,,,,,,,,,,,,el_nidomercedca,El Nido,Merced,CA
3694398,2014-07-31,el_nidomercedca,,,,,,,,,,,,,,,,,,,,,,,,,,,,,,,,,,,,,,,,,,,,,,,,,,,,,,,,,,,,,,,,,,,6.8966,,,,,,,,,,,,,,,,,el_nidomercedca,El Nido,Merced,CA
3694399,2014-08-31,el_nidomercedca,,,,,,,,,,,,,,,,,,,,,,,,,,,,,,,,,,,,,,,,,,,,,,,,,,,,,,,,,,,,,,,,,,,6.8966,,,,,,,,,,,,,,,,,el_nidomercedca,El Nido,Merced,CA
3694400,2014-09-30,el_nidomercedca,,,,,,,,,,,,,,,,,,,,,,,,,,,,,,,,,,,,,,,,,,,,,,,,,,,,,,,,,,,,,,,,,,,6.8966,,,,,,,,,,,,,,,,,el_nidomercedca,El Nido,Merced,CA
3694401,2014-10-31,el_nidomercedca,,,,,,,,,,,,,,,,,,,,,,,,,,,,,,,,,,,,,,,,,,,,,,,,,,,,,,,,,,,,,,,,,,,10.3448,,,,,,,,,,,,,,,,,el_nidomercedca,El Nido,Merced,CA
3694402,2014-11-30,el_nidomercedca,,,,,,,,,,,,,,,,,,,,,,,,,,,,,,,,,,,,,,,,,,,,,,,,,,,,,,,,,,,,,,,,,,,10.3448,,,,,,,,,,,,,,,,,el_nidomercedca,El Nido,Merced,CA
3694403,2014-12-31,el_nidomercedca,,,,,,,,,,,,,,,,,,,,,,,,,,,,,,,,,,,,,,,,,,,,,,,,,,,,,,,,,,,,,,,,,,,10.3448,,,,,,,,,,,,,,,,,el_nidomercedca,El Nido,Merced,CA
3694404,2015-01-31,el_nidomercedca,,,,,,,,,,,,,,,,,,,,,,,,,,,,,,,,,,,,,,,,,,,,,,,,,,,,,,,,,,,,,,,,,,,6.8966,,,,,,,,,,,,,,,,,el_nidomercedca,El Nido,Merced,CA
3694405,2015-02-28,el_nidomercedca,,,,,,,,,,,,,,,,,,,,,,,,,,,,,,,,,,,,,,,,,,,,,,,,,,,,,,,,,,,,,,,,,,,6.8966,,,,,,,,,,,,,,,,,el_nidomercedca,El Nido,Merced,CA
3694406,2015-03-31,el_nidomercedca,,,,,,,,,,,,,,,,,,,,,,,,,,,,,,,,,,,,,,,,,,,,,,,,,,,,,,,,,,,,,,,,,,,3.4483,,,,,,,,,,,,,,,,,el_nidomercedca,El Nido,Merced,CA
3694407,2015-04-30,el_nidomercedca,,,,,,,,,,,,,,,,,,,,,,,,,,,,,,,,,,,,,,,,,,,,,,,,,,,,,,,,,,,,,,,,,,,3.4483,,,,,,,,,,,,,,,,,el_nidomercedca,El Nido,Merced,CA
3694408,2015-05-31,el_nidomercedca,,,,,,,,,,,,,,,,,,,,,,,,,,,,,,,,,,,,,,,,,,,,,,,,,,,,,,,,,,,,,,,,,,,3.4483,,,,,,,,,,,,,,,,,el_nidomercedca,El Nido,Merced,CA
3694409,2015-06-30,el_nidomercedca,,,,,,,,,,,,,,,,,,,,,,,,,,,,,,,,,,,,,,,,,,,,,,,,,,,,,,,,,,,,,,,,,,,3.4483,,,,,,,,,,,,,,,,,el_nidomercedca,El Nido,Merced,CA
3694410,2015-07-31,el_nidomercedca,,,,,,,,,,,,,,,,,,,,,,,,,,,,,,,,,,,,,,,,,,,,,,,,,,,,,,,,,,,,,,,,,,,3.4483,,,,,,,,,,,,,,,,,el_nidomercedca,El Nido,Merced,CA
3694411,2015-08-31,el_nidomercedca,,,,,,,,,,,,,,,,,,,,,,,,,,,,,,,,,,,,,,,,,,,,,,,,,,,,,,,,,,,,,,,,,,,3.4483,,,,,,,,,,,,,,,,,el_nidomercedca,El Nido,Merced,CA
3694412,2015-09-30,el_nidomercedca,,,,,,,,,,,,,,,,,,,,,,,,,,,,,,,,,,,,,,,,,,,,,,,,,,,,,,,,,,,,,,,,,,,3.4483,,,,,,,,,,,,,,,,,el_nidomercedca,El Nido,Merced,CA
3912158,2011-05-31,cresseymercedca,833.3333,,,,,,,,,,,,,,,,,,,,,,,,,,,,,,,,,,,,,,,,,,,,,,,,,,,,,,,,,,,,,,,,,,,,,,,,,,,,,,,,,,,cresseymercedca,Cressey,Merced,CA
3912159,2011-07-31,cresseymercedca,833.3333,,,,,,,,,,,,,,,,,,,,,,,,,,,,,,,,,,,,,,,,,,,,,,,,,,,,,,,,,,,,,,,,,,,,,,,,,,,,,,,,,,,cresseymercedca,Cressey,Merced,CA
3912160,2012-04-30,cresseymercedca,,,,,,,,,,,,,,,,,,,,,,,,,,,,,,,,,,,,,,,,,,,,,,,,,,,,,,,,,,,,,,,,,,,11.1111,,,,,,,,,,,,,,,,,cresseymercedca,Cressey,Merced,CA
3912161,2012-05-31,cresseymercedca,,,,,,,,,,,,,,,,,,,,,,,,,,,,,,,,,,,,,,,,,,,,,,,,,,,,,,,,,,,,,,,,,,,7.4074,,,,,,,,,,,,,,,,,cresseymercedca,Cressey,Merced,CA
3912162,2012-06-30,cresseymercedca,,,,,,,,,,,,,,,,,,,,,,,,,,,,,,,,,,,,,,,,,,,,,,,,,,,,,,,,,,,,,,,,,,,11.1111,,,,,,,,,,,,,,,,,cresseymercedca,Cressey,Merced,CA
3912163,2012-07-31,cresseymercedca,,,,,,,,,,,,,,,,,,,,,,,,,,,,,,,,,,,,,,,,,,,,,,,,,,,,,,,,,,,,,,,,,,,11.1111,,,,,,,,,,,,,,,,,cresseymercedca,Cressey,Merced,CA
3912164,2012-08-31,cresseymercedca,,,,,,,,,,,,,,,,,,,,,,,,,,,,,,,,,,,,,,,,,,,,,,,,,,,,,,,,,,,,,,,,,,,11.1111,,,,,,,,,,,,,,,,,cresseymercedca,Cressey,Merced,CA
3912165,2012-09-30,cresseymercedca,,,,,,,,,,,,,,,,,,,,,,,,,,,,,,,,,,,,,,,,,,,,,,,,,,,,,,,,,,,,,,,,,,,12.0,,,,,,,,,,,,,,,,,cresseymercedca,Cressey,Merced,CA
3912166,2012-10-31,cresseymercedca,,,,,,,,,,,,,,,,,,,,,,,,,,,,,,,,,,,,,,,,,,,,,,,,,,,,,,,,,,,,,,,,,,,8.0,,,,,,,,,,,,,,,,,cresseymercedca,Cressey,Merced,CA
3912167,2012-11-30,cresseymercedca,,,,,,,,,,,,,,,,,,,,,,,,,,,,,,,,,,,,,,,,,,,,,,,,,,,,,,,,,,,,,,,,,,,4.0,,,,,,,,,,,,,,,,,cresseymercedca,Cressey,Merced,CA
3912168,2012-12-31,cresseymercedca,,,,,,,,,,,,,,,,,,,,,,,,,,,,,,,,,,,,,,,,,,,,,,,,,,,,,,,,,,,,,,,,,,,4.0,,,,,,,,,,,,,,,,,cresseymercedca,Cressey,Merced,CA
3912169,2013-01-31,cresseymercedca,,,,,,,,,,,,,,,,,,,,,,,,,,,,,,,,,,,,,,,,,,,,,,,,,,,,,,,,,,,,,,,,,,,4.0,,,,,,,,,,,,,,,,,cresseymercedca,Cressey,Merced,CA
3912170,2013-02-28,cresseymercedca,,,,,,,,,,,,,,,,,,,,,,,,,,,,,,,,,,,,,,,,,,,,,,,,,,,,,,,,,,,,,,,,,,,4.0,,,,,,,,,,,,,,,,,cresseymercedca,Cressey,Merced,CA
3912171,2013-03-31,cresseymercedca,,,,,,,,,,,,,,,,,,,,,,,,,,,,,,,,,,,,,,,,,,,,,,,,,,,,,,,,,,,,,,,,,,,4.0,,,,,,,,,,,,,,,,,cresseymercedca,Cressey,Merced,CA
3912172,2013-04-30,cresseymercedca,,,,,,,,,,,,,,,,,,,,,,,,,,,,,,,,,,,,,,,,,,,,,,,,,,,,,,,,,,,,,,,,,,,4.0,,,,,,,,,,,,,,,,,cresseymercedca,Cressey,Merced,CA
3912173,2013-05-31,cresseymercedca,,,,,,,,,,,,,,,,,,,,,,,,,,,,,,,,,,,,,,,,,,,,,,,,,,,,,,,,,,,,,,,,,,,4.0,,,,,,,,,,,,,,,,,cresseymercedca,Cressey,Merced,CA
3912174,2013-10-31,cresseymercedca,,,,,,,,,,,,,,,,,,,,,,,,,,,,,,,,,,,,,,,,,,,,,,,,,,,,,,,,,,,,,,,,,,,4.0,,,,,,,,,,,,,,,,,cresseymercedca,Cressey,Merced,CA
3912175,2013-11-30,cresseymercedca,,,,,,,,,,,,,,,,,,,,,,,,,,,,,,,,,,,,,,,,,,,,,,,,,,,,,,,,,,,,,,,,,,,4.0,,,,,,,,,,,,,,,,,cresseymercedca,Cressey,Merced,CA
3912176,2013-12-31,cresseymercedca,,,,,,,,,,,,,,,,,,,,,,,,,,,,,,,,,,,,,,,,,,,,,,,,,,,,,,,,,,,,,,,,,,,4.0,,,,,,,,,,,,,,,,,cresseymercedca,Cressey,Merced,CA
3912177,2014-01-31,cresseymercedca,,,,,,,,,,,,,,,,,,,,,,,,,,,,,,,,,,,,,,,,,,,,,,,,,,,,,,,,,,,,,,,,,,,4.0,,,,,,,,,,,,,,,,,cresseymercedca,Cressey,Merced,CA
3912178,2014-02-28,cresseymercedca,,,,,,,,,,,,,,,,,,,,,,,,,,,,,,,,,,,,,,,,,,,,,,,,,,,,,,,,,,,,,,,,,,,4.0,,,,,,,,,,,,,,,,,cresseymercedca,Cressey,Merced,CA
3912179,2014-03-31,cresseymercedca,,,,,,,,,,,,,,,,,,,,,,,,,,,,,,,,,,,,,,,,,,,,,,,,,,,,,,,,,,,,,,,,,,,4.0,,,,,,,,,,,,,,,,,cresseymercedca,Cressey,Merced,CA
3912180,2014-04-30,cresseymercedca,,,,,,,,,,,,,,,,,,,,,,,,,,,,,,,,,,,,,,,,,,,,,,,,,,,,,,,,,,,,,,,,,,,4.0,,,,,,,,,,,,,,,,,cresseymercedca,Cressey,Merced,CA
3912181,2014-05-31,cresseymercedca,,,,,,,,,,,,,,,,,,,,,,,,,,,,,,,,,,,,,,,,,,,,,,,,,,,,,,,,,,,,,,,,,,,4.0,,,,,,,,,,,,,,,,,cresseymercedca,Cressey,Merced,CA
3912182,2014-06-30,cresseymercedca,,,,,,,,,,,,,,,,,,,,,,,,,,,,,,,,,,,,,,,,,,,,,,,,,,,,,,,,,,,,,,,,,,,4.0,,,,,,,,,,,,,,,,,cresseymercedca,Cressey,Merced,CA
3912183,2014-07-31,cresseymercedca,,,,,,,,,,,,,,,,,,,,,,,,,,,,,,,,,,,,,,,,,,,,,,,,,,,,,,,,,,,,,,,,,,,4.0,,,,,,,,,,,,,,,,,cresseymercedca,Cressey,Merced,CA
3912184,2014-10-31,cresseymercedca,833.3333,,,,,,,,,,,,,,,,,,,,,,,,,,,,,,,,,,,,,,,,,,,,,,,,,,,,,,,,,,,,,,,,,,4.0,,,,,,,,,,,,,,,,,cresseymercedca,Cressey,Merced,CA
3912185,2014-11-30,cresseymercedca,,,,,,,,,,,,,,,,,,,,,,,,,,,,,,,,,,,,,,,,,,,,,,,,,,,,,,,,,,,,,,,,,,,4.0,,,,,,,,,,,,,,,,,cresseymercedca,Cressey,Merced,CA
3912186,2014-12-31,cresseymercedca,,,,,,,,,,,,,,,,,,,,,,,,,,,,,,,,,,,,,,,,,,,,,,,,,,,,,,,,,,,,,,,,,,,4.0,,,,,,,,,,,,,,,,,cresseymercedca,Cressey,Merced,CA
3912187,2015-01-31,cresseymercedca,,,,,,,,,,,,,,,,,,,,,,,,,,,,,,,,,,,,,,,,,,,,,,,,,,,,,,,,,,,,,,,,,,,4.0,,,,,,,,,,,,,,,,,cresseymercedca,Cressey,Merced,CA
3912188,2015-02-28,cresseymercedca,,,,,,,,,,,,,,,,,,,,,,,,,,,,,,,,,,,,,,,,,,,,,,,,,,,,,,,,,,,,,,,,,,,4.0,,,,,,,,,,,,,,,,,cresseymercedca,Cressey,Merced,CA
3912189,2015-03-31,cresseymercedca,,,,,,,,,,,,,,,,,,,,,,,,,,,,,,,,,,,,,,,,,,,,,,,,,,,,,,,,,,,,,,,,,,,4.0,,,,,,,,,,,,,,,,,cresseymercedca,Cressey,Merced,CA
3912190,2015-04-30,cresseymercedca,,,,,,,,,,,,,,,,,,,,,,,,,,,,,,,,,,,,,,,,,,,,,,,,,,,,,,,,,,,,,,,,,,,4.0,,,,,,,,,,,,,,,,,cresseymercedca,Cressey,Merced,CA
3912191,2015-05-31,cresseymercedca,,,,,,,,,,,,,,,,,,,,,,,,,,,,,,,,,,,,,,,,,,,,,,,,,,,,,,,,,,,,,,,,,,,4.0,,,,,,,,,,,,,,,,,cresseymercedca,Cressey,Merced,CA
3912192,2015-06-30,cresseymercedca,,,,,,,,,,,,,,,,,,,,,,,,,,,,,,,,,,,,,,,,,,,,,,,,,,,,,,,,,,,,,,,,,,,4.0,,,,,,,,,,,,,,,,,cresseymercedca,Cressey,Merced,CA
3912193,2015-07-31,cresseymercedca,,,,,,,,,,,,,,,,,,,,,,,,,,,,,,,,,,,,,,,,,,,,,,,,,,,,,,,,,,,,,,,,,,,4.0,,,,,,,,,,,,,,,,,cresseymercedca,Cressey,Merced,CA
3912194,2015-08-31,cresseymercedca,,,,,,,,,,,,,,,,,,,,,,,,,,,,,,,,,,,,,,,,,,,,,,,,,,,,,,,,,,,,,,,,,,,4.0,,,,,,,,,,,,,,,,,cresseymercedca,Cressey,Merced,CA
3912195,2015-09-30,cresseymercedca,,,,,,,,,,,,,,,,,,,,,,,,,,,,,,,,,,,,,,,,,,,,,,,,,,,,,,,,,,,,,,,,,,,4.0,,,,,,,,,,,,,,,,,cresseymercedca,Cressey,Merced,CA
3912196,2015-10-31,cresseymercedca,,,,,,,,,,,,,,,,,,,,,,,,,,,,,,,,,,,,,,,,,,,,,,,,,,,,,,,,,,,,,,,,,,,4.0,,,,,,,,,,,,,,,,,cresseymercedca,Cressey,Merced,CA
3912197,2015-11-30,cresseymercedca,,,,,,,,,,,,,,,,,,,,,,,,,,,,,,,,,,,,,,,,,,,,,,,,,,,,,,,,,,,,,,,,,,,4.0,,,,,,,,,,,,,,,,,cresseymercedca,Cressey,Merced,CA
3912198,2015-12-31,cresseymercedca,,,,,,,,,,,,,,,,,,,,,,,,,,,,,,,,,,,,,,,,,,,,,,,,,,,,,,,,,,,,,,,,,,,4.0,,,,,,,,,,,,,,,,,cresseymercedca,Cressey,Merced,CA
3912199,2016-01-31,cresseymercedca,,,,,,,,,,,,,,,,,,,,,,,,,,,,,,,,,,,,,,,,,,,,,,,,,,,,,,,,,,,,,,,,,,,4.0,,,,,,,,,,,,,,,,,cresseymercedca,Cressey,Merced,CA
3912200,2016-02-29,cresseymercedca,,,,,,,,,,,,,,,,,,,,,,,,,,,,,,,,,,,,,,,,,,,,,,,,,,,,,,,,,,,,,,,,,,,4.0,,,,,,,,,,,,,,,,,cresseymercedca,Cressey,Merced,CA
3912201,2016-03-31,cresseymercedca,,,,,,,,,,,,,,,,,,,,,,,,,,,,,,,,,,,,,,,,,,,,,,,,,,,,,,,,,,,,,,,,,,,8.0,,,,,,,,,,,,,,,,,cresseymercedca,Cressey,Merced,CA
3912202,2016-04-30,cresseymercedca,,,,,,,,,,,,,,,,,,,,,,,,,,,,,,,,,,,,,,,,,,,,,,,,,,,,,,,,,,,,,,,,,,,4.0,,,,,,,,,,,,,,,,,cresseymercedca,Cressey,Merced,CA
3912203,2016-05-31,cresseymercedca,,,,,,,,,,,,,,,,,,,,,,,,,,,,,,,,,,,,,,,,,,,,,,,,,,,,,,,,,,,,,,,,,,,8.0,,,,,,,,,,,,,,,,,cresseymercedca,Cressey,Merced,CA
3912204,2016-06-30,cresseymercedca,,,,,,,,,,,,,,,,,,,,,,,,,,,,,,,,,,,,,,,,,,,,,,,,,,,,,,,,,,,,,,,,,,,8.0,,,,,,,,,,,,,,,,,cresseymercedca,Cressey,Merced,CA
3912205,2016-07-31,cresseymercedca,,,,,,,,,,,,,,,,,,,,,,,,,,,,,,,,,,,,,,,,,,,,,,,,,,,,,,,,,,,,,,,,,,,8.0,,,,,,,,,,,,,,,,,cresseymercedca,Cressey,Merced,CA
3912206,2016-08-31,cresseymercedca,,,,,,,,,,,,,,,,,,,,,,,,,,,,,,,,,,,,,,,,,,,,,,,,,,,,,,,,,,,,,,,,,,,8.0,,,,,,,,,,,,,,,,,cresseymercedca,Cressey,Merced,CA
3912207,2016-09-30,cresseymercedca,,,,,,,,,,,,,,,,,,,,,,,,,,,,,,,,,,,,,,,,,,,,,,,,,,,,,,,,,,,,,,,,,,,8.0,,,,,,,,,,,,,,,,,cresseymercedca,Cressey,Merced,CA
3912208,2016-10-31,cresseymercedca,,,,,,,,,,,,,,,,,,,,,,,,,,,,,,,,,,,,,,,,,,,,,,,,,,,,,,,,,,,,,,,,,,,8.0,,,,,,,,,,,,,,,,,cresseymercedca,Cressey,Merced,CA
3912209,2016-11-30,cresseymercedca,,,,,,,,,,,,,,,,,,,,,,,,,,,,,,,,,,,,,,,,,,,,,,,,,,,,,,,,,,,,,,,,,,,8.0,,,,,,,,,,,,,,,,,cresseymercedca,Cressey,Merced,CA
3912210,2016-12-31,cresseymercedca,,,,,,,,,,,,,,,,,,,,,,,,,,,,,,,,,,,,,,,,,,,,,,,,,,,,,,,,,,,,,,,,,,,8.0,,,,,,,,,,,,,,,,,cresseymercedca,Cressey,Merced,CA
3912211,2017-01-31,cresseymercedca,,,,,,,,,,,,,,,,,,,,,,,,,,,,,,,,,,,,,,,,,,,,,,,,,,,,,,,,,,,,,,,,,,,8.0,,,,,,,,,,,,,,,,,cresseymercedca,Cressey,Merced,CA
3912212,2017-02-28,cresseymercedca,,,,,,,,,,,,,,,,,,,,,,,,,,,,,,,,,,,,,,,,,,,,,,,,,,,,,,,,,,,,,,,,,,,8.0,,,,,,,,,,,,,,,,,cresseymercedca,Cressey,Merced,CA
3912213,2017-03-31,cresseymercedca,,,,,,,,,,,,,,,,,,,,,,,,,,,,,,,,,,,,,,,,,,,,,,,,,,,,,,,,,,,,,,,,,,,4.0,,,,,,,,,,,,,,,,,cresseymercedca,Cressey,Merced,CA
3912214,2017-04-30,cresseymercedca,,,,,,,,,,,,,,,,,,,,,,,,,,,,,,,,,,,,,,,,,,,,,,,,,,,,,,,,,,,,,,,,,,,4.0,,,,,,,,,,,,,,,,,cresseymercedca,Cressey,Merced,CA
